0,0,0,0,0,0,0,0,0,0,0,0,0,0,0,0,0,0,0,0,0,0,0,0,0,0,0,0,0,0,0,0,0,0,0,0,0,0,0,0,0,0,0,0,0,0,0,0,0,0,0,0,0,0,0,0,0,0,0,0,0,0,0,0,0,0,0,0,0,0,0,0,0,0,0,0,0,0,0,0,0,0,0,0,0,0,0,0,0,0,0,0,0,0,0,0,0,0,0,0,0,0,0,0,0,0,0,0,0,0,0,0,0,0,0,0,0,0,0,0,0,0,0,0,0,0,0,0,0,0,0,0,0,0,0,0,0,0,0,0,0,0,0,0,0,0,0,0,0,0,0,0,0,0,0,0,0,0,0,0,0,0,0,0,0,0,0,0,0,0,0,0,0,0,0,0,0,0,0,0,0,0,0,0,0,0,0,0,0,0,0,0,0,0,0,0,0,0
0,0,0,0,0,0,0,0,0,0,0,0,0,0,0,0,0,0,0,0,0,0,0,0,0,0,0,0,0,0,0,0,0,0,0,0,0,0,0,0,0,0,0,0,0,0,0,0,0,0,0,0,0,0,0,0,0,0,0,0,0,0,0,0,0,0,0,0,0,0,0,0,0,0,0,0,0,0,0,0,0,0,0,0,0,0,0,0,0,0,0,0,0,0,0,0,0,0,0,0,0,0,0,0,0,0,0,0,0,0,0,0,0,0,0,0,0,0,0,0,0,0,0,0,0,0,0,0,0,0,0,0,0,0,0,0,0,0,0,0,0,0,0,0,0,0,0,0,0,0,0,0,0,0,0,0,0,0,0,0,0,0,0,0,0,0,0,0,0,0,0,0,0,0,0,0,0,0,0,0,0,0,0,0,0,0,0,0,0,0,0,0,0,0,0,0,0,0
0,0,0,0,0,0,0,0,0,0,0,0,0,0,0,0,0,0,0,0,0,0,0,0,0,0,0,0,0,0,0,0,0,0,0,0,0,0,0,0,0,0,0,0,0,0,0,0,0,0,0,0,0,0,0,0,0,0,0,0,0,0,0,0,0,0,0,0,0,0,0,0,0,0,0,0,0,0,0,0,0,0,0,0,0,0,0,0,0,0,0,0,0,0,0,0,0,0,0,0,0,0,0,0,0,0,0,0,0,0,0,0,0,0,0,0,0,0,0,0,0,0,0,0,0,0,0,0,0,0,0,0,0,0,0,0,0,0,0,0,0,0,0,0,0,0,0,0,0,0,0,0,0,0,0,0,0,0,0,0,0,0,0,0,0,0,0,0,0,0,0,0,0,0,0,0,0,0,0,0,0,0,0,0,0,0,0,0,0,0,0,0,0,0,0,0,0,0
0,0,0,0,0,0,0,0,0,0,0,0,0,0,0,0,0,0,0,0,0,0,0,0,0,0,0,0,0,0,0,0,0,0,0,0,0,0,0,0,0,0,0,0,0,0,0,0,0,0,0,0,0,0,0,0,0,0,0,0,0,0,0,0,0,0,0,0,0,0,0,0,0,0,0,0,0,0,0,0,0,0,0,0,0,0,0,0,0,0,0,0,0,0,0,0,0,0,0,0,0,0,0,0,0,0,0,0,0,0,0,0,0,0,0,0,0,0,0,0,0,0,0,0,0,0,0,0,0,0,0,0,0,0,0,0,0,0,0,0,0,0,0,0,0,0,0,0,0,0,0,0,0,0,0,0,0,0,0,0,0,0,0,0,0,0,0,0,0,0,0,0,0,0,0,0,0,0,0,0,0,0,0,0,0,0,0,0,0,0,0,0,0,0,0,0,0,0
0,0,0,0,0,0,0,0,0,0,0,0,0,0,0,0,0,0,0,0,0,0,0,0,0,0,0,0,0,0,0,0,0,0,0,0,0,0,0,0,0,0,0,0,0,0,0,0,0,0,0,0,0,0,0,0,0,0,0,0,0,0,0,0,0,0,0,0,0,0,0,0,0,0,0,0,0,0,0,0,0,0,0,0,0,0,0,0,0,0,0,0,0,0,0,0,0,0,0,0,0,0,0,0,0,0,0,0,0,0,0,0,0,0,0,0,0,0,0,0,0,0,0,0,0,0,0,0,0,0,0,0,0,0,0,0,0,0,0,0,0,0,0,0,0,0,0,0,0,0,0,0,0,0,0,0,0,0,0,0,0,0,0,0,0,0,0,0,0,0,0,0,0,0,0,0,0,0,0,0,0,0,0,0,0,0,0,0,0,0,0,0,0,0,0,0,0,0
0,0,0,0,0,0,0,0,0,0,0,0,0,0,0,0,0,0,0,0,0,0,0,0,0,0,0,0,0,0,0,0,0,0,0,0,0,0,0,0,0,0,0,0,0,0,0,0,0,0,0,0,0,0,0,0,0,0,0,0,0,0,0,0,0,0,0,0,0,0,0,0,0,0,0,0,0,0,0,0,0,0,0,0,0,0,0,0,0,0,0,0,0,0,0,0,0,0,0,0,0,0,0,0,0,0,0,0,0,0,0,0,0,0,0,0,0,0,0,0,0,0,0,0,0,0,0,0,0,0,0,0,0,0,0,0,0,0,0,0,0,0,0,0,0,0,0,0,0,0,0,0,0,0,0,0,0,0,0,0,0,0,0,0,0,0,0,0,0,0,0,0,0,0,0,0,0,0,0,0,0,0,0,0,0,0,0,0,0,0,0,0,0,0,0,0,0,0
0,0,0,0,0,0,0,0,0,0,0,0,0,0,0,0,0,0,0,0,0,0,0,0,0,0,0,0,0,0,0,0,0,0,0,0,0,0,0,0,0,0,0,0,0,0,0,0,0,0,0,0,0,0,0,0,0,0,0,0,0,0,0,0,0,0,0,0,0,0,0,0,0,0,0,0,0,0,0,0,0,0,0,0,0,0,0,0,0,0,0,0,0,0,0,0,0,0,0,0,0,0,0,0,0,0,0,0,0,0,0,0,0,0,0,0,0,0,0,0,0,0,0,0,0,0,0,0,0,0,0,0,0,0,0,0,0,0,0,0,0,0,0,0,0,0,0,0,0,0,0,0,0,0,0,0,0,0,0,0,0,0,0,0,0,0,0,0,0,0,0,0,0,0,0,0,0,0,0,0,0,0,0,0,0,0,0,0,0,0,0,0,0,0,0,0,0,0
0,0,0,0,0,0,0,0,0,0,0,0,0,0,0,0,0,0,0,0,0,0,0,0,0,0,0,0,0,0,0,0,0,0,0,0,0,0,0,0,0,0,0,0,0,0,0,0,0,0,0,0,0,0,0,0,0,0,0,0,0,0,0,0,0,0,0,0,0,0,0,0,0,0,0,0,0,0,0,0,0,0,0,0,0,0,0,0,0,0,0,0,0,0,0,0,0,0,0,0,0,0,0,0,0,0,0,0,0,0,0,0,0,0,0,0,0,0,0,0,0,0,0,0,0,0,0,0,0,0,0,0,0,0,0,0,0,0,0,0,0,0,0,0,0,0,0,0,0,0,0,0,0,0,0,0,0,0,0,0,0,0,0,0,0,0,0,0,0,0,0,0,0,0,0,0,0,0,0,0,0,0,0,0,0,0,0,0,0,0,0,0,0,0,0,0,0,0
0,0,0,0,0,0,0,0,0,0,0,0,0,0,0,0,0,0,0,0,0,0,0,0,0,0,0,0,0,0,0,0,0,0,0,0,0,0,0,0,0,0,0,0,0,0,0,0,0,0,0,0,0,0,0,0,0,0,0,0,0,0,0,0,0,0,0,0,0,0,0,0,0,0,0,0,0,0,0,0,0,0,0,0,0,0,0,0,0,0,0,0,0,0,0,0,0,0,0,0,0,0,0,0,0,0,0,0,0,0,0,0,0,0,0,0,0,0,0,0,0,0,0,0,0,0,0,0,0,0,0,0,0,0,0,0,0,0,0,0,0,0,0,0,0,0,0,0,0,0,0,0,0,0,0,0,0,0,0,0,0,0,0,0,0,0,0,0,0,0,0,0,0,0,0,0,0,0,0,0,0,0,0,0,0,0,0,0,0,0,0,0,0,0,0,0,0,0
0,0,0,0,0,0,0,0,0,0,0,0,0,0,0,0,0,0,0,0,0,0,0,0,0,0,0,0,0,0,0,0,0,0,0,0,0,0,0,0,0,0,0,0,0,0,0,0,0,0,0,0,0,0,0,0,0,0,0,0,0,0,0,0,0,0,0,0,0,0,0,0,0,0,0,0,0,0,0,0,0,0,0,0,0,0,0,0,0,0,0,0,0,0,0,0,0,0,0,0,0,0,0,0,0,0,0,0,0,0,0,0,0,0,0,0,0,0,0,0,0,0,0,0,0,0,0,0,0,0,0,0,0,0,0,0,0,0,0,0,0,0,0,0,0,0,0,0,0,0,0,0,0,0,0,0,0,0,0,0,0,0,0,0,0,0,0,0,0,0,0,0,0,0,0,0,0,0,0,0,0,0,0,0,0,0,0,0,0,0,0,0,0,0,0,0,0,0
0,0,0,0,0,0,0,0,0,0,0,0,0,0,0,0,0,0,0,0,0,0,0,0,0,0,0,0,0,0,0,0,0,0,0,0,0,0,0,0,0,0,0,0,0,0,0,0,0,0,0,0,0,0,0,0,0,0,0,0,0,0,0,0,0,0,0,0,0,0,0,0,0,0,0,0,0,0,0,0,0,0,0,0,0,0,0,0,0,0,0,0,0,0,0,0,0,0,0,0,0,0,0,0,0,0,0,0,0,0,0,0,0,0,0,0,0,0,0,0,0,0,0,0,0,0,0,0,0,0,0,0,0,0,0,0,0,0,0,0,0,0,0,0,0,0,0,0,0,0,0,0,0,0,0,0,0,0,0,0,0,0,0,0,0,0,0,0,0,0,0,0,0,0,0,0,0,0,0,0,0,0,0,0,0,0,0,0,0,0,0,0,0,0,0,0,0,0
0,0,0,0,0,0,0,0,0,0,0,0,0,0,0,0,0,0,0,0,0,0,0,0,0,0,0,0,0,0,0,0,0,0,0,0,0,0,0,0,0,0,0,0,0,0,0,0,0,0,0,0,0,0,0,0,0,0,0,0,0,0,0,0,0,0,0,0,0,0,0,0,0,0,0,0,0,0,0,0,0,0,0,0,0,0,0,0,0,0,0,0,0,0,0,0,0,0,0,0,0,0,0,0,0,0,0,0,0,0,0,0,0,0,0,0,0,0,0,0,0,0,0,0,0,0,0,0,0,0,0,0,0,0,0,0,0,0,0,0,0,0,0,0,0,0,0,0,0,0,0,0,0,0,0,0,0,0,0,0,0,0,0,0,0,0,0,0,0,0,0,0,0,0,0,0,0,0,0,0,0,0,0,0,0,0,0,0,0,0,0,0,0,0,0,0,0,0
0,0,0,0,0,0,0,0,0,0,0,0,0,0,0,0,0,0,0,0,0,0,0,0,0,0,0,0,0,0,0,0,0,0,0,0,0,0,0,0,0,0,0,0,0,0,0,0,0,0,0,0,0,0,0,0,0,0,0,0,0,0,0,0,0,0,0,0,0,0,0,0,0,0,0,0,0,0,0,0,0,0,0,0,0,0,0,0,0,0,0,0,0,0,0,0,0,0,0,0,0,0,0,0,0,0,0,0,0,0,0,0,0,0,0,0,0,0,0,0,0,0,0,0,0,0,0,0,0,0,0,0,0,0,0,0,0,0,0,0,0,0,0,0,0,0,0,0,0,0,0,0,0,0,0,0,0,0,0,0,0,0,0,0,0,0,0,0,0,0,0,0,0,0,0,0,0,0,0,0,0,0,0,0,0,0,0,0,0,0,0,0,0,0,0,0,0,0
0,0,0,0,0,0,0,0,0,0,0,0,0,0,0,0,0,0,0,0,0,0,0,0,0,0,0,0,0,0,0,0,0,0,0,0,0,0,0,0,0,0,0,0,0,0,0,0,0,0,0,0,0,0,0,0,0,0,0,0,0,0,0,0,0,0,0,0,0,0,0,0,0,0,0,0,0,0,0,0,0,0,0,0,0,0,0,0,0,0,0,0,0,0,0,0,0,0,0,0,0,0,0,0,0,0,0,0,0,0,0,0,0,0,0,0,0,0,0,0,0,0,0,0,0,0,0,0,0,0,0,0,0,0,0,0,0,0,0,0,0,0,0,0,0,0,0,0,0,0,0,0,0,0,0,0,0,0,0,0,0,0,0,0,0,0,0,0,0,0,0,0,0,0,0,0,0,0,0,0,0,0,0,0,0,0,0,0,0,0,0,0,0,0,0,0,0,0
0,0,0,0,0,0,0,0,0,0,0,0,0,0,0,0,0,0,0,0,0,0,0,0,0,0,0,0,0,0,0,0,0,0,0,0,0,0,0,0,0,0,0,0,0,0,0,0,0,0,0,0,0,0,0,0,0,0,0,0,0,0,0,0,0,0,0,0,0,0,0,0,0,0,0,0,0,0,0,0,0,0,0,0,0,0,0,0,0,0,0,0,0,0,0,0,0,0,0,0,0,0,0,0,0,0,0,0,0,0,0,0,0,0,0,0,0,0,0,0,0,0,0,0,0,0,0,0,0,0,0,0,0,0,0,0,0,0,0,0,0,0,0,0,0,0,0,0,0,0,0,0,0,0,0,0,0,0,0,0,0,0,0,0,0,0,0,0,0,0,0,0,0,0,0,0,0,0,0,0,0,0,0,0,0,0,0,0,0,0,0,0,0,0,0,0,0,0
0,0,0,0,0,0,0,0,0,0,0,0,0,0,0,0,0,0,0,0,0,0,0,0,0,0,0,0,0,0,0,0,0,0,0,0,0,0,0,0,0,0,0,0,0,0,0,0,0,0,0,0,0,0,0,0,0,0,0,0,0,0,0,0,0,0,0,0,0,0,0,0,0,0,0,0,0,0,0,0,0,0,0,0,0,0,0,0,0,0,0,0,0,0,0,0,0,0,0,0,0,0,0,0,0,0,0,0,0,0,0,0,0,0,0,0,0,0,0,0,0,0,0,0,0,0,0,0,0,0,0,0,0,0,0,0,0,0,0,0,0,0,0,0,0,0,0,0,0,0,0,0,0,0,0,0,0,0,0,0,0,0,0,0,0,0,0,0,0,0,0,0,0,0,0,0,0,0,0,0,0,0,0,0,0,0,0,0,0,0,0,0,0,0,0,0,0,0
0,0,0,0,0,0,0,0,0,0,0,0,0,0,0,0,0,0,0,0,0,0,0,0,0,0,0,0,0,0,0,0,0,0,0,0,0,0,0,0,0,0,0,0,0,0,0,0,0,0,0,0,0,0,0,0,0,0,0,0,0,0,0,0,0,0,0,0,0,0,0,0,0,0,0,0,0,0,0,0,0,0,0,0,0,0,0,0,0,0,0,0,0,0,0,0,0,0,0,0,0,0,0,0,0,0,0,0,0,0,0,0,0,0,0,0,0,0,0,0,0,0,0,0,0,0,0,0,0,0,0,0,0,0,0,0,0,0,0,0,0,0,0,0,0,0,0,0,0,0,0,0,0,0,0,0,0,0,0,0,0,0,0,0,0,0,0,0,0,0,0,0,0,0,0,0,0,0,0,0,0,0,0,0,0,0,0,0,0,0,0,0,0,0,0,0,0,0
0,0,0,0,0,0,0,0,0,0,0,0,0,0,0,0,0,0,0,0,0,0,0,0,0,0,0,0,0,0,0,0,0,0,0,0,0,0,0,0,0,0,0,0,0,0,0,0,0,0,0,0,0,0,0,0,0,0,0,0,0,0,0,0,0,0,0,0,0,0,0,0,0,0,0,0,0,0,0,0,0,0,0,0,0,0,0,0,0,0,0,0,0,0,0,0,0,0,0,0,0,0,0,0,0,0,0,0,0,0,0,0,0,0,0,0,0,0,0,0,0,0,0,0,0,0,0,0,0,0,0,0,0,0,0,0,0,0,0,0,0,0,0,0,0,0,0,0,0,0,0,0,0,0,0,0,0,0,0,0,0,0,0,0,0,0,0,0,0,0,0,0,0,0,0,0,0,0,0,0,0,0,0,0,0,0,0,0,0,0,0,0,0,0,0,0,0,0
0,0,0,0,0,0,0,0,0,0,0,0,0,0,0,0,0,0,0,0,0,0,0,0,0,0,0,0,0,0,0,0,0,0,0,0,0,0,0,0,0,0,0,0,0,0,0,0,0,0,0,0,0,0,0,0,0,0,0,0,0,0,0,0,0,0,0,0,0,0,0,0,0,0,0,0,0,0,0,0,0,0,0,0,0,0,0,0,0,0,0,0,0,0,0,0,0,0,0,0,0,0,0,0,0,0,0,0,0,0,0,0,0,0,0,0,0,0,0,0,0,0,0,0,0,0,0,0,0,0,0,0,0,0,0,0,0,0,0,0,0,0,0,0,0,0,0,0,0,0,0,0,0,0,0,0,0,0,0,0,0,0,0,0,0,0,0,0,0,0,0,0,0,0,0,0,0,0,0,0,0,0,0,0,0,0,0,0,0,0,0,0,0,0,0,0,0,0
0,0,0,0,0,0,0,0,0,0,0,0,0,0,0,0,0,0,0,0,0,0,0,0,0,0,0,0,0,0,0,0,0,0,0,0,0,0,0,0,0,0,0,0,0,0,0,0,0,0,0,0,0,0,0,0,0,0,0,0,0,0,0,0,0,0,0,0,0,0,0,0,0,0,0,0,0,0,0,0,0,0,0,0,0,0,0,0,0,0,0,0,0,0,0,0,0,0,0,0,0,0,0,0,0,0,0,0,0,0,0,0,0,0,0,0,0,0,0,0,0,0,0,0,0,0,0,0,0,0,0,0,0,0,0,0,0,0,0,0,0,0,0,0,0,0,0,0,0,0,0,0,0,0,0,0,0,0,0,0,0,0,0,0,0,0,0,0,0,0,0,0,0,0,0,0,0,0,0,0,0,0,0,0,0,0,0,0,0,0,0,0,0,0,0,0,0,0
0,0,0,0,0,0,0,0,0,0,0,0,0,0,0,0,0.446421,0.446421,0.446421,0.446421,0.446421,0.446421,0.446421,0.446421,0.446421,0.446421,0.446421,0.446421,0.446421,0.446421,0.446421,0.446421,0.446421,0.446421,0.446421,0.446421,0.446421,0.446421,0.446421,0.446421,0.446421,0.446421,0.446421,0.446421,0.446421,0.446421,0.446421,0.446421,0.446421,0.446421,0.446421,0.446421,0.446421,0.446421,0.446421,0.446421,0.446421,0.446421,0.446421,0.446421,0.446421,0.446421,0.446421,0.446421,0.446421,0.446421,0.446421,0.446421,0.446421,0.446421,0.446421,0.446421,0.446421,0.446421,0.446421,0.446421,0.446421,0.446421,0.446421,0.446421,0.446421,0.446421,0.446421,0.446421,0.446421,0.446421,0.446421,0.446421,0.446421,0.446421,0.446421,0.446421,0.446421,0.446421,0.446421,0.446421,0.446421,0.446421,0.446421,0.446421,0.446421,0.446421,0.446421,0.446421,0.446421,0.446421,0.446421,0.446421,0.446421,0.446421,0.446421,0.446421,0.446421,0.446421,0.446421,0.446421,0.446421,0.446421,0.446421,0.446421,0.446421,0.446421,0.446421,0.446421,0.446421,0.446421,0.446421,0.446421,0.446421,0.446421,0.446421,0.446421,0.446421,0.446421,0.446421,0.446421,0.446421,0.446421,0.446421,0.446421,0.446421,0.446421,0.446421,0.446421,0.446421,0.446421,0.446421,0.446421,0.446421,0.446421,0.446421,0.446421,0.446421,0.446421,0.446421,0.446421,0.446421,0.446421,0.446421,0.446421,0.446421,0.446421,0.446421,0.446421,0.446421,0.446421,0.446421,0.446421,0.446421,0.446421,0.446421,0.446421,0.446421,0.446421,0.446421,0.446421,0.446421,0.446421,0.446421,0.446421,0.446421,0.446421,0.446421,0.446421,0.446421,0.446421,0.446421,0.446421,0.446421,0.446421,0.446421,0.446421,0.446421,0.446421,0.446421,0.446421,0.446421,0
0,0.446421,0.446421,0.446421,0.446421,0.446421,0.446421,0.446421,0.446421,0.446421,0.446421,0.446421,0.446421,0.446421,0.446421,0.446421,0.446421,0.446421,0.446421,0.446421,0.446421,0.446421,0.446421,0.446421,0.446421,0.446421,0.446421,0.446421,0.446421,0.446421,0.446421,0.446421,0.446421,0.446421,0.446421,0.446421,0.446421,0.446421,0.446421,0.446421,0.446421,0.446421,0.446421,0.446421,0.446421,0.446421,0.446421,0.446421,0.446421,0.446421,0.446421,0.446421,0.446421,0.446421,0.446421,0.446421,0.446421,0.446421,0.446421,0.446421,0.446421,0.446421,0.446421,0.446421,0.446421,0.446421,0.446421,0.446421,0.446421,0.446421,0.446421,0.446421,0.446421,0.446421,0.446421,0.446421,0.446421,0.446421,0.446421,0.446421,0.446421,0.446421,0.446421,0.446421,0.446421,0.446421,0.446421,0.446421,0.446421,0.446421,0.446421,0.446421,0.446421,0.446421,0.446421,0.446421,0.446421,0.446421,0.446421,0.446421,0.446421,0.446421,0.446421,0.446421,0.446421,0.446421,0.446421,0.446421,0.446421,0.446421,0.446421,0.446421,0.446421,0.446421,0.446421,0.446421,0.446421,0.446421,0.446421,0.446421,0.446421,0.446421,0.446421,0.446421,0.446421,0.446421,0.446421,0.446421,0.446421,0.446421,0.446421,0.446421,0.446421,0.446421,0.446421,0.446421,0.446421,0.446421,0.446421,0.446421,0.446421,0.446421,0.446421,0.446421,0.446421,0.446421,0.446421,0.446421,0.446421,0.446421,0.446421,0.446421,0.446421,0.446421,0.446421,0.446421,0.446421,0.446421,0.446421,0.446421,0.446421,0.446421,0.446421,0.446421,0.446421,0.446421,0.446421,0.446421,0.446421,0.446421,0.446421,0.446421,0.446421,0.446421,0.446421,0.446421,0.446421,0.446421,0.446421,0.446421,0.446421,0.446421,0.446421,0.446421,0.446421,0.446421,0.446421,0.446421,0.446421,0.446421,0.446421,0.446421,0.446421,0.446421,0.446421,0.446421,0.446421,0
0,0.446421,0.446421,0.446421,0.446421,0.446421,0.446421,0.446421,0.446421,0.446421,0.446421,0.446421,0.446421,0.446421,0.446421,0.446421,0.446421,0.446421,0.446421,0.446421,0.446421,0.446421,0.446421,0.446421,0.446421,0.446421,0.446421,0.446421,0.446421,0.446421,0.446421,0.446421,0.446421,0.446421,0.446421,0.446421,0.446421,0.446421,0.446421,0.446421,0.446421,0.446421,0.446421,0.446421,0.446421,0.446421,0.446421,0.446421,0.446421,0.446421,0.446421,0.446421,0.446421,0.446421,0.446421,0.446421,0.446421,0.446421,0.446421,0.446421,0.446421,0.446421,0.446421,0.446421,0.446421,0.446421,0.446421,0.446421,0.446421,0.446421,0.446421,0.446421,0.446421,0.446421,0.446421,0.446421,0.446421,0.446421,0.446421,0.446421,0.446421,0.446421,0.446421,0.446421,0.446421,0.446421,0.446421,0.446421,0.446421,0.446421,0.446421,0.446421,0.446421,0.446421,0.446421,0.446421,0.446421,0.446421,0.446421,0.446421,0.446421,0.446421,0.446421,0.446421,0.446421,0.446421,0.446421,0.446421,0.446421,0.446421,0.446421,0.446421,0.446421,0.446421,0.446421,0.446421,0.446421,0.446421,0.446421,0.446421,0.446421,0.446421,0.446421,0.446421,0.446421,0.446421,0.446421,0.446421,0.446421,0.446421,0.446421,0.446421,0.446421,0.446421,0.446421,0.446421,0.446421,0.446421,0.446421,0.446421,0.446421,0.446421,0.446421,0.446421,0.446421,0.446421,0.446421,0.446421,0.446421,0.446421,0.446421,0.446421,0.446421,0.446421,0.446421,0.446421,0.446421,0.446421,0.446421,0.446421,0.446421,0.446421,0.446421,0.446421,0.446421,0.446421,0.446421,0.446421,0.446421,0.446421,0.446421,0.446421,0.446421,0.446421,0.446421,0.446421,0.446421,0.446421,0.446421,0.446421,0.446421,0.446421,0.446421,0.446421,0.446421,0.446421,0.446421,0.446421,0.446421,0.446421,0.446421,0.446421,0.446421,0.446421,0.446421,0.446421,0.446421,0
0,0.446421,0.446421,0.446421,0.446421,0.446421,0.446421,0.446421,0.446421,0.446421,0.446421,0.446421,0.446421,0.446421,0.446421,0.446421,0.446421,0.446421,0.446421,0.446421,0.446421,0.446421,0.446421,0.446421,0.446421,0.446421,0.446421,0.446421,0.446421,0.446421,0.446421,0.446421,0.446421,0.446421,0.446421,0.446421,0.446421,0.446421,0.446421,0.446421,0.446421,0.446421,0.446421,0.446421,0.446421,0.446421,0.446421,0.446421,0.446421,0.446421,0.446421,0.446421,0.446421,0.446421,0.446421,0.446421,0.446421,0.446421,0.446421,0.446421,0.446421,0.446421,0.446421,0.446421,0.446421,0.446421,0.446421,0.446421,0.446421,0.446421,0.446421,0.446421,0.446421,0.446421,0.446421,0.446421,0.446421,0.446421,0.446421,0.446421,0.446421,0.446421,0.446421,0.446421,0.446421,0.446421,0.446421,0.446421,0.446421,0.446421,0.446421,0.446421,0.446421,0.446421,0.446421,0.446421,0.446421,0.446421,0.446421,0.446421,0.446421,0.446421,0.446421,0.446421,0.446421,0.446421,0.446421,0.446421,0.446421,0.446421,0.446421,0.446421,0.446421,0.446421,0.446421,0.446421,0.446421,0.446421,0.446421,0.446421,0.446421,0.446421,0.446421,0.446421,0.446421,0.446421,0.446421,0.446421,0.446421,0.446421,0.446421,0.446421,0.446421,0.446421,0.446421,0.446421,0.446421,0.446421,0.446421,0.446421,0.446421,0.446421,0.446421,0.446421,0.446421,0.446421,0.446421,0.446421,0.446421,0.446421,0.446421,0.446421,0.446421,0.446421,0.446421,0.446421,0.446421,0.446421,0.446421,0.446421,0.446421,0.446421,0.446421,0.446421,0.446421,0.446421,0.446421,0.446421,0.446421,0.446421,0.446421,0.446421,0.446421,0.446421,0.446421,0.446421,0.446421,0.446421,0.446421,0.446421,0.446421,0.446421,0.446421,0.446421,0.446421,0.446421,0.446421,0.446421,0.446421,0.446421,0.446421,0.446421,0.446421,0.446421,0.446421,0.446421,0.446421,0
0,0.446421,0.446421,0.446421,0.446421,0.446421,0.446421,0.446421,0.446421,0.446421,0.446421,0.446421,0.446421,0.446421,0.446421,0.446421,0.446421,0.446421,0.446421,0.446421,0.446421,0.446421,0.446421,0.446421,0.446421,0.446421,0.446421,0.446421,0.446421,0.446421,0.446421,0.446421,0.446421,0.446421,0.446421,0.446421,0.446421,0.446421,0.446421,0.446421,0.446421,0.446421,0.446421,0.446421,0.446421,0.446421,0.446421,0.446421,0.446421,0.446421,0.446421,0.446421,0.446421,0.446421,0.446421,0.446421,0.446421,0.446421,0.446421,0.446421,0.446421,0.446421,0.446421,0.446421,0.446421,0.446421,0.446421,0.446421,0.446421,0.446421,0.446421,0.446421,0.446421,0.446421,0.446421,0.446421,0.446421,0.446421,0.446421,0.446421,0.446421,0.446421,0.446421,0.446421,0.446421,0.446421,0.446421,0.446421,0.446421,0.446421,0.446421,0.446421,0.446421,0.446421,0.446421,0.446421,0.446421,0.446421,0.446421,0.446421,0.446421,0.446421,0.446421,0.446421,0.446421,0.446421,0.446421,0.446421,0.446421,0.446421,0.446421,0.446421,0.446421,0.446421,0.446421,0.446421,0.446421,0.446421,0.446421,0.446421,0.446421,0.446421,0.446421,0.446421,0.446421,0.446421,0.446421,0.446421,0.446421,0.446421,0.446421,0.446421,0.446421,0.446421,0.446421,0.446421,0.446421,0.446421,0.446421,0.446421,0.446421,0.446421,0.446421,0.446421,0.446421,0.446421,0.446421,0.446421,0.446421,0.446421,0.446421,0.446421,0.446421,0.446421,0.446421,0.446421,0.446421,0.446421,0.446421,0.446421,0.446421,0.446421,0.446421,0.446421,0.446421,0.446421,0.446421,0.446421,0.446421,0.446421,0.446421,0.446421,0.446421,0.446421,0.446421,0.446421,0.446421,0.446421,0.446421,0.446421,0.446421,0.446421,0.446421,0.446421,0.446421,0.446421,0.446421,0.446421,0.446421,0.446421,0.446421,0.446421,0.446421,0.446421,0.446421,0.446421,0.446421,0
0,0.446421,0.446421,0.446421,0.446421,0.446421,0.446421,0.446421,0.446421,0.446421,0.446421,0.446421,0.446421,0.446421,0.446421,0.446421,0.446421,0.446421,0.446421,0.446421,0.446421,0.446421,0.446421,0.446421,0.446421,0.446421,0.446421,0.446421,0.446421,0.446421,0.446421,0.446421,0.446421,0.446421,0.446421,0.446421,0.446421,0.446421,0.446421,0.446421,0.446421,0.446421,0.446421,0.446421,0.446421,0.446421,0.446421,0.446421,0.446421,0.446421,0.446421,0.446421,0.446421,0.446421,0.446421,0.446421,0.446421,0.446421,0.446421,0.446421,0.446421,0.446421,0.446421,0.446421,0.446421,0.446421,0.446421,0.446421,0.446421,0.446421,0.446421,0.446421,0.446421,0.446421,0.446421,0.446421,0.446421,0.446421,0.446421,0.446421,0.446421,0.446421,0.446421,0.446421,0.446421,0.446421,0.446421,0.446421,0.446421,0.446421,0.446421,0.446421,0.446421,0.446421,0.446421,0.446421,0.446421,0.446421,0.446421,0.446421,0.446421,0.446421,0.446421,0.446421,0.446421,0.446421,0.446421,0.446421,0.446421,0.446421,0.446421,0.446421,0.446421,0.446421,0.446421,0.446421,0.446421,0.446421,0.446421,0.446421,0.446421,0.446421,0.446421,0.446421,0.446421,0.446421,0.446421,0.446421,0.446421,0.446421,0.446421,0.446421,0.446421,0.446421,0.446421,0.446421,0.446421,0.446421,0.446421,0.446421,0.446421,0.446421,0.446421,0.446421,0.446421,0.446421,0.446421,0.446421,0.446421,0.446421,0.446421,0.446421,0.446421,0.446421,0.446421,0.446421,0.446421,0.446421,0.446421,0.446421,0.446421,0.446421,0.446421,0.446421,0.446421,0.446421,0.446421,0.446421,0.446421,0.446421,0.446421,0.446421,0.446421,0.446421,0.446421,0.446421,0.446421,0.446421,0.446421,0.446421,0.446421,0.446421,0.446421,0.446421,0.446421,0.446421,0.446421,0.446421,0.446421,0.446421,0.446421,0.446421,0.446421,0.446421,0.446421,0.446421,0.446421,0
0,0.446421,0.446421,0.446421,0.446421,0.446421,0.446421,0.446421,0.446421,0.446421,0.446421,0.446421,0.446421,0.446421,0.446421,0.446421,0.446421,0.446421,0.446421,0.446421,0.446421,0.446421,0.446421,0.446421,0.446421,0.446421,0.446421,0.446421,0.446421,0.446421,0.446421,0.446421,0.446421,0.446421,0.446421,0.446421,0.446421,0.446421,0.446421,0.446421,0.446421,0.446421,0.446421,0.446421,0.446421,0.446421,0.446421,0.446421,0.446421,0.446421,0.446421,0.446421,0.446421,0.446421,0.446421,0.446421,0.446421,0.446421,0.446421,0.446421,0.446421,0.446421,0.446421,0.446421,0.446421,0.446421,0.446421,0.446421,0.446421,0.446421,0.446421,0.446421,0.446421,0.446421,0.446421,0.446421,0.446421,0.446421,0.446421,0.446421,0.446421,0.446421,0.446421,0.446421,0.446421,0.446421,0.446421,0.446421,0.446421,0.446421,0.446421,0.446421,0.446421,0.446421,0.446421,0.446421,0.446421,0.446421,0.446421,0.446421,0.446421,0.446421,0.446421,0.446421,0.446421,0.446421,0.446421,0.446421,0.446421,0.446421,0.446421,0.446421,0.446421,0.446421,0.446421,0.446421,0.446421,0.446421,0.446421,0.446421,0.446421,0.446421,0.446421,0.446421,0.446421,0.446421,0.446421,0.446421,0.446421,0.446421,0.446421,0.446421,0.446421,0.446421,0.446421,0.446421,0.446421,0.446421,0.446421,0.446421,0.446421,0.446421,0.446421,0.446421,0.446421,0.446421,0.446421,0.446421,0.446421,0.446421,0.446421,0.446421,0.446421,0.446421,0.446421,0.446421,0.446421,0.446421,0.446421,0.446421,0.446421,0.446421,0.446421,0.446421,0.446421,0.446421,0.446421,0.446421,0.446421,0.446421,0.446421,0.446421,0.446421,0.446421,0.446421,0.446421,0.446421,0.446421,0.446421,0.446421,0.446421,0.446421,0.446421,0.446421,0.446421,0.446421,0.446421,0.446421,0.446421,0.446421,0.446421,0.446421,0.446421,0.446421,0.446421,0.446421,0.446421,0
0,0.446421,0.446421,0.446421,0.446421,0.446421,0.446421,0.446421,0.446421,0.446421,0.446421,0.446421,0.446421,0.446421,0.446421,0.446421,0.446421,0.446421,0.446421,0.446421,0.446421,0.446421,0.446421,0.446421,0.446421,0.446421,0.446421,0.446421,0.446421,0.446421,0.446421,0.446421,0.446421,0.446421,0.446421,0.446421,0.446421,0.446421,0.446421,0.446421,0.446421,0.446421,0.446421,0.446421,0.446421,0.446421,0.446421,0.446421,0.446421,0.446421,0.446421,0.446421,0.446421,0.446421,0.446421,0.446421,0.446421,0.446421,0.446421,0.446421,0.446421,0.446421,0.446421,0.446421,0.446421,0.446421,0.446421,0.446421,0.446421,0.446421,0.446421,0.446421,0.446421,0.446421,0.446421,0.446421,0.446421,0.446421,0.446421,0.446421,0.446421,0.446421,0.446421,0.446421,0.446421,0.446421,0.446421,0.446421,0.446421,0.446421,0.446421,0.446421,0.446421,0.446421,0.446421,0.446421,0.446421,0.446421,0.446421,0.446421,0.446421,0.446421,0.446421,0.446421,0.446421,0.446421,0.446421,0.446421,0.446421,0.446421,0.446421,0.446421,0.446421,0.446421,0.446421,0.446421,0.446421,0.446421,0.446421,0.446421,0.446421,0.446421,0.446421,0.446421,0.446421,0.446421,0.446421,0.446421,0.446421,0.446421,0.446421,0.446421,0.446421,0.446421,0.446421,0.446421,0.446421,0.446421,0.446421,0.446421,0.446421,0.446421,0.446421,0.446421,0.446421,0.446421,0.446421,0.446421,0.446421,0.446421,0.446421,0.446421,0.446421,0.446421,0.446421,0.446421,0.446421,0.446421,0.446421,0.446421,0.446421,0.446421,0.446421,0.446421,0.446421,0.446421,0.446421,0.446421,0.446421,0.446421,0.446421,0.446421,0.446421,0.446421,0.446421,0.446421,0.446421,0.446421,0.446421,0.446421,0.446421,0.446421,0.446421,0.446421,0.446421,0.446421,0.446421,0.446421,0.446421,0.446421,0.446421,0.446421,0.446421,0.446421,0.446421,0.446421,0.446421,0
0,0.446421,0.446421,0.446421,0.446421,0.446421,0.446421,0.446421,0.446421,0.446421,0.446421,0.446421,0.446421,0.446421,0.446421,0.446421,0.446421,0.446421,0.446421,0.446421,0.446421,0.446421,0.446421,0.446421,0.446421,0.446421,0.446421,0.446421,0.446421,0.446421,0.446421,0.446421,0.446421,0.446421,0.446421,0.446421,0.446421,0.446421,0.446421,0.446421,0.446421,0,0,0,0,0,0,0,0,0,0,0,0,0,0,0,0,0,0,0,0,0,0,0,0,0,0,0,0,0,0,0,0,0,0,0,0,0,0,0,0,0,0,0,0,0,0,0,0,0,0,0,0,0,0,0,0,0,0,0,0,0,0,0,0,0,0,0,0,0,0,0,0,0,0,0,0,0,0,0,0,0,0,0,0,0,0,0,0,0,0,0,0,0,0,0,0,0,0,0,0,0,0,0,0,0,0,0,0,0,0,0,0,0,0,0,0,0,0,0,0,0,0,0,0,0,0,0,0,0,0,0,0,0,0,0,0,0,0,0,0,0,0,0,0,0,0,0,0,0,0,0,0,0,0,0,0,0
0,0,0,0,0,0,0,0,0,0,0,0,0,0,0,0,0,0,0,0,0,0,0,0,0,0,0,0,0,0,0,0,0,0,0,0,0,0,0,0,0,0,0,0,0,0,0,0,0,0,0,0,0,0,0,0,0,0,0,0,0,0,0,0,0,0,0,0,0,0,0,0,0,0,0,0,0,0,0,0,0,0,0,0,0,0,0,0,0,0,0,0,0,0,0,0,0,0,0,0,0,0,0,0,0,0,0,0,0,0,0,0,0,0,0,0,0,0,0,0,0,0,0,0,0,0,0,0,0,0,0,0,0,0,0,0,0,0,0,0,0,0,0,0,0,0,0,0,0,0,0,0,0,0,0,0,0,0,0,0,0,0,0,0,0,0,0,0,0,0,0,0,0,0,0,0,0,0,0,0,0,0,0,0,0,0,0,0,0,0,0,0,0,0,0,0,0,0
0,0,0,0,0,0,0,0,0,0,0,0,0,0,0,0,0,0,0,0,0,0,0,0,0,0,0,0,0,0,0,0,0,0,0,0,0,0,0,0,0,0,0,0,0,0,0,0,0,0,0,0,0,0,0,0,0,0,0,0,0,0,0,0,0,0,0,0,0,0,0,0,0,0,0,0,0,0,0,0,0,0,0,0,0,0,0,0,0,0,0,0,0,0,0,0,0,0,0,0,0,0,0,0,0,0,0,0,0,0,0,0,0,0,0,0,0,0,0,0,0,0,0,0,0,0,0,0,0,0,0,0,0,0,0,0,0,0,0,0,0,0,0,0,0,0,0,0,0,0,0,0,0,0,0,0,0,0,0,0,0,0,0,0,0,0,0,0,0,0,0,0,0,0,0,0,0,0,0,0,0,0,0,0,0,0,0,0,0,0,0,0,0,0,0,0,0,0
0,0,0,0,0,0,0,0,0,0,0,0,0,0,0,0,0,0,0,0,0,0,0,0,0,0,0,0,0,0,0,0,0,0,0,0,0,0,0,0,0,0,0,0,0,0,0,0,0,0,0,0,0,0,0,0,0,0,0,0,0,0,0,0,0,0,0,0,0,0,0,0,0,0,0,0,0,0,0,0,0,0,0,0,0,0,0,0,0,0,0,0,0,0,0,0,0,0,0,0,0,0,0,0,0,0,0,0,0,0,0,0,0,0,0,0,0,0,0,0,0,0,0,0,0,0,0,0,0,0,0,0,0,0,0,0,0,0,0,0,0,0,0,0,0,0,0,0,0,0,0,0,0,0,0,0,0,0,0,0,0,0,0,0,0,0,0,0,0,0,0,0,0,0,0,0,0,0,0,0,0,0,0,0,0,0,0,0,0,0,0,0,0,0,0,0,0,0
0,0,0,0,0,0,0,0,0,0,0,0,0,0,0,0,0,0,0,0,0,0,0,0,0,0,0,0,0,0,0,0,0,0,0,0,0,0,0,0,0,0,0,0,0,0,0,0,0,0,0,0,0,0,0,0,0,0,0,0,0,0,0,0,0,0,0,0,0,0,0,0,0,0,0,0,0,0,0,0,0,0,0,0,0,0,0,0,0,0,0,0,0,0,0,0,0,0,0,0,0,0,0,0,0,0,0,0,0,0,0,0,0,0,0,0,0,0,0,0,0,0,0,0,0,0,0,0,0,0,0,0,0,0,0,0,0,0,0,0,0,0,0,0,0,0,0,0,0,0,0,0,0,0,0,0,0,0,0,0,0,0,0,0,0,0,0,0,0,0,0,0,0,0,0,0,0,0,0,0,0,0,0,0,0,0,0,0,0,0,0,0,0,0,0,0,0,0
0,0,0,0,0,0,0,0,0,0,0,0,0,0,0,0,0,0,0,0,0,0,0,0,0,0,0,0,0,0,0,0,0,0,0,0,0,0,0,0,0,0,0,0,0,0,0,0,0,0,0,0,0,0,0,0,0,0,0,0,0,0,0,0,0,0,0,0,0,0,0,0,0,0,0,0,0,0,0,0,0,0,0,0,0,0,0,0,0,0,0,0,0,0,0,0,0,0,0,0,0,0,0,0,0,0,0,0,0,0,0,0,0,0,0,0,0,0,0,0,0,0,0,0,0,0,0,0,0,0,0,0,0,0,0,0,0,0,0,0,0,0,0,0,0,0,0,0,0,0,0,0,0,0,0,0,0,0,0,0,0,0,0,0,0,0,0,0,0,0,0,0,0,0,0,0,0,0,0,0,0,0,0,0,0,0,0,0,0,0,0,0,0,0,0,0,0,0
0,0,0,0,0,0,0,0,0,0,0,0,0,0,0,0,0,0,0,0,0,0,0,0,0,0,0,0,0,0,0,0,0,0,0,0,0,0,0,0,0,0,0,0,0,0,0,0,0,0,0,0,0,0,0,0,0,0,0,0,0,0,0,0,0,0,0,0,0,0,0,0,0,0,0,0,0,0,0,0,0,0,0,0,0,0,0,0,0,0,0,0,0,0,0,0,0,0,0,0,0,0,0,0,0,0,0,0,0,0,0,0,0,0,0,0,0,0,0,0,0,0,0,0,0,0,0,0,0,0,0,0,0,0,0,0,0,0,0,0,0,0,0,0,0,0,0,0,0,0,0,0,0,0,0,0,0,0,0,0,0,0,0,0,0,0,0,0,0,0,0,0,0,0,0,0,0,0,0,0,0,0,0,0,0,0,0,0,0,0,0,0,0,0,0,0,0,0
0,0,0,0,0,0,0,0,0,0,0,0,0,0,0,0,0,0,0,0,0,0,0,0,0,0,0,0,0,0,0,0,0,0,0,0,0,0,0,0,0,0,0,0,0,0,0,0,0,0,0,0,0,0,0,0,0,0,0,0,0,0,0,0,0,0,0,0,0,0,0,0,0,0,0,0,0,0,0,0,0,0,0,0,0,0,0,0,0,0,0,0,0,0,0,0,0,0,0,0,0,0,0,0,0,0,0,0,0,0,0,0,0,0,0,0,0,0,0,0,0,0,0,0,0,0,0,0,0,0,0,0,0,0,0,0,0,0,0,0,0,0,0,0,0,0,0,0,0,0,0,0,0,0,0,0,0,0,0,0,0,0,0,0,0,0,0,0,0,0,0,0,0,0,0,0,0,0,0,0,0,0,0,0,0,0,0,0,0,0,0,0,0,0,0,0,0,0
0,0,0,0,0,0,0,0,0,0,0,0,0,0,0,0,0,0,0,0,0,0,0,0,0,0,0,0,0,0,0,0,0,0,0,0,0,0,0,0,0,0,0,0,0,0,0,0,0,0,0,0,0,0,0,0,0,0,0,0,0,0,0,0,0,0,0,0,0,0,0,0,0,0,0,0,0,0,0,0,0,0,0,0,0,0,0,0,0,0,0,0,0,0,0,0,0,0,0,0,0,0,0,0,0,0,0,0,0,0,0,0,0,0,0,0,0,0,0,0,0,0,0,0,0,0,0,0,0,0,0,0,0,0,0,0,0,0,0,0,0,0,0,0,0,0,0,0,0,0,0,0,0,0,0,0,0,0,0,0,0,0,0,0,0,0,0,0,0,0,0,0,0,0,0,0,0,0,0,0,0,0,0,0,0,0,0,0,0,0,0,0,0,0,0,0,0,0
0,0,0,0,0,0,0,0,0,0,0,0,0,0,0,0,0,0,0,0,0,0,0,0,0,0,0,0,0,0,0,0,0,0,0,0,0,0,0,0,0,0,0,0,0,0,0,0,0,0,0,0,0,0,0,0,0,0,0,0,0,0,0,0,0,0,0,0,0,0,0,0,0,0,0,0,0,0,0,0,0,0,0,0,0,0,0,0,0,0,0,0,0,0,0,0,0,0,0,0,0,0,0,0,0,0,0,0,0,0,0,0,0,0,0,0,0,0,0,0,0,0,0,0,0,0,0,0,0,0,0,0,0,0,0,0,0,0,0,0,0,0,0,0,0,0,0,0,0,0,0,0,0,0,0,0,0,0,0,0,0,0,0,0,0,0,0,0,0,0,0,0,0,0,0,0,0,0,0,0,0,0,0,0,0,0,0,0,0,0,0,0,0,0,0,0,0,0
0,0,0,0,0,0,0,0,0,0,0,0,0,0,0,0,0,0,0,0,0,0,0,0,0,0,0,0,0,0,0,0,0,0,0,0,0,0,0,0,0,0,0,0,0,0,0,0,0,0,0,0,0,0,0,0,0,0,0,0,0,0,0,0,0,0,0,0,0,0,0,0,0,0,0,0,0,0,0,0,0,0,0,0,0,0,0,0,0,0,0,0,0,0,0,0,0,0,0,0,0,0,0,0,0,0,0,0,0,0,0,0,0,0,0,0,0,0,0,0,0,0,0,0,0,0,0,0,0,0,0,0,0,0,0,0,0,0,0,0,0,0,0,0,0,0,0,0,0,0,0,0,0,0,0,0,0,0,0,0,0,0,0,0,0,0,0,0,0,0,0,0,0,0,0,0,0,0,0,0,0,0,0,0,0,0,0,0,0,0,0,0,0,0,0,0,0,0
0,0,0,0,0,0,0,0,0,0,0,0,0,0,0,0,0,0,0,0,0,0,0,0,0,0,0,0,0,0,0,0,0,0,0,0,0,0,0,0,0,0,0,0,0,0,0,0,0,0,0,0,0,0,0,0,0,0,0,0,0,0,0,0,0,0,0,0,0,0,0,0,0,0,0,0,0,0,0,0,0,0,0,0,0,0,0,0,0,0,0,0,0,0,0,0,0,0,0,0,0,0,0,0,0,0,0,0,0,0,0,0,0,0,0,0,0,0,0,0,0,0,0,0,0,0,0,0,0,0,0,0,0,0,0,0,0,0,0,0,0,0,0,0,0,0,0,0,0,0,0,0,0,0,0,0,0,0,0,0,0,0,0,0,0,0,0,0,0,0,0,0,0,0,0,0,0,0,0,0,0,0,0,0,0,0,0,0,0,0,0,0,0,0,0,0,0,0
0,0,0,0,0,0,0,0,0,0,0,0,0,0,0,0,0,0,0,0,0,0,0,0,0,0,0,0,0,0,0,0,0,0,0,0,0,0,0,0,0,0,0,0,0,0,0,0,0,0,0,0,0,0,0,0,0,0,0,0,0,0,0,0,0,0,0,0,0,0,0,0,0,0,0,0,0,0,0,0,0,0,0,0,0,0,0,0,0,0,0,0,0,0,0,0,0,0,0,0,0,0,0,0,0,0,0,0,0,0,0,0,0,0,0,0,0,0,0,0,0,0,0,0,0,0,0,0,0,0,0,0,0,0,0,0,0,0,0,0,0,0,0,0,0,0,0,0,0,0,0,0,0,0,0,0,0,0,0,0,0,0,0,0,0,0,0,0,0,0,0,0,0,0,0,0,0,0,0,0,0,0,0,0,0,0,0,0,0,0,0,0,0,0,0,0,0,0
0,0,0,0,0,0,0,0,0,0,0,0,0,0,0,0,0,0,0,0,0,0,0,0,0,0,0,0,0,0,0,0,0,0,0,0,0,0,0,0,0,0,0,0,0,0,0,0,0,0,0,0,0,0,0,0,0,0,0,0,0,0,0,0,0,0,0,0,0,0,0,0,0,0,0,0,0,0,0,0,0,0,0,0,0,0,0,0,0,0,0,0,0,0,0,0,0,0,0,0,0,0,0,0,0,0,0,0,0,0,0,0,0,0,0,0,0,0,0,0,0,0,0,0,0,0,0,0,0,0,0,0,0,0,0,0,0,0,0,0,0,0,0,0,0,0,0,0,0,0,0,0,0,0,0,0,0,0,0,0,0,0,0,0,0,0,0,0,0,0,0,0,0,0,0,0,0,0,0,0,0,0,0,0,0,0,0,0,0,0,0,0,0,0,0,0,0,0
0,0,0,0,0,0,0,0,0,0,0,0,0,0,0,0,0,0,0,0,0,0,0,0,0,0,0,0,0,0,0,0,0,0,0,0,0,0,0,0,0,0,0,0,0,0,0,0,0,0,0,0,0,0,0,0,0,0,0,0,0,0,0,0,0,0,0,0,0,0,0,0,0,0,0,0,0,0,0,0,0,0,0,0,0,0,0,0,0,0,0,0,0,0,0,0,0,0,0,0,0,0,0,0,0,0,0,0,0,0,0,0,0,0,0,0,0,0,0,0,0,0,0,0,0,0,0,0,0,0,0,0,0,0,0,0,0,0,0,0,0,0,0,0,0,0,0,0,0,0,0,0,0,0,0,0,0,0,0,0,0,0,0,0,0,0,0,0,0,0,0,0,0,0,0,0,0,0,0,0,0,0,0,0,0,0,0,0,0,0,0,0,0,0,0,0,0,0
0,0,0,0,0,0,0,0,0,0,0,0,0,0,0,0,0,0,0,0,0,0,0,0,0,0,0,0,0,0,0,0,0,0,0,0,0,0,0,0,0,0,0,0,0,0,0,0,0,0,0,0,0,0,0,0,0,0,0,0,0,0,0,0,0,0,0,0,0,0,0,0,0,0,0,0,0,0,0,0,0,0,0,0,0,0,0,0,0,0,0,0,0,0,0,0,0,0,0,0,0,0,0,0,0,0,0,0,0,0,0,0,0,0,0,0,0,0,0,0,0,0,0,0,0,0,0,0,0,0,0,0,0,0,0,0,0,0,0,0,0,0,0,0,0,0,0,0,0,0,0,0,0,0,0,0,0,0,0,0,0,0,0,0,0,0,0,0,0,0,0,0,0,0,0,0,0,0,0,0,0,0,0,0,0,0,0,0,0,0,0,0,0,0,0,0,0,0
0,0,0,0,0,0,0,0,0,0,0,0,0,0,0,0,0,0,0,0,0,0,0,0,0,0,0,0,0,0,0,0,0,0,0,0,0,0,0,0,0,0,0,0,0,0,0,0,0,0,0,0,0,0,0,0,0,0,0,0,0,0,0,0,0,0,0,0,0,0,0,0,0,0,0,0,0,0,0,0,0,0,0,0,0,0,0,0,0,0,0,0,0,0,0,0,0,0,0,0,0,0,0,0,0,0,0,0,0,0,0,0,0,0,0,0,0,0,0,0,0,0,0,0,0,0,0,0,0,0,0,0,0,0,0,0,0,0,0,0,0,0,0,0,0,0,0,0,0,0,0,0,0,0,0,0,0,0,0,0,0,0,0,0,0,0,0,0,0,0,0,0,0,0,0,0,0,0,0,0,0,0,0,0,0,0,0,0,0,0,0,0,0,0,0,0,0,0
0,0,0,0,0,0,0,0,0,0,0,0,0,0,0,0,0,0,0,0,0,0,0,0,0,0,0,0,0,0,0,0,0,0,0,0,0,0,0,0,0,0,0,0,0,0,0,0,0,0,0,0,0,0,0,0,0,0,0,0,0,0,0,0,0,0,0,0,0,0,0,0,0,0,0,0,0,0,0,0,0,0,0,0,0,0,0,0,0,0,0,0,0,0,0,0,0,0,0,0,0,0,0,0,0,0,0,0,0,0,0,0,0,0,0,0,0,0,0,0,0,0,0,0,0,0,0,0,0,0,0,0,0,0,0,0,0,0,0,0,0,0,0,0,0,0,0,0,0,0,0,0,0,0,0,0,0,0,0,0,0,0,0,0,0,0,0,0,0,0,0,0,0,0,0,0,0,0,0,0,0,0,0,0,0,0,0,0,0,0,0,0,0,0,0,0,0,0
0,0,0,0,0,0,0,0,0,0,0,0,0,0,0,0,0,0,0,0,0,0,0,0,0,0,0,0,0,0,0,0,0,0,0,0,0,0,0,0,0,0,0,0,0,0,0,0,0,0,0,0,0,0,0,0,0,0,0,0,0,0,0,0,0,0,0,0,0,0,0,0,0,0,0,0,0,0,0,0,0,0,0,0,0,0,0,0,0,0,0,0,0,0,0,0,0,0,0,0,0,0,0,0,0,0,0,0,0,0,0,0,0,0,0,0,0,0,0,0,0,0,0,0,0,0,0,0,0,0,0,0,0,0,0,0,0,0,0,0,0,0,0,0,0,0,0,0,0,0,0,0,0,0,0,0,0,0,0,0,0,0,0,0,0,0,0,0,0,0,0,0,0,0,0,0,0,0,0,0,0,0,0,0,0,0,0,0,0,0,0,0,0,0,0,0,0,0
0,0,0,0,0,0,0,0,0,0,0,0,0,0,0,0,0,0,0,0,0,0,0,0,0,0,0,0,0,0,0,0,0,0,0,0,0,0,0,0,0,0,0,0,0,0,0,0,0,0,0,0,0,0,0,0,0,0,0,0,0,0,0,0,0,0,0,0,0,0,0,0,0,0,0,0,0,0,0,0,0,0,0,0,0,0,0,0,0,0,0,0,0,0,0,0,0,0,0,0,0,0,0,0,0,0,0,0,0,0,0,0,0,0,0,0,0,0,0,0,0,0,0,0,0,0,0,0,0,0,0,0,0,0,0,0,0,0,0,0,0,0,0,0,0,0,0,0,0,0,0,0,0,0,0,0,0,0,0,0,0,0,0,0,0,0,0,0,0,0,0,0,0,0,0,0,0,0,0,0,0,0,0,0,0,0,0,0,0,0,0,0,0,0,0,0,0,0
0,0,0,0,0,0,0,0,0,0,0,0,0,0,0,0,0,0,0,0,0,0,0,0,0,0,0,0,0,0,0,0,0,0,0,0,0,0,0,0,0,0,0,0,0,0,0,0,0,0,0,0,0,0,0,0,0,0,0,0,0,0,0,0,0,0,0,0,0,0,0,0,0,0,0,0,0,0,0,0,0,0,0,0,0,0,0,0,0,0,0,0,0,0,0,0,0,0,0,0,0,0,0,0,0,0,0,0,0,0,0,0,0,0,0,0,0,0,0,0,0,0,0,0,0,0,0,0,0,0,0,0,0,0,0,0,0,0,0,0,0,0,0,0,0,0,0,0,0,0,0,0,0,0,0,0,0,0,0,0,0,0,0,0,0,0,0,0,0,0,0,0,0,0,0,0,0,0,0,0,0,0,0,0,0,0,0,0,0,0,0,0,0,0,0,0,0,0
0,0,0,0,0,0,0,0,0,0,0,0,0,0,0,0,0,0,0,0,0,0,0,0,0,0,0,0,0,0,0,0,0,0,0,0,0,0,0,0,0,0,0,0,0,0,0,0,0,0,0,0,0,0,0,0,0,0,0,0,0,0,0,0,0,0,0,0,0,0,0,0,0,0,0,0,0,0,0,0,0,0,0,0,0,0,0,0,0,0,0,0,0,0,0,0,0,0,0,0,0,0,0,0,0,0,0,0,0,0,0,0,0,0,0,0,0,0,0,0,0,0,0,0,0,0,0,0,0,0,0,0,0,0,0,0,0,0,0,0,0,0,0,0,0,0,0,0,0,0,0,0,0,0,0,0,0,0,0,0,0,0,0,0,0,0,0,0,0,0,0,0,0,0,0,0,0,0,0,0,0,0,0,0,0,0,0,0,0,0,0,0,0,0,0,0,0,0
0,0,0,0,0,0,0,0,0,0,0,0,0,0,0,0,0,0,0,0,0,0,0,0,0,0,0,0,0,0,0,0,0,0,0,0,0,0,0,0,0,0,0,0,0,0,0,0,0,0,0,0,0,0,0,0,0,0,0,0,0,0,0,0,0,0,0,0,0,0,0,0,0,0,0,0,0,0,0,0,0,0,0,0,0,0,0,0,0,0,0,0,0,0,0,0,0,0,0,0,0,0,0,0,0,0,0,0,0,0,0,0,0,0,0,0,0,0,0,0,0,0,0,0,0,0,0,0,0,0,0,0,0,0,0,0,0,0,0,0,0,0,0,0,0,0,0,0,0,0,0,0,0,0,0,0,0,0,0,0,0,0,0,0,0,0,0,0,0,0,0,0,0,0,0,0,0,0,0,0,0,0,0,0,0,0,0,0,0,0,0,0,0,0,0,0,0,0
0,0,0,0,0,0,0,0,0,0,0,0,0,0,0,0,0,0,0,0,0,0,0,0,0,0,0,0,0,0,0,0,0,0,0,0,0,0,0,0,0,0,0,0,0,0,0,0,0,0,0,0,0,0,0,0,0,0,0,0,0,0,0,0,0,0,0,0,0,0,0,0,0,0,0,0,0,0,0,0,0,0,0,0,0,0,0,0,0,0,0,0,0,0,0,0,0,0,0,0,0,0,0,0,0,0,0,0,0,0,0,0,0,0,0,0,0,0,0,0,0,0,0,0,0,0,0,0,0,0,0,0,0,0,0,0,0,0,0,0,0,0,0,0,0,0,0,0,0,0,0,0,0,0,0,0,0,0,0,0,0,0,0,0,0,0,0,0,0,0,0,0,0,0,0,0,0,0,0,0,0,0,0,0,0,0,0,0,0,0,0,0,0,0,0,0,0,0
0,0,0,0,0,0,0,0,0,0,0,0,0,0,0,0,0,0,0,0,0,0,0,0,0,0,0,0,0,0,0,0,0,0,0,0,0,0,0,0,0,0,0,0,0,0,0,0,0,0,0,0,0,0,0,0,0,0,0,0,0,0,0,0,0,0,0,0,0,0,0,0,0,0,0,0,0,0,0,0,0,0,0,0,0,0,0,0,0,0,0,0,0,0,0,0,0,0,0,0,0,0,0,0,0,0,0,0,0,0,0,0,0,0,0,0,0,0,0,0,0,0,0,0,0,0,0,0,0,0,0,0,0,0,0,0,0,0,0,0,0,0,0,0,0,0,0,0,0,0,0,0,0,0,0,0,0,0,0,0,0,0,0,0,0,0,0,0,0,0,0,0,0,0,0,0,0,0,0,0,0,0,0,0,0,0,0,0,0,0,0,0,0,0,0,0,0,0
0,0,0,0,0,0,0,0,0,0,0,0,0,0,0,0,0,0,0,0,0,0,0,0,0,0,0,0,0,0,0,0,0,0,0,0,0,0,0,0,0,0,0,0,0,0,0,0,0,0,0,0,0,0,0,0,0,0,0,0,0,0,0,0,0,0,0,0,0,-1.0281295,-1.0281295,-1.0281295,-1.0281295,-1.0281295,-1.0281295,-1.0281295,-1.0281295,-1.0281295,-1.0281295,-1.0281295,-1.0281295,-1.0281295,-1.0281295,-1.0281295,-1.0281295,-1.0281295,-1.0281295,-1.0281295,-1.0281295,-1.0281295,-1.0281295,-1.0281295,-1.0281295,-1.0281295,-1.0281295,-1.0281295,-1.0281295,-1.0281295,-1.0281295,-1.0281295,-1.0281295,-1.0281295,-1.0281295,-1.0281295,-1.0281295,-1.0281295,-1.0281295,-1.0281295,-1.0281295,-1.0281295,-1.0281295,-1.0281295,-1.0281295,-1.0281295,-1.0281295,-1.0281295,-1.0281295,-1.0281295,-1.0281295,-1.0281295,-1.0281295,-1.0281295,-1.0281295,-1.0281295,-1.0281295,-1.0281295,-1.0281295,-1.0281295,-1.0281295,-1.0281295,-1.0281295,-1.0281295,-1.0281295,-1.0281295,-1.0281295,-1.0281295,-1.0281295,-1.0281295,-1.0281295,-1.0281295,-1.0281295,-1.0281295,-1.0281295,-1.0281295,-1.0281295,-1.0281295,-1.0281295,-1.0281295,-1.0281295,-1.0281295,-1.0281295,-1.0281295,-1.0281295,-1.0281295,-1.0281295,-1.0281295,-1.0281295,-1.0281295,-1.0281295,-1.0281295,-1.0281295,-1.0281295,-1.0281295,-1.0281295,-1.0281295,-1.0281295,-1.0281295,-1.0281295,-1.0281295,-1.0281295,-1.0281295,-1.0281295,-1.0281295,-1.0281295,-1.0281295,-1.0281295,-1.0281295,-1.0281295,-1.0281295,-1.0281295,-1.0281295,-1.0281295,-1.0281295,-1.0281295,-1.0281295,-1.0281295,-1.0281295,-1.0281295,-1.0281295,-1.0281295,-1.0281295,-1.0281295,-1.0281295,-1.0281295,-1.0281295,-1.0281295,-1.0281295,0
0,-1.0281295,-1.0281295,-1.0281295,-1.0281295,-1.0281295,-1.0281295,-1.0281295,-1.0281295,-1.0281295,-1.0281295,-1.0281295,-1.0281295,-1.0281295,-1.0281295,-1.0281295,-1.0281295,-1.0281295,-1.0281295,-1.0281295,-1.0281295,-1.0281295,-1.0281295,-1.0281295,-1.0281295,-1.0281295,-1.0281295,-1.0281295,-1.0281295,-1.0281295,-1.0281295,-1.0281295,-1.0281295,-1.0281295,-1.0281295,-1.0281295,-1.0281295,-1.0281295,-1.0281295,-1.0281295,-1.0281295,-1.0281295,-1.0281295,-1.0281295,-1.0281295,-1.0281295,-1.0281295,-1.0281295,-1.0281295,-1.0281295,-1.0281295,-1.0281295,-1.0281295,-1.0281295,-1.0281295,-1.0281295,-1.0281295,-1.0281295,-1.0281295,-1.0281295,-1.0281295,-1.0281295,-1.0281295,-1.0281295,-1.0281295,-1.0281295,-1.0281295,-1.0281295,-1.0281295,-1.0281295,-1.0281295,-1.0281295,-1.0281295,-1.0281295,-1.0281295,-1.0281295,-1.0281295,-1.0281295,-1.0281295,-1.0281295,-1.0281295,-1.0281295,-1.0281295,-1.0281295,-1.0281295,-1.0281295,-1.0281295,-1.0281295,-1.0281295,-1.0281295,-1.0281295,-1.0281295,-1.0281295,-1.0281295,-1.0281295,-1.0281295,-1.0281295,-1.0281295,-1.0281295,-1.0281295,-1.0281295,-1.0281295,-1.0281295,-1.0281295,-1.0281295,-1.0281295,-1.0281295,-1.0281295,-1.0281295,-1.0281295,-1.0281295,-1.0281295,-1.0281295,-1.0281295,-1.0281295,-1.0281295,-1.0281295,-1.0281295,-1.0281295,-1.0281295,-1.0281295,-1.0281295,-1.0281295,-1.0281295,-1.0281295,-1.0281295,-1.0281295,-1.0281295,-1.0281295,-1.0281295,-1.0281295,-1.0281295,-1.0281295,-1.0281295,-1.0281295,-1.0281295,-1.0281295,-1.0281295,-1.0281295,-1.0281295,-1.0281295,-1.0281295,-1.0281295,-1.0281295,-1.0281295,-1.0281295,-1.0281295,-1.0281295,-1.0281295,-1.0281295,-1.0281295,-1.0281295,-1.0281295,-1.0281295,-1.0281295,-1.0281295,-1.0281295,-1.0281295,-1.0281295,-1.0281295,-1.0281295,-1.0281295,-1.0281295,-1.0281295,-1.0281295,-1.0281295,-1.0281295,-1.0281295,-1.0281295,-1.0281295,-1.0281295,-1.0281295,-1.0281295,-1.0281295,-1.0281295,-1.0281295,-1.0281295,-1.0281295,-1.0281295,-1.0281295,-1.0281295,-1.0281295,-1.0281295,-1.0281295,-1.0281295,-1.0281295,-1.0281295,-1.0281295,-1.0281295,-1.0281295,-1.0281295,-1.0281295,-1.0281295,-1.0281295,-1.0281295,-1.0281295,-1.0281295,0
0,-1.0281295,-1.0281295,-1.0281295,-1.0281295,-1.0281295,-1.0281295,-1.0281295,-1.0281295,-1.0281295,-1.0281295,-1.0281295,-1.0281295,-1.0281295,-1.0281295,-1.0281295,-1.0281295,-1.0281295,-1.0281295,-1.0281295,-1.0281295,-1.0281295,-1.0281295,-1.0281295,-1.0281295,-1.0281295,-1.0281295,-1.0281295,-1.0281295,-1.0281295,-1.0281295,-1.0281295,-1.0281295,-1.0281295,-1.0281295,-1.0281295,-1.0281295,-1.0281295,-1.0281295,-1.0281295,-1.0281295,-1.0281295,-1.0281295,-1.0281295,-1.0281295,-1.0281295,-1.0281295,-1.0281295,-1.0281295,-1.0281295,-1.0281295,-1.0281295,-1.0281295,-1.0281295,-1.0281295,-1.0281295,-1.0281295,-1.0281295,-1.0281295,-1.0281295,-1.0281295,-1.0281295,-1.0281295,-1.0281295,-1.0281295,-1.0281295,-1.0281295,-1.0281295,-1.0281295,-1.0281295,-1.0281295,-1.0281295,-1.0281295,-1.0281295,-1.0281295,-1.0281295,-1.0281295,-1.0281295,-1.0281295,-1.0281295,-1.0281295,-1.0281295,-1.0281295,-1.0281295,-1.0281295,-1.0281295,-1.0281295,-1.0281295,-1.0281295,-1.0281295,-1.0281295,-1.0281295,-1.0281295,-1.0281295,-1.0281295,-1.0281295,-1.0281295,-1.0281295,-1.0281295,-1.0281295,-1.0281295,-1.0281295,-1.0281295,-1.0281295,-1.0281295,-1.0281295,-1.0281295,-1.0281295,-1.0281295,-1.0281295,-1.0281295,-1.0281295,-1.0281295,-1.0281295,-1.0281295,-1.0281295,-1.0281295,-1.0281295,-1.0281295,-1.0281295,-1.0281295,-1.0281295,-1.0281295,-1.0281295,-1.0281295,-1.0281295,-1.0281295,-1.0281295,-1.0281295,-1.0281295,-1.0281295,-1.0281295,-1.0281295,-1.0281295,-1.0281295,-1.0281295,-1.0281295,-1.0281295,-1.0281295,-1.0281295,-1.0281295,-1.0281295,-1.0281295,-1.0281295,-1.0281295,-1.0281295,-1.0281295,-1.0281295,-1.0281295,-1.0281295,-1.0281295,-1.0281295,-1.0281295,-1.0281295,-1.0281295,-1.0281295,-1.0281295,-1.0281295,-1.0281295,-1.0281295,-1.0281295,-1.0281295,-1.0281295,-1.0281295,-1.0281295,-1.0281295,-1.0281295,-1.0281295,-1.0281295,-1.0281295,-1.0281295,-1.0281295,-1.0281295,-1.0281295,-1.0281295,-1.0281295,-1.0281295,-1.0281295,-1.0281295,-1.0281295,-1.0281295,-1.0281295,-1.0281295,-1.0281295,-1.0281295,-1.0281295,-1.0281295,-1.0281295,-1.0281295,-1.0281295,-1.0281295,-1.0281295,-1.0281295,-1.0281295,-1.0281295,-1.0281295,-1.0281295,0
0,-1.0281295,-1.0281295,-1.0281295,-1.0281295,-1.0281295,-1.0281295,-1.0281295,-1.0281295,-1.0281295,-1.0281295,-1.0281295,-1.0281295,-1.0281295,-1.0281295,-1.0281295,-1.0281295,-1.0281295,-1.0281295,-1.0281295,-1.0281295,-1.0281295,-1.0281295,-1.0281295,-1.0281295,-1.0281295,-1.0281295,-1.0281295,-1.0281295,-1.0281295,-1.0281295,-1.0281295,-1.0281295,-1.0281295,-1.0281295,-1.0281295,-1.0281295,-1.0281295,-1.0281295,-1.0281295,-1.0281295,-1.0281295,-1.0281295,-1.0281295,-1.0281295,-1.0281295,-1.0281295,-1.0281295,-1.0281295,-1.0281295,-1.0281295,-1.0281295,-1.0281295,-1.0281295,-1.0281295,-1.0281295,-1.0281295,-1.0281295,-1.0281295,-1.0281295,-1.0281295,-1.0281295,-1.0281295,-1.0281295,-1.0281295,-1.0281295,-1.0281295,-1.0281295,-1.0281295,-1.0281295,-1.0281295,-1.0281295,-1.0281295,-1.0281295,-1.0281295,-1.0281295,-1.0281295,-1.0281295,-1.0281295,-1.0281295,-1.0281295,-1.0281295,-1.0281295,-1.0281295,-1.0281295,-1.0281295,-1.0281295,-1.0281295,-1.0281295,-1.0281295,-1.0281295,-1.0281295,-1.0281295,-1.0281295,-1.0281295,-1.0281295,-1.0281295,-1.0281295,-1.0281295,-1.0281295,-1.0281295,-1.0281295,-1.0281295,-1.0281295,-1.0281295,-1.0281295,-1.0281295,-1.0281295,-1.0281295,-1.0281295,-1.0281295,-1.0281295,-1.0281295,-1.0281295,-1.0281295,-1.0281295,-1.0281295,-1.0281295,-1.0281295,-1.0281295,-1.0281295,-1.0281295,-1.0281295,-1.0281295,-1.0281295,-1.0281295,-1.0281295,-1.0281295,-1.0281295,-1.0281295,-1.0281295,-1.0281295,-1.0281295,-1.0281295,-1.0281295,-1.0281295,-1.0281295,-1.0281295,-1.0281295,-1.0281295,-1.0281295,-1.0281295,-1.0281295,-1.0281295,-1.0281295,-1.0281295,-1.0281295,-1.0281295,-1.0281295,-1.0281295,-1.0281295,-1.0281295,-1.0281295,-1.0281295,-1.0281295,-1.0281295,-1.0281295,-1.0281295,-1.0281295,-1.0281295,-1.0281295,-1.0281295,-1.0281295,-1.0281295,-1.0281295,-1.0281295,-1.0281295,-1.0281295,-1.0281295,-1.0281295,-1.0281295,-1.0281295,-1.0281295,-1.0281295,-1.0281295,-1.0281295,-1.0281295,-1.0281295,-1.0281295,-1.0281295,-1.0281295,-1.0281295,-1.0281295,-1.0281295,-1.0281295,-1.0281295,-1.0281295,-1.0281295,-1.0281295,-1.0281295,-1.0281295,-1.0281295,-1.0281295,-1.0281295,-1.0281295,-1.0281295,-1.0281295,0
0,-1.0281295,-1.0281295,-1.0281295,-1.0281295,-1.0281295,-1.0281295,-1.0281295,-1.0281295,-1.0281295,-1.0281295,-1.0281295,-1.0281295,-1.0281295,-1.0281295,-1.0281295,-1.0281295,-1.0281295,-1.0281295,-1.0281295,-1.0281295,-1.0281295,-1.0281295,-1.0281295,-1.0281295,-1.0281295,-1.0281295,-1.0281295,-1.0281295,-1.0281295,-1.0281295,-1.0281295,-1.0281295,-1.0281295,-1.0281295,-1.0281295,-1.0281295,-1.0281295,-1.0281295,-1.0281295,-1.0281295,-1.0281295,-1.0281295,-1.0281295,-1.0281295,-1.0281295,-1.0281295,-1.0281295,-1.0281295,-1.0281295,-1.0281295,-1.0281295,-1.0281295,-1.0281295,-1.0281295,-1.0281295,-1.0281295,-1.0281295,-1.0281295,-1.0281295,-1.0281295,-1.0281295,-1.0281295,-1.0281295,-1.0281295,-1.0281295,-1.0281295,-1.0281295,-1.0281295,-1.0281295,-1.0281295,-1.0281295,-1.0281295,-1.0281295,-1.0281295,-1.0281295,-1.0281295,-1.0281295,-1.0281295,-1.0281295,-1.0281295,-1.0281295,-1.0281295,-1.0281295,-1.0281295,-1.0281295,-1.0281295,-1.0281295,-1.0281295,-1.0281295,-1.0281295,-1.0281295,-1.0281295,-1.0281295,-1.0281295,-1.0281295,-1.0281295,-1.0281295,-1.0281295,-1.0281295,-1.0281295,-1.0281295,-1.0281295,-1.0281295,-1.0281295,-1.0281295,-1.0281295,-1.0281295,-1.0281295,-1.0281295,-1.0281295,-1.0281295,-1.0281295,-1.0281295,-1.0281295,-1.0281295,-1.0281295,-1.0281295,-1.0281295,-1.0281295,-1.0281295,-1.0281295,-1.0281295,-1.0281295,-1.0281295,-1.0281295,-1.0281295,-1.0281295,-1.0281295,-1.0281295,-1.0281295,-1.0281295,-1.0281295,-1.0281295,-1.0281295,-1.0281295,-1.0281295,-1.0281295,-1.0281295,-1.0281295,-1.0281295,-1.0281295,-1.0281295,-1.0281295,-1.0281295,-1.0281295,-1.0281295,-1.0281295,-1.0281295,-1.0281295,-1.0281295,-1.0281295,-1.0281295,-1.0281295,-1.0281295,-1.0281295,-1.0281295,-1.0281295,-1.0281295,-1.0281295,-1.0281295,-1.0281295,-1.0281295,-1.0281295,-1.0281295,-1.0281295,-1.0281295,-1.0281295,-1.0281295,-1.0281295,-1.0281295,-1.0281295,-1.0281295,-1.0281295,-1.0281295,-1.0281295,-1.0281295,-1.0281295,-1.0281295,-1.0281295,-1.0281295,-1.0281295,-1.0281295,-1.0281295,-1.0281295,-1.0281295,-1.0281295,-1.0281295,-1.0281295,-1.0281295,-1.0281295,-1.0281295,-1.0281295,-1.0281295,-1.0281295,-1.0281295,-1.0281295,0
0,-1.0281295,-1.0281295,-1.0281295,-1.0281295,-1.0281295,-1.0281295,-1.0281295,-1.0281295,-1.0281295,-1.0281295,-1.0281295,-1.0281295,-1.0281295,-1.0281295,-1.0281295,-1.0281295,-1.0281295,-1.0281295,-1.0281295,-1.0281295,-1.0281295,-1.0281295,-1.0281295,-1.0281295,-1.0281295,-1.0281295,-1.0281295,-1.0281295,-1.0281295,-1.0281295,-1.0281295,-1.0281295,-1.0281295,-1.0281295,-1.0281295,-1.0281295,-1.0281295,-1.0281295,-1.0281295,-1.0281295,-1.0281295,-1.0281295,-1.0281295,-1.0281295,-1.0281295,-1.0281295,-1.0281295,-1.0281295,-1.0281295,-1.0281295,-1.0281295,-1.0281295,-1.0281295,-1.0281295,-1.0281295,-1.0281295,-1.0281295,-1.0281295,-1.0281295,-1.0281295,-1.0281295,-1.0281295,-1.0281295,-1.0281295,-1.0281295,-1.0281295,-1.0281295,-1.0281295,-1.0281295,-1.0281295,-1.0281295,-1.0281295,-1.0281295,-1.0281295,-1.0281295,-1.0281295,-1.0281295,-1.0281295,-1.0281295,-1.0281295,-1.0281295,-1.0281295,-1.0281295,-1.0281295,-1.0281295,-1.0281295,-1.0281295,-1.0281295,-1.0281295,-1.0281295,-1.0281295,-1.0281295,-1.0281295,-1.0281295,-1.0281295,-1.0281295,-1.0281295,-1.0281295,-1.0281295,-1.0281295,-1.0281295,-1.0281295,-1.0281295,-1.0281295,-1.0281295,-1.0281295,-1.0281295,-1.0281295,-1.0281295,-1.0281295,-1.0281295,-1.0281295,-1.0281295,-1.0281295,-1.0281295,-1.0281295,-1.0281295,-1.0281295,-1.0281295,-1.0281295,-1.0281295,-1.0281295,-1.0281295,-1.0281295,-1.0281295,-1.0281295,-1.0281295,-1.0281295,-1.0281295,-1.0281295,-1.0281295,-1.0281295,-1.0281295,-1.0281295,-1.0281295,-1.0281295,-1.0281295,-1.0281295,-1.0281295,-1.0281295,-1.0281295,-1.0281295,-1.0281295,-1.0281295,-1.0281295,-1.0281295,-1.0281295,-1.0281295,-1.0281295,-1.0281295,-1.0281295,-1.0281295,-1.0281295,-1.0281295,-1.0281295,-1.0281295,-1.0281295,-1.0281295,-1.0281295,-1.0281295,-1.0281295,-1.0281295,-1.0281295,-1.0281295,-1.0281295,-1.0281295,-1.0281295,-1.0281295,-1.0281295,-1.0281295,-1.0281295,-1.0281295,-1.0281295,-1.0281295,-1.0281295,-1.0281295,-1.0281295,-1.0281295,-1.0281295,-1.0281295,-1.0281295,-1.0281295,-1.0281295,-1.0281295,-1.0281295,-1.0281295,-1.0281295,-1.0281295,-1.0281295,-1.0281295,-1.0281295,-1.0281295,-1.0281295,-1.0281295,-1.0281295,-1.0281295,0
0,-1.0281295,-1.0281295,-1.0281295,-1.0281295,-1.0281295,-1.0281295,-1.0281295,-1.0281295,-1.0281295,-1.0281295,-1.0281295,-1.0281295,-1.0281295,-1.0281295,-1.0281295,-1.0281295,-1.0281295,-1.0281295,-1.0281295,-1.0281295,-1.0281295,-1.0281295,-1.0281295,-1.0281295,-1.0281295,-1.0281295,-1.0281295,-1.0281295,-1.0281295,-1.0281295,-1.0281295,-1.0281295,-1.0281295,-1.0281295,-1.0281295,-1.0281295,-1.0281295,-1.0281295,-1.0281295,-1.0281295,-1.0281295,-1.0281295,-1.0281295,-1.0281295,-1.0281295,-1.0281295,-1.0281295,-1.0281295,-1.0281295,-1.0281295,-1.0281295,-1.0281295,-1.0281295,-1.0281295,-1.0281295,-1.0281295,-1.0281295,-1.0281295,-1.0281295,-1.0281295,-1.0281295,-1.0281295,-1.0281295,-1.0281295,-1.0281295,-1.0281295,-1.0281295,-1.0281295,-1.0281295,-1.0281295,-1.0281295,-1.0281295,-1.0281295,-1.0281295,-1.0281295,-1.0281295,-1.0281295,-1.0281295,-1.0281295,-1.0281295,-1.0281295,-1.0281295,-1.0281295,-1.0281295,-1.0281295,-1.0281295,-1.0281295,-1.0281295,-1.0281295,-1.0281295,-1.0281295,-1.0281295,-1.0281295,-1.0281295,-1.0281295,-1.0281295,-1.0281295,-1.0281295,-1.0281295,-1.0281295,-1.0281295,-1.0281295,-1.0281295,-1.0281295,-1.0281295,-1.0281295,-1.0281295,-1.0281295,-1.0281295,-1.0281295,-1.0281295,-1.0281295,-1.0281295,-1.0281295,-1.0281295,-1.0281295,-1.0281295,-1.0281295,-1.0281295,-1.0281295,-1.0281295,-1.0281295,-1.0281295,-1.0281295,-1.0281295,-1.0281295,-1.0281295,-1.0281295,-1.0281295,-1.0281295,-1.0281295,-1.0281295,-1.0281295,-1.0281295,-1.0281295,-1.0281295,-1.0281295,-1.0281295,-1.0281295,-1.0281295,-1.0281295,-1.0281295,-1.0281295,-1.0281295,-1.0281295,-1.0281295,-1.0281295,-1.0281295,-1.0281295,-1.0281295,-1.0281295,-1.0281295,-1.0281295,-1.0281295,-1.0281295,-1.0281295,-1.0281295,-1.0281295,-1.0281295,0,0,0,0,0,0,0,0,0,0,0,0,0,0,0,0,0,0,0,0,0,0,0,0,0,0,0,0,0,0,0,0,0,0,0,0,0,0
0,0,0,0,0,0,0,0,0,0,0,0,0,0,0,0,0,0,0,0,0,0,0,0,0,0,0,0,0,0,0,0,0,0,0,0,0,0,0,0,0,0,0,0,0,0,0,0,0,0,0,0,0,0,0,0,0,0,0,0,0,0,0,0,0,0,0,0,0,0,0,0,0,0,0,0,0,0,0,0,0,0,0,0,0,0,0,0,0,0,0,0,0,0,0,0,0,0,0,0,0,0,0,0,0,0,0,0,0,0,0,0,0,0,0,0,0,0,0,0,0,0,0,0,0,0,0,0,0,0,0,0,0,0,0,0,0,0,0,0,0,0,0,0,0,0,0,0,0,0,0,0,0,0,0,0,0,0,0,0,0,0,0,0,0,0,0,0,0,0,0,0,0,0,0,0,0,0,0,0,0,0,0,0,0,0,0,0,0,0,0,0,0,0,0,0,0,0
0,0,0,0,0,0,0,0,0,0,0,0,0,0,0,0,0,0,0,0,0,0,0,0,0,0,0,0,0,0,0,0,0,0,0,0,0,0,0,0,0,0,0,0,0,0,0,0,0,0,0,0,0,0,0,0,0,0,0,0,0,0,0,0,0,0,0,0,0,0,0,0,0,0,0,0,0,0,0,0,0,0,0,0,0,0,0,0,0,0,0,0,0,0,0,0,0,0,0,0,0,0,0,0,0,0,0,0,0,0,0,0,0,0,0,0,0,0,0,0,0,0,0,0,0,0,0,0,0,0,0,0,0,0,0,0,0,0,0,0,0,0,0,0,0,0,0,0,0,0,0,0,0,0,0,0,0,0,0,0,0,0,0,0,0,0,0,0,0,0,0,0,0,0,0,0,0,0,0,0,0,0,0,0,0,0,0,0,0,0,0,0,0,0,0,0,0,0
0,0,0,0,0,0,0,0,0,0,0,0,0,0,0,0,0,0,0,0,0,0,0,0,0,0,0,0,0,0,0,0,0,0,0,0,0,0,0,0,0,0,0,0,0,0,0,0,0,0,0,0,0,0,0,0,0,0,0,0,0,0,0,0,0,0,0,0,0,0,0,0,0,0,0,0,0,0,0,0,0,0,0,0,0,0,0,0,0,0,0,0,0,0,0,0,0,0,0,0,0,0,0,0,0,0,0,0,0,0,0,0,0,0,0,0,0,0,0,0,0,0,0,0,0,0,0,0,0,0,0,0,0,0,0,0,0,0,0,0,0,0,0,0,0,0,0,0,0,0,0,0,0,0,0,0,0,0,0,0,0,0,0,0,0,0,0,0,0,0,0,0,0,0,0,0,0,0,0,0,0,0,0,0,0,0,0,0,0,0,0,0,0,0,0,0,0,0
0,0,0,0,0,0,0,0,0,0,0,0,0,0,0,0,0,0,0,0,0,0,0,0,0,0,0,0,0,0,0,0,0,0,0,0,0,0,0,0,0,0,0,0,0,0,0,0,0,0,0,0,0,0,0,0,0,0,0,0,0,0,0,0,0,0,0,0,0,0,0,0,0,0,0,0,0,0,0,0,0,0,0,0,0,0,0,0,0,0,0,0,0,0,0,0,0,0,0,0,0,0,0,0,0,0,0,0,0,0,0,0,0,0,0,0,0,0,0,0,0,0,0,0,0,0,0,0,0,0,0,0,0,0,0,0,0,0,0,0,0,0,0,0,0,0,0,0,0,0,0,0,0,0,0,0,0,0,0,0,0,0,0,0,0,0,0,0,0,0,0,0,0,0,0,0,0,0,0,0,0,0,0,0,0,0,0,0,0,0,0,0,0,0,0,0,0,0
0,0,0,0,0,0,0,0,0,0,0,0,0,0,0,0,0,0,0,0,0,0,0,0,0,0,0,0,0,0,0,0,0,0,0,0,0,0,0,0,0,0,0,0,0,0,0,0,0,0,0,0,0,0,0,0,0,0,0,0,0,0,0,0,0,0,0,0,0,0,0,0,0,0,0,0,0,0,0,0,0,0,0,0,0,0,0,0,0,0,0,0,0,0,0,0,0,0,0,0,0,0,0,0,0,0,0,0,0,0,0,0,0,0,0,0,0,0,0,0,0,0,0,0,0,0,0,0,0,0,0,0,0,0,0,0,0,0,0,0,0,0,0,0,0,0,0,0,0,0,0,0,0,0,0,0,0,0,0,0,0,0,0,0,0,0,0,0,0,0,0,0,0,0,0,0,0,0,0,0,0,0,0,0,0,0,0,0,0,0,0,0,0,0,0,0,0,0
0,0,0,0,0,0,0,0,0,0,0,0,0,0,0,0,0,0,0,0,0,0,0,0,0,0,0,0,0,0,0,0,0,0,0,0,0,0,0,0,0,0,0,0,0,0,0,0,0,0,0,0,0,0,0,0,0,0,0,0,0,0,0,0,0,0,0,0,0,0,0,0,0,0,0,0,0,0,0,0,0,0,0,0,0,0,0,0,0,0,0,0,0,0,0,0,0,0,0,0,0,0,0,0,0,0,0,0,0,0,0,0,0,0,0,0,0,0,0,0,0,0,0,0,0,0,0,0,0,0,0,0,0,0,0,0,0,0,0,0,0,0,0,0,0,0,0,0,0,0,0,0,0,0,0,0,0,0,0,0,0,0,0,0,0,0,0,0,0,0,0,0,0,0,0,0,0,0,0,0,0,0,0,0,0,0,0,0,0,0,0,0,0,0,0,0,0,0
0,0,0,0,0,0,0,0,0,0,0,0,0,0,0,0,0,0,0,0,0,0,0,0,0,0,0,0,0,0,0,0,0,0,0,0,0,0,0,0,0,0,0,0,0,0,0,0,0,0,0,0,0,0,0,0,0,0,0,0,0,0,0,0,0,0,0,0,0,0,0,0,0,0,0,0,0,0,0,0,0,0,0,0,0,0,0,0,0,0,0,0,0,0,0,0,0,0,0,0,0,0,0,0,0,0,0,0,0,0,0,0,0,0,0,0,0,0,0,0,0,0,0,0,0,0,0,0,0,0,0,0,0,0,0,0,0,0,0,0,0,0,0,0,0,0,0,0,0,0,0,0,0,0,0,0,0,0,0,0,0,0,0,0,0,0,0,0,0,0,0,0,0,0,0,0,0,0,0,0,0,0,0,0,0,0,0,0,0,0,0,0,0,0,0,0,0,0
0,0,0,0,0,0,0,0,0,0,0,0,0,0,0,0,0,0,0,0,0,0,0,0,0,0,0,0,0,0,0,0,0,0,0,0,0,0,0,0,0,0,0,0,0,0,0,0,0,0,0,0,0,0,0,0,0,0,0,0,0,0,0,0,0,0,0,0,0,0,0,0,0,0,0,0,0,0,0,0,0,0,0,0,0,0,0,0,0,0,0,0,0,0,0,0,0,0,0,0,0,0,0,0,0,0,0,0,0,0,0,0,0,0,0,0,0,0,0,0,0,0,0,0,0,0,0,0,0,0,0,0,0,0,0,0,0,0,0,0,0,0,0,0,0,0,0,0,0,0,0,0,0,0,0,0,0,0,0,0,0,0,0,0,0,0,0,0,0,0,0,0,0,0,0,0,0,0,0,0,0,0,0,0,0,0,0,0,0,0,0,0,0,0,0,0,0,0
0,0,0,0,0,0,0,0,0,0,0,0,0,0,0,0,0,0,0,0,0,0,0,0,0,0,0,0,0,0,0,0,0,0,0,0,0,0,0,0,0,0,0,0,0,0,0,0,0,0,0,0,0,0,0,0,0,0,0,0,0,0,0,0,0,0,0,0,0,0,0,0,0,0,0,0,0,0,0,0,0,0,0,0,0,0,0,0,0,0,0,0,0,0,0,0,0,0,0,0,0,0,0,0,0,0,0,0,0,0,0,0,0,0,0,0,0,0,0,0,0,0,0,0,0,0,0,0,0,0,0,0,0,0,0,0,0,0,0,0,0,0,0,0,0,0,0,0,0,0,0,0,0,0,0,0,0,0,0,0,0,0,0,0,0,0,0,0,0,0,0,0,0,0,0,0,0,0,0,0,0,0,0,0,0,0,0,0,0,0,0,0,0,0,0,0,0,0
0,0,0,0,0,0,0,0,0,0,0,0,0,0,0,0,0,0,0,0,0,0,0,0,0,0,0,0,0,0,0,0,0,0,0,0,0,0,0,0,0,0,0,0,0,0,0,0,0,0,0,0,0,0,0,0,0,0,0,0,0,0,0,0,0,0,0,0,0,0,0,0,0,0,0,0,0,0,0,0,0,0,0,0,0,0,0,0,0,0,0,0,0,0,0,0,0,0,0,0,0,0,0,0,0,0,0,0,0,0,0,0,0,0,0,0,0,0,0,0,0,0,0,0,0,0,0,0,0,0,0,0,0,0,0,0,0,0,0,0,0,0,0,0,0,0,0,0,0,0,0,0,0,0,0,0,0,0,0,0,0,0,0,0,0,0,0,0,0,0,0,0,0,0,0,0,0,0,0,0,0,0,0,0,0,0,0,0,0,0,0,0,0,0,0,0,0,0
0,0,0,0,0,0,0,0,0,0,0,0,0,0,0,0,0,0,0,0,0,0,0,0,0,0,0,0,0,0,0,0,0,0,0,0,0,0,0,0,0,0,0,0,0,0,0,0,0,0,0,0,0,0,0,0,0,0,0,0,0,0,0,0,0,0,0,0,0,0,0,0,0,0,0,0,0,0,0,0,0,0,0,0,0,0,0,0,0,0,0,0,0,0,0,0,0,0,0,0,0,0,0,0,0,0,0,0,0,0,0,0,0,0,0,0,0,0,0,0,0,0,0,0,0,0,0,0,0,0,0,0,0,0,0,0,0,0,0,0,0,0,0,0,0,0,0,0,0,0,0,0,0,0,0,0,0,0,0,0,0,0,0,0,0,0,0,0,0,0,0,0,0,0,0,0,0,0,0,0,0,0,0,0,0,0,0,0,0,0,0,0,0,0,0,0,0,0
0,0,0,0,0,0,0,0,0,0,0,0,0,0,0,0,0,0,0,0,0,0,0,0,0,0,0,0,0,0,0,0,0,0,0,0,0,0,0,0,0,0,0,0,0,0,0,0,0,0,0,0,0,0,0,0,0,0,0,0,0,0,0,0,0,0,0,0,0,0,0,0,0,0,0,0,0,0,0,0,0,0,0,0,0,0,0,0,0,0,0,0,0,0,0,0,0,0,0,0,0,0,0,0,0,0,0,0,0,0,0,0,0,0,0,0,0,0,0,0,0,0,0,0,0,0,0,0,0,0,0,0,0,0,0,0,0,0,0,0,0,0,0,0,0,0,0,0,0,0,0,0,0,0,0,0,0,0,0,0,0,0,0,0,0,0,0,0,0,0,0,0,0,0,0,0,0,0,0,0,0,0,0,0,0,0,0,0,0,0,0,0,0,0,0,0,0,0
0,0,0,0,0,0,0,0,0,0,0,0,0,0,0,0,0,0,0,0,0,0,0,0,0,0,0,0,0,0,0,0,0,0,0,0,0,0,0,0,0,0,0,0,0,0,0,0,0,0,0,0,0,0,0,0,0,0,0,0,0,0,0,0,0,0,0,0,0,0,0,0,0,0,0,0,0,0,0,0,0,0,0,0,0,0,0,0,0,0,0,0,0,0,0,0,0,0,0,0,0,0,0,0,0,0,0,0,0,0,0,0,0,0,0,0,0,0,0,0,0,0,0,0,0,0,0,0,0,0,0,0,0,0,0,0,0,0,0,0,0,0,0,0,0,0,0,0,0,0,0,0,0,0,0,0,0,0,0,0,0,0,0,0,0,0,0,0,0,0,0,0,0,0,0,0,0,0,0,0,0,0,0,0,0,0,0,0,0,0,0,0,0,0,0,0,0,0
0,0,0,0,0,0,0,0,0,0,0,0,0,0,0,0,0,0,0,0,0,0,0,0,0,0,0,0,0,0,0,0,0,0,0,0,0,0,0,0,0,0,0,0,0,0,0,0,0,0,0,0,0,0,0,0,0,0,0,0,0,0,0,0,0,0,0,0,0,0,0,0,0,0,0,0,0,0,0,0,0,0,0,0,0,0,0,0,0,0,0,0,0,0,0,0,0,0,0,0,0,0,0,0,0,0,0,0,0,0,0,0,0,0,0,0,0,0,0,0,0,0,0,0,0,0,0,0,0,0,0,0,0,0,0,0,0,0,0,0,0,0,0,0,0,0,0,0,0,0,0,0,0,0,0,0,0,0,0,0,0,0,0,0,0,0,0,0,0,0,0,0,0,0,0,0,0,0,0,0,0,0,0,0,0,0,0,0,0,0,0,0,0,0,0,0,0,0
0,0,0,0,0,0,0,0,0,0,0,0,0,0,0,0,0,0,0,0,0,0,0,0,0,0,0,0,0,0,0,0,0,0,0,0,0,0,0,0,0,0,0,0,0,0,0,0,0,0,0,0,0,0,0,0,0,0,0,0,0,0,0,0,0,0,0,0,0,0,0,0,0,0,0,0,0,0,0,0,0,0,0,0,0,0,0,0,0,0,0,0,0,0,0,0,0,0,0,0,0,0,0,0,0,0,0,0,0,0,0,0,0,0,0,0,0,0,0,0,0,0,0,0,0,0,0,0,0,0,0,0,0,0,0,0,0,0,0,0,0,0,0,0,0,0,0,0,0,0,0,0,0,0,0,0,0,0,0,0,0,0,0,0,0,0,0,0,0,0,0,0,0,0,0,0,0,0,0,0,0,0,0,0,0,0,0,0,0,0,0,0,0,0,0,0,0,0
0,0,0,0,0,0,0,0,0,0,0,0,0,0,0,0,0,0,0,0,0,0,0,0,0,0,0,0,0,0,0,0,0,0,0,0,0,0,0,0,0,0,0,0,0,0,0,0,0,0,0,0,0,0,0,0,0,0,0,0,0,0,0,0,0,0,0,0,0,0,0,0,0,0,0,0,0,0,0,0,0,0,0,0,0,0,0,0,0,0,0,0,0,0,0,0,0,0,0,0,0,0,0,0,0,0,0,0,0,0,0,0,0,0,0,0,0,0,0,0,0,0,0,0,0,0,0,0,0,0,0,0,0,0,0,0,0,0,0,0,0,0,0,0,0,0,0,0,0,0,0,0,0,0,0,0,0,0,0,0,0,0,0,0,0,0,0,0,0,0,0,0,0,0,0,0,0,0,0,0,0,0,0,0,0,0,0,0,0,0,0,0,0,0,0,0,0,0
0,0,0,0,0,0,0,0,0,0,0,0,0,0,0,0,0,0,0,0,0,0,0,0,0,0,0,0,0,0,0,0,0,0,0,0,0,0,0,0,0,0,0,0,0,0,0,0,0,0,0,0,0,0,0,0,0,0,0,0,0,0,0,0,0,0,0,0,0,0,0,0,0,0,0,0,0,0,0,0,0,0,0,0,0,0,0,0,0,0,0,0,0,0,0,0,0,0,0,0,0,0,0,0,0,0,0,0,0,0,0,0,0,0,0,0,0,0,0,0,0,0,0,0,0,0,0,0,0,0,0,0,0,0,0,0,0,0,0,0,0,0,0,0,0,0,0,0,0,0,0,0,0,0,0,0,0,0,0,0,0,0,0,0,0,0,0,0,0,0,0,0,0,0,0,0,0,0,0,0,0,0,0,0,0,0,0,0,0,0,0,0,0,0,0,0,0,0
0,0,0,0,0,0,0,0,0,0,0,0,0,0,0,0,0,0,0,0,0,0,0,0,0,0,0,0,0,0,0,0,0,0,0,0,0,0,0,0,0,0,0,0,0,0,0,0,0,0,0,0,0,0,0,0,0,0,0,0,0,0,0,0,0,0,0,0,0,0,0,0,0,0,0,0,0,0,0,0,0,0,0,0,0,0,0,0,0,0,0,0,0,0,0,0,0,0,0,0,0,0,0,0,0,0,0,0,0,0,0,0,0,0,0,0,0,0,0,0,0,0,0,0,0,0,0,0,0,0,0,0,0,0,0,0,0,0,0,0,0,0,0,0,0,0,0,0,0,0,0,0,0,0,0,0,0,0,0,0,0,0,0,0,0,0,0,0,0,0,0,0,0,0,0,0,0,0,0,0,0,0,0,0,0,0,0,0,0,0,0,0,0,0,0,0,0,0
0,0,0,0,0,0,0,0,0,0,0,0,0,0,0,0,0,0,0,0,0,0,0,0,0,0,0,0,0,0,0,0,0,0,0,0,0,0,0,0,0,0,0,0,0,0,0,0,0,0,0,0,0,0,0,0,0,0,0,0,0,0,0,0,0,0,0,0,0,0,0,0,0,0,0,0,0,0,0,0,0,0,0,0,0,0,0,0,0,0,0,0,0,0,0,0,0,0,0,0,0,0,0,0,0,0,0,0,0,0,0,0,0,0,0,0,0,0,0,0,0,0,0,0,0,0,0,0,0,0,0,0,0,0,0,0,0,0,0,0,0,0,0,0,0,0,0,0,0,0,0,0,0,0,0,0,0,0,0,0,0,0,0,0,0,0,0,0,0,0,0,0,0,0,0,0,0,0,0,0,0,0,0,0,0,0,0,0,0,0,0,0,0,0,0,0,0,0
0,0,0,0,0,0,0,0,0,0,0,0,0,0,0,0,0,0,0,0,0,0,0,0,0,0,0,0,0,0,0,0,0,0,0,0,0,0,0,0,0,0,0,0,0,0,0,0,0,0,0,0,0,0,0,0,0,0,0,0,0,0,0,0,0,0,0,0,0,0,0,0,0,0,0,0,0,0,0,0,0,0,0,0,0,0,0,0,0,0,0,0,0,0,0,0,0,0,0,0,0,0,0,0,0,0,0,0,0,0,0,0,0,0,0,0,0,0,0,0,0,0,0,0,0,0,0,0,0,0,0,0,0,0,0,0,0,0,0,0,0,0,0,0,0,0,0,0,0,0,0,0,0,0,0,0,0,0,0,0,0,0,0,0,0,0,0,0,0,0,0,0,0,0,0,0,0,0,0,0,0,0,0,0,0,0,0,0,0,0,0,0,0,0,0,0,0,0
0,0,0,0,0,0,0,0,0,0,0,0,0,0,0,0,0,0,0,0,0,0,0,0,0,0,0,0,0,0,0,0,0,0,0,0,0,0,0,0,0,0,0,0,0,0,0,0,0,0,0,0,0,0,0,0,0,0,0,0,0,0,0,0,0,0,0,0,0,0,0,0,0,0,0,0,0,0,0,0,0,0,0,0,0,0,0,0,0,0,0,0,0,0,0,0,0,0,0,0,0,0,0,0,0,0,0,0,0,0,0,0,0,0,0,0,0,0,0,0,0,0,0,0,0,0,0,0,0,0,0,0,0,0,0,0,0,0,0,0,0,0,0,0,0,0,0,0,0,0,0,0,0,0,0,0,0,0,0,0,0,0,0,0,0,0,0,0,0,0,0,0,0,0,0,0,0,0,0,0,0,0,0,0,0,0,0,0,0,0,0,0,0,0,0,0,0,0
0,0,0,0,0,0,0,0,0,0,0,0,0,0,0,0,0,0,0,0,0,0,0,0,0,0,0,0,0,0,0,0,0,0,0,0,0,0,0,0,0,0,0,0,0,0,0,0,0,0,0,0,0,0,0,0,0,0,0,0,0,0,0,0,0,0,0,0,0,0,0,0,0,0,0,0,0,0,0,0,0,0,0,0,0,0,0,0,0,0,0,0,0,0,0,0,0,0,0,0,0,0,0,0,0,0,0,0,0,0,0,0,0,0,0,0,0,0,0,0,0,0,0,0,0,0,0,0,0,0,0,0,0,0,0,0,0,0,0,0,0,0,0,0,0,0,0,0,0,0,0,0,0,0,0,0,0,0,0,0,0,0,0,0,0,0,0,0,0,0,0,0,0,0,0,0,0,0,0,0,0,0,0,0,0,0,0,0,0,0,0,0,0,0,0,0,0,0
0,0,0,0,0,0,0,0,0,0,0,0,0,0,0,0,0,0,0,0,0,0,0,0,0,0,0,0,0,0,0,0,0,0,0,0,0,0,0,0,0,0,0,0,0,0,0,0,0,0,0,0,0,0,0,0,0,0,0,0,0,0,0,0,0,0,0,0,0,0,0,0,0,0,0,0,0,0,0,0,0,0,0,0,0,0,0,0,0,0,0,0,0,0,0,0,0,0,0,0,0,0,0,0,0,0,0,0,0,0,0,0,0,0,0,0,0,0,0,0,0,0,0,0,0,0,0,0,0,0,0,0,0,0,0,0,0,0,0,0,0,0,0,0,0,0,0,0,0,0,0,0,0,0,0,0,0,0,0,0,0,0,0,0,0,0,0,0,0,0,0,0,0,0,0,0,0,0,0,0,0,0,0,0,0,0,0,0,0,0,0,0,0,0,0,0,0,0
0,0,0,0,0,0,0,0,0,0,0,0,0,0,0,0,0,0,0,0,0,0,0,0,0,0,0,0,0,0,0,0,0,0,0,0,0,0,0,0,0,0,0,0,0,0,0,0,0,0,0,0,0,0,0,0,0,0,0,0,0,0,0,0,0,0,0,0,0,0,0,0,0,0,0,0,0,0,0,0,0,0,0,0,0,0,0,0,0,0,0,0,0,0,0,0,0,0,0,0,0,0,0,0,0,0,0,0,0,0,0,0,0,0,0,0,0,0,0,0,0,0,0,0,0,0,0,0,0,0,0,0,0,0,0,0,0,0,0,0,0,0,0,0,0,0,0,0,0,0,0,0,0,0,0,0,0,0,0,0,0,0,0,0,0,0,0,0,0,0,0,0,0,0,0,0,0,0,0,0,0,0,0,0,0,0,0,0,0,0,0,0,0,0,0,0,0,0
0,0,0,0,0,0,0,0,0,0,0,0,0,0,0,0,0,0,0,0,0,0,0,0,0,0,0,0,0,0,0,0,0,0,0,0,0,0,0,0,0,0,0,0,0,0,0,0,0,0,0,0,0,0,0,0,0,0,0,0,0,0,0,0,0,0,0,0,0,0,0,0,0,0,0,0,0,0,0,0,0,0,0,0,0,0,0,0,0,0,0,0,0,0,0,0,0,0,0,0,0,0,0,0,0,0,0,0,0,0,0,0,0,0,0,0,0,0,0,0,0,0,0,0,0,0,0,0,0,0,0,0,0,0,0,0,0,0,0,0,0,0,0,0,0,0,0,0,0,0,0,0,0,0,0,0,0,0,0,0,0,0,0,0,0,0,0,0,0,0,0,0,0,0,0,0,0,0,0,0,0,0,0,0,0,0,0,0,0,0,0,0,0,0,0,0,0,0
0,0,0,0,0,0,0,0,0,0,0,0,0,0,0,0,0,0,0,0,0,0,0,0,0,0,0,0,0,0,0,0,0,0,0,0,0,0,0,0,0,0,0,0,0,0,0,0,0,0,0,0,0,0,0,0,0,0,0,0,0,0,0,0,0,0,0,0,0,0,0,0,0,0,0,0,0,0,0,0,0,0,0,0,0,0,0,0,0,0,0,0,0,0,0,0,0,0,0,0,0,0,0,0,0,0,0,0,0,0,0,0,0,0,0,0,0,0,0,0,0,0,0,0,0,0,0,0,0,0,0,0,0,0,0,0,0,0,0,0,0,0,0,0,0,0,0,0,0,0,0,0,0,0,0,0,0,0,0,0,0,0,0,0,0,0,0,0,0,0,0,0,0,0,0,0,0,0,0,0,0,0,0,0,0,0,0,0,0,0,0,0,0,0,0,0,0,0
0,0,0,0,0,0,0,0,0,0,0,0,0,0,0,0,0,0,0,0,0,0,0,0,0,0,0,0,0,0,0,0,0,0,0,0,0,0,0,0,0,0,0,0,0,0,0,0,0,0,0,0,0,0,0,0,0,0,0,0,0,0,0,0,0,0,0,0,0,0,0,0,0,0,0,0,0,0,0,0,0,0,0,0,0,0,0,0,0,0,0,0,0,0,0,0,0,0,0,0,0,0,0,0,0,0,0,0,0,0,0,0,0,0,0,0,0,0,0,0,0,0,0,0,0,0,0,0,0,0,0,0,0,0,0,0,0,0,0,0,0,0,0,0,0,0,0,0,0,0,0,0,0,0,0,0,0,0,0,0,0,0,0,0,0,0,0,0,0,0,0,0,0,0,0,0,0,0,0,0,0,0,0,0,0,0,0,0,0,0,0,0,0,0,0,0,0,0
0,0,0,0,0,0,0,0,0,0,0,0,0,0,0,0,0,0,0,0,0,0,0,0,0,0,0,0,0,0,0,0,0,0,0,0,0,0,0,0,0,0,0,0,0,0,0,0,0,0,0,0,0,0,0,0,0,0,0,0,0,0,0,0,0,0,0,0,0,0,0,0,0,0,0,0,0,0,0,0,0,0,0,0,0,0,0,0,0,0,0,0,0,0,0,0,0,0,0,0,0,0,0,0,0,0,0,0,0,0,0,0,0,0,0,0,0,0,0,0,0,0,0,0,0,0,0,0,0,0,0,0,0,0,0,0,0,0,0,0,0,0,0,0,0,0,0,0,0,0,0,0,0,0,0,0,0,0,0,0,0,0,0,0,0,0,0,0,0,0,0,0,0,0,0,0,0,0,0,0,0,0,0,0,0,0,0,0,0,0,0,0,0,0,0,0,0,0
0,0,0,0,0,0,0,0,0,0,0,0,0,0,0,0,0,0,0,0,0,0,0,0,0,0,0,0,0,0,0,0,0,0,0,0,0,0,-0.9687091,-0.9687091,-0.9687091,-0.9687091,-0.9687091,-0.9687091,-0.9687091,-0.9687091,-0.9687091,-0.9687091,-0.9687091,-0.9687091,-0.9687091,-0.9687091,-0.9687091,-0.9687091,-0.9687091,-0.9687091,-0.9687091,-0.9687091,-0.9687091,-0.9687091,-0.9687091,-0.9687091,-0.9687091,-0.9687091,-0.9687091,-0.9687091,-0.9687091,-0.9687091,-0.9687091,-0.9687091,-0.9687091,-0.9687091,-0.9687091,-0.9687091,-0.9687091,-0.9687091,-0.9687091,-0.9687091,-0.9687091,-0.9687091,-0.9687091,-0.9687091,-0.9687091,-0.9687091,-0.9687091,-0.9687091,-0.9687091,-0.9687091,-0.9687091,-0.9687091,-0.9687091,-0.9687091,-0.9687091,-0.9687091,-0.9687091,-0.9687091,-0.9687091,-0.9687091,-0.9687091,-0.9687091,-0.9687091,-0.9687091,-0.9687091,-0.9687091,-0.9687091,-0.9687091,-0.9687091,-0.9687091,-0.9687091,-0.9687091,-0.9687091,-0.9687091,-0.9687091,-0.9687091,-0.9687091,-0.9687091,-0.9687091,-0.9687091,-0.9687091,-0.9687091,-0.9687091,-0.9687091,-0.9687091,-0.9687091,-0.9687091,-0.9687091,-0.9687091,-0.9687091,-0.9687091,-0.9687091,-0.9687091,-0.9687091,-0.9687091,-0.9687091,-0.9687091,-0.9687091,-0.9687091,-0.9687091,-0.9687091,-0.9687091,-0.9687091,-0.9687091,-0.9687091,-0.9687091,-0.9687091,-0.9687091,-0.9687091,-0.9687091,-0.9687091,-0.9687091,-0.9687091,-0.9687091,-0.9687091,-0.9687091,-0.9687091,-0.9687091,-0.9687091,-0.9687091,-0.9687091,-0.9687091,-0.9687091,-0.9687091,-0.9687091,-0.9687091,-0.9687091,-0.9687091,-0.9687091,-0.9687091,-0.9687091,-0.9687091,-0.9687091,-0.9687091,-0.9687091,-0.9687091,-0.9687091,-0.9687091,-0.9687091,-0.9687091,-0.9687091,-0.9687091,-0.9687091,-0.9687091,-0.9687091,-0.9687091,-0.9687091,-0.9687091,-0.9687091,-0.9687091,-0.9687091,-0.9687091,-0.9687091,-0.9687091,-0.9687091,-0.9687091,-0.9687091,-0.9687091,-0.9687091,0
0,-0.9687091,-0.9687091,-0.9687091,-0.9687091,-0.9687091,-0.9687091,-0.9687091,-0.9687091,-0.9687091,-0.9687091,-0.9687091,-0.9687091,-0.9687091,-0.9687091,-0.9687091,-0.9687091,-0.9687091,-0.9687091,-0.9687091,-0.9687091,-0.9687091,-0.9687091,-0.9687091,-0.9687091,-0.9687091,-0.9687091,-0.9687091,-0.9687091,-0.9687091,-0.9687091,-0.9687091,-0.9687091,-0.9687091,-0.9687091,-0.9687091,-0.9687091,-0.9687091,-0.9687091,-0.9687091,-0.9687091,-0.9687091,-0.9687091,-0.9687091,-0.9687091,-0.9687091,-0.9687091,-0.9687091,-0.9687091,-0.9687091,-0.9687091,-0.9687091,-0.9687091,-0.9687091,-0.9687091,-0.9687091,-0.9687091,-0.9687091,-0.9687091,-0.9687091,-0.9687091,-0.9687091,-0.9687091,-0.9687091,-0.9687091,-0.9687091,-0.9687091,-0.9687091,-0.9687091,-0.9687091,-0.9687091,-0.9687091,-0.9687091,-0.9687091,-0.9687091,-0.9687091,-0.9687091,-0.9687091,-0.9687091,-0.9687091,-0.9687091,-0.9687091,-0.9687091,-0.9687091,-0.9687091,-0.9687091,-0.9687091,-0.9687091,-0.9687091,-0.9687091,-0.9687091,-0.9687091,-0.9687091,-0.9687091,-0.9687091,-0.9687091,-0.9687091,-0.9687091,-0.9687091,-0.9687091,-0.9687091,-0.9687091,-0.9687091,-0.9687091,-0.9687091,-0.9687091,-0.9687091,-0.9687091,-0.9687091,-0.9687091,-0.9687091,-0.9687091,-0.9687091,-0.9687091,-0.9687091,-0.9687091,-0.9687091,-0.9687091,-0.9687091,-0.9687091,-0.9687091,-0.9687091,-0.9687091,-0.9687091,-0.9687091,-0.9687091,-0.9687091,-0.9687091,-0.9687091,-0.9687091,-0.9687091,-0.9687091,-0.9687091,-0.9687091,-0.9687091,-0.9687091,-0.9687091,-0.9687091,-0.9687091,-0.9687091,-0.9687091,-0.9687091,-0.9687091,-0.9687091,-0.9687091,-0.9687091,-0.9687091,-0.9687091,-0.9687091,-0.9687091,-0.9687091,-0.9687091,-0.9687091,-0.9687091,-0.9687091,-0.9687091,-0.9687091,-0.9687091,-0.9687091,-0.9687091,-0.9687091,-0.9687091,-0.9687091,-0.9687091,-0.9687091,-0.9687091,-0.9687091,-0.9687091,-0.9687091,-0.9687091,-0.9687091,-0.9687091,-0.9687091,-0.9687091,-0.9687091,-0.9687091,-0.9687091,-0.9687091,-0.9687091,-0.9687091,-0.9687091,-0.9687091,-0.9687091,-0.9687091,-0.9687091,-0.9687091,-0.9687091,-0.9687091,-0.9687091,-0.9687091,-0.9687091,-0.9687091,-0.9687091,-0.9687091,-0.9687091,-0.9687091,-0.9687091,0
0,-0.9687091,-0.9687091,-0.9687091,-0.9687091,-0.9687091,-0.9687091,-0.9687091,-0.9687091,-0.9687091,-0.9687091,-0.9687091,-0.9687091,-0.9687091,-0.9687091,-0.9687091,-0.9687091,-0.9687091,-0.9687091,-0.9687091,-0.9687091,-0.9687091,-0.9687091,-0.9687091,-0.9687091,-0.9687091,-0.9687091,-0.9687091,-0.9687091,-0.9687091,-0.9687091,-0.9687091,-0.9687091,-0.9687091,-0.9687091,-0.9687091,-0.9687091,-0.9687091,-0.9687091,-0.9687091,-0.9687091,-0.9687091,-0.9687091,-0.9687091,-0.9687091,-0.9687091,-0.9687091,-0.9687091,-0.9687091,-0.9687091,-0.9687091,-0.9687091,-0.9687091,-0.9687091,-0.9687091,-0.9687091,-0.9687091,-0.9687091,-0.9687091,-0.9687091,-0.9687091,-0.9687091,-0.9687091,-0.9687091,-0.9687091,-0.9687091,-0.9687091,-0.9687091,-0.9687091,-0.9687091,-0.9687091,-0.9687091,-0.9687091,-0.9687091,-0.9687091,-0.9687091,-0.9687091,-0.9687091,-0.9687091,-0.9687091,-0.9687091,-0.9687091,-0.9687091,-0.9687091,-0.9687091,-0.9687091,-0.9687091,-0.9687091,-0.9687091,-0.9687091,-0.9687091,-0.9687091,-0.9687091,-0.9687091,-0.9687091,-0.9687091,-0.9687091,-0.9687091,-0.9687091,-0.9687091,-0.9687091,-0.9687091,-0.9687091,-0.9687091,-0.9687091,-0.9687091,-0.9687091,-0.9687091,-0.9687091,-0.9687091,-0.9687091,-0.9687091,-0.9687091,-0.9687091,-0.9687091,-0.9687091,-0.9687091,-0.9687091,-0.9687091,-0.9687091,-0.9687091,-0.9687091,-0.9687091,-0.9687091,-0.9687091,-0.9687091,-0.9687091,-0.9687091,-0.9687091,-0.9687091,-0.9687091,-0.9687091,-0.9687091,-0.9687091,-0.9687091,-0.9687091,-0.9687091,-0.9687091,-0.9687091,-0.9687091,-0.9687091,-0.9687091,-0.9687091,-0.9687091,-0.9687091,-0.9687091,-0.9687091,-0.9687091,-0.9687091,-0.9687091,-0.9687091,-0.9687091,-0.9687091,-0.9687091,-0.9687091,-0.9687091,-0.9687091,-0.9687091,-0.9687091,-0.9687091,-0.9687091,-0.9687091,-0.9687091,-0.9687091,-0.9687091,-0.9687091,-0.9687091,-0.9687091,-0.9687091,-0.9687091,-0.9687091,-0.9687091,-0.9687091,-0.9687091,-0.9687091,-0.9687091,-0.9687091,-0.9687091,-0.9687091,-0.9687091,-0.9687091,-0.9687091,-0.9687091,-0.9687091,-0.9687091,-0.9687091,-0.9687091,-0.9687091,-0.9687091,-0.9687091,-0.9687091,-0.9687091,-0.9687091,-0.9687091,-0.9687091,-0.9687091,-0.9687091,0
0,-0.9687091,-0.9687091,-0.9687091,-0.9687091,-0.9687091,-0.9687091,-0.9687091,-0.9687091,-0.9687091,-0.9687091,-0.9687091,-0.9687091,-0.9687091,-0.9687091,-0.9687091,-0.9687091,-0.9687091,-0.9687091,-0.9687091,-0.9687091,-0.9687091,-0.9687091,-0.9687091,-0.9687091,-0.9687091,-0.9687091,-0.9687091,-0.9687091,-0.9687091,-0.9687091,-0.9687091,-0.9687091,-0.9687091,-0.9687091,-0.9687091,-0.9687091,-0.9687091,-0.9687091,-0.9687091,-0.9687091,-0.9687091,-0.9687091,-0.9687091,-0.9687091,-0.9687091,-0.9687091,-0.9687091,-0.9687091,-0.9687091,-0.9687091,-0.9687091,-0.9687091,-0.9687091,-0.9687091,-0.9687091,-0.9687091,-0.9687091,-0.9687091,-0.9687091,-0.9687091,-0.9687091,-0.9687091,-0.9687091,-0.9687091,-0.9687091,-0.9687091,-0.9687091,-0.9687091,-0.9687091,-0.9687091,-0.9687091,-0.9687091,-0.9687091,-0.9687091,-0.9687091,-0.9687091,-0.9687091,-0.9687091,-0.9687091,-0.9687091,-0.9687091,-0.9687091,-0.9687091,-0.9687091,-0.9687091,-0.9687091,-0.9687091,-0.9687091,-0.9687091,-0.9687091,-0.9687091,-0.9687091,-0.9687091,-0.9687091,-0.9687091,-0.9687091,-0.9687091,-0.9687091,-0.9687091,-0.9687091,-0.9687091,-0.9687091,-0.9687091,-0.9687091,-0.9687091,-0.9687091,-0.9687091,-0.9687091,-0.9687091,-0.9687091,-0.9687091,-0.9687091,-0.9687091,-0.9687091,-0.9687091,-0.9687091,-0.9687091,-0.9687091,-0.9687091,-0.9687091,-0.9687091,-0.9687091,-0.9687091,-0.9687091,-0.9687091,-0.9687091,-0.9687091,-0.9687091,-0.9687091,-0.9687091,-0.9687091,-0.9687091,-0.9687091,-0.9687091,-0.9687091,-0.9687091,-0.9687091,-0.9687091,-0.9687091,-0.9687091,-0.9687091,-0.9687091,-0.9687091,-0.9687091,-0.9687091,-0.9687091,-0.9687091,-0.9687091,-0.9687091,-0.9687091,-0.9687091,-0.9687091,-0.9687091,-0.9687091,-0.9687091,-0.9687091,-0.9687091,-0.9687091,-0.9687091,-0.9687091,-0.9687091,-0.9687091,-0.9687091,-0.9687091,-0.9687091,-0.9687091,-0.9687091,-0.9687091,-0.9687091,-0.9687091,-0.9687091,-0.9687091,-0.9687091,-0.9687091,-0.9687091,-0.9687091,-0.9687091,-0.9687091,-0.9687091,-0.9687091,-0.9687091,-0.9687091,-0.9687091,-0.9687091,-0.9687091,-0.9687091,-0.9687091,-0.9687091,-0.9687091,-0.9687091,-0.9687091,-0.9687091,-0.9687091,-0.9687091,-0.9687091,-0.9687091,0
0,-0.9687091,-0.9687091,-0.9687091,-0.9687091,-0.9687091,-0.9687091,-0.9687091,-0.9687091,-0.9687091,-0.9687091,-0.9687091,-0.9687091,-0.9687091,-0.9687091,-0.9687091,-0.9687091,-0.9687091,-0.9687091,-0.9687091,-0.9687091,-0.9687091,-0.9687091,-0.9687091,-0.9687091,-0.9687091,-0.9687091,-0.9687091,-0.9687091,-0.9687091,-0.9687091,-0.9687091,-0.9687091,-0.9687091,-0.9687091,-0.9687091,-0.9687091,-0.9687091,-0.9687091,-0.9687091,-0.9687091,-0.9687091,-0.9687091,-0.9687091,-0.9687091,-0.9687091,-0.9687091,-0.9687091,-0.9687091,-0.9687091,-0.9687091,-0.9687091,-0.9687091,-0.9687091,-0.9687091,-0.9687091,-0.9687091,-0.9687091,-0.9687091,-0.9687091,-0.9687091,-0.9687091,-0.9687091,-0.9687091,-0.9687091,-0.9687091,-0.9687091,-0.9687091,-0.9687091,-0.9687091,-0.9687091,-0.9687091,-0.9687091,-0.9687091,-0.9687091,-0.9687091,-0.9687091,-0.9687091,-0.9687091,-0.9687091,-0.9687091,-0.9687091,-0.9687091,-0.9687091,-0.9687091,-0.9687091,-0.9687091,-0.9687091,-0.9687091,-0.9687091,-0.9687091,-0.9687091,-0.9687091,-0.9687091,-0.9687091,-0.9687091,-0.9687091,-0.9687091,-0.9687091,-0.9687091,-0.9687091,-0.9687091,-0.9687091,-0.9687091,-0.9687091,-0.9687091,-0.9687091,-0.9687091,-0.9687091,-0.9687091,-0.9687091,-0.9687091,-0.9687091,-0.9687091,-0.9687091,-0.9687091,-0.9687091,-0.9687091,-0.9687091,-0.9687091,-0.9687091,-0.9687091,-0.9687091,-0.9687091,-0.9687091,-0.9687091,-0.9687091,-0.9687091,-0.9687091,-0.9687091,-0.9687091,-0.9687091,-0.9687091,-0.9687091,-0.9687091,-0.9687091,-0.9687091,-0.9687091,-0.9687091,-0.9687091,-0.9687091,-0.9687091,-0.9687091,-0.9687091,-0.9687091,-0.9687091,-0.9687091,-0.9687091,-0.9687091,-0.9687091,-0.9687091,-0.9687091,-0.9687091,-0.9687091,-0.9687091,-0.9687091,-0.9687091,-0.9687091,-0.9687091,-0.9687091,-0.9687091,-0.9687091,-0.9687091,-0.9687091,-0.9687091,-0.9687091,-0.9687091,-0.9687091,-0.9687091,-0.9687091,-0.9687091,-0.9687091,-0.9687091,-0.9687091,-0.9687091,-0.9687091,-0.9687091,-0.9687091,-0.9687091,-0.9687091,-0.9687091,-0.9687091,-0.9687091,-0.9687091,-0.9687091,-0.9687091,-0.9687091,-0.9687091,-0.9687091,-0.9687091,-0.9687091,-0.9687091,-0.9687091,-0.9687091,-0.9687091,-0.9687091,-0.9687091,0
0,-0.9687091,-0.9687091,-0.9687091,-0.9687091,-0.9687091,-0.9687091,-0.9687091,-0.9687091,-0.9687091,-0.9687091,-0.9687091,-0.9687091,-0.9687091,-0.9687091,-0.9687091,-0.9687091,-0.9687091,-0.9687091,-0.9687091,-0.9687091,-0.9687091,-0.9687091,-0.9687091,-0.9687091,-0.9687091,-0.9687091,-0.9687091,-0.9687091,-0.9687091,-0.9687091,-0.9687091,-0.9687091,-0.9687091,-0.9687091,-0.9687091,-0.9687091,-0.9687091,-0.9687091,-0.9687091,-0.9687091,-0.9687091,-0.9687091,-0.9687091,-0.9687091,-0.9687091,-0.9687091,-0.9687091,-0.9687091,-0.9687091,-0.9687091,-0.9687091,-0.9687091,-0.9687091,-0.9687091,-0.9687091,-0.9687091,-0.9687091,-0.9687091,-0.9687091,-0.9687091,-0.9687091,-0.9687091,-0.9687091,-0.9687091,-0.9687091,-0.9687091,-0.9687091,-0.9687091,-0.9687091,-0.9687091,-0.9687091,-0.9687091,-0.9687091,-0.9687091,-0.9687091,-0.9687091,-0.9687091,-0.9687091,-0.9687091,-0.9687091,-0.9687091,-0.9687091,-0.9687091,-0.9687091,-0.9687091,-0.9687091,-0.9687091,-0.9687091,-0.9687091,-0.9687091,-0.9687091,-0.9687091,-0.9687091,-0.9687091,-0.9687091,-0.9687091,-0.9687091,-0.9687091,-0.9687091,-0.9687091,-0.9687091,-0.9687091,-0.9687091,-0.9687091,-0.9687091,-0.9687091,-0.9687091,-0.9687091,-0.9687091,-0.9687091,-0.9687091,-0.9687091,-0.9687091,-0.9687091,-0.9687091,-0.9687091,-0.9687091,-0.9687091,-0.9687091,-0.9687091,-0.9687091,-0.9687091,-0.9687091,-0.9687091,-0.9687091,-0.9687091,-0.9687091,-0.9687091,-0.9687091,-0.9687091,-0.9687091,-0.9687091,-0.9687091,-0.9687091,-0.9687091,-0.9687091,-0.9687091,-0.9687091,-0.9687091,-0.9687091,-0.9687091,-0.9687091,-0.9687091,-0.9687091,-0.9687091,-0.9687091,-0.9687091,-0.9687091,-0.9687091,-0.9687091,-0.9687091,-0.9687091,-0.9687091,-0.9687091,-0.9687091,-0.9687091,-0.9687091,-0.9687091,-0.9687091,-0.9687091,-0.9687091,-0.9687091,-0.9687091,-0.9687091,-0.9687091,-0.9687091,-0.9687091,-0.9687091,-0.9687091,-0.9687091,-0.9687091,-0.9687091,-0.9687091,-0.9687091,-0.9687091,-0.9687091,-0.9687091,-0.9687091,-0.9687091,-0.9687091,-0.9687091,-0.9687091,-0.9687091,-0.9687091,-0.9687091,-0.9687091,-0.9687091,-0.9687091,-0.9687091,-0.9687091,-0.9687091,-0.9687091,-0.9687091,-0.9687091,-0.9687091,-0.9687091,0
0,-0.9687091,-0.9687091,-0.9687091,-0.9687091,-0.9687091,-0.9687091,-0.9687091,-0.9687091,-0.9687091,-0.9687091,-0.9687091,-0.9687091,-0.9687091,-0.9687091,-0.9687091,-0.9687091,-0.9687091,-0.9687091,-0.9687091,-0.9687091,-0.9687091,-0.9687091,-0.9687091,-0.9687091,-0.9687091,-0.9687091,-0.9687091,-0.9687091,-0.9687091,-0.9687091,-0.9687091,-0.9687091,-0.9687091,-0.9687091,-0.9687091,-0.9687091,-0.9687091,-0.9687091,-0.9687091,-0.9687091,-0.9687091,-0.9687091,-0.9687091,-0.9687091,-0.9687091,-0.9687091,-0.9687091,-0.9687091,-0.9687091,-0.9687091,-0.9687091,-0.9687091,-0.9687091,-0.9687091,-0.9687091,-0.9687091,-0.9687091,-0.9687091,-0.9687091,-0.9687091,-0.9687091,-0.9687091,-0.9687091,-0.9687091,-0.9687091,-0.9687091,-0.9687091,-0.9687091,-0.9687091,-0.9687091,-0.9687091,-0.9687091,-0.9687091,-0.9687091,-0.9687091,-0.9687091,-0.9687091,-0.9687091,-0.9687091,-0.9687091,-0.9687091,-0.9687091,-0.9687091,-0.9687091,-0.9687091,-0.9687091,-0.9687091,-0.9687091,-0.9687091,-0.9687091,-0.9687091,-0.9687091,-0.9687091,-0.9687091,-0.9687091,-0.9687091,-0.9687091,-0.9687091,-0.9687091,-0.9687091,-0.9687091,-0.9687091,-0.9687091,-0.9687091,-0.9687091,-0.9687091,-0.9687091,-0.9687091,-0.9687091,-0.9687091,-0.9687091,-0.9687091,-0.9687091,-0.9687091,-0.9687091,-0.9687091,-0.9687091,-0.9687091,-0.9687091,-0.9687091,-0.9687091,-0.9687091,-0.9687091,-0.9687091,-0.9687091,-0.9687091,-0.9687091,-0.9687091,-0.9687091,-0.9687091,-0.9687091,-0.9687091,-0.9687091,-0.9687091,-0.9687091,-0.9687091,-0.9687091,-0.9687091,-0.9687091,-0.9687091,-0.9687091,-0.9687091,-0.9687091,-0.9687091,-0.9687091,-0.9687091,-0.9687091,-0.9687091,-0.9687091,-0.9687091,-0.9687091,-0.9687091,-0.9687091,-0.9687091,-0.9687091,-0.9687091,-0.9687091,-0.9687091,-0.9687091,-0.9687091,-0.9687091,-0.9687091,-0.9687091,-0.9687091,-0.9687091,-0.9687091,-0.9687091,-0.9687091,-0.9687091,-0.9687091,-0.9687091,-0.9687091,-0.9687091,-0.9687091,-0.9687091,-0.9687091,-0.9687091,-0.9687091,-0.9687091,-0.9687091,-0.9687091,-0.9687091,-0.9687091,-0.9687091,-0.9687091,-0.9687091,-0.9687091,-0.9687091,-0.9687091,-0.9687091,-0.9687091,-0.9687091,-0.9687091,-0.9687091,-0.9687091,-0.9687091,0
0,-0.9687091,-0.9687091,-0.9687091,-0.9687091,-0.9687091,-0.9687091,-0.9687091,-0.9687091,-0.9687091,-0.9687091,-0.9687091,-0.9687091,-0.9687091,-0.9687091,-0.9687091,-0.9687091,-0.9687091,-0.9687091,-0.9687091,-0.9687091,-0.9687091,-0.9687091,-0.9687091,-0.9687091,-0.9687091,-0.9687091,-0.9687091,-0.9687091,-0.9687091,-0.9687091,-0.9687091,-0.9687091,-0.9687091,-0.9687091,-0.9687091,-0.9687091,-0.9687091,-0.9687091,-0.9687091,-0.9687091,-0.9687091,-0.9687091,-0.9687091,-0.9687091,-0.9687091,-0.9687091,-0.9687091,-0.9687091,-0.9687091,-0.9687091,-0.9687091,-0.9687091,-0.9687091,-0.9687091,-0.9687091,-0.9687091,-0.9687091,-0.9687091,-0.9687091,-0.9687091,-0.9687091,-0.9687091,-0.9687091,-0.9687091,-0.9687091,-0.9687091,-0.9687091,-0.9687091,-0.9687091,-0.9687091,-0.9687091,-0.9687091,-0.9687091,-0.9687091,-0.9687091,-0.9687091,-0.9687091,-0.9687091,-0.9687091,-0.9687091,-0.9687091,-0.9687091,-0.9687091,-0.9687091,-0.9687091,-0.9687091,-0.9687091,-0.9687091,-0.9687091,-0.9687091,-0.9687091,-0.9687091,-0.9687091,-0.9687091,-0.9687091,-0.9687091,-0.9687091,-0.9687091,-0.9687091,-0.9687091,-0.9687091,-0.9687091,-0.9687091,-0.9687091,-0.9687091,-0.9687091,-0.9687091,-0.9687091,-0.9687091,-0.9687091,-0.9687091,-0.9687091,-0.9687091,-0.9687091,-0.9687091,-0.9687091,-0.9687091,-0.9687091,-0.9687091,-0.9687091,-0.9687091,-0.9687091,-0.9687091,-0.9687091,-0.9687091,-0.9687091,-0.9687091,-0.9687091,-0.9687091,-0.9687091,-0.9687091,-0.9687091,-0.9687091,-0.9687091,-0.9687091,-0.9687091,-0.9687091,-0.9687091,-0.9687091,-0.9687091,-0.9687091,-0.9687091,-0.9687091,-0.9687091,-0.9687091,-0.9687091,-0.9687091,-0.9687091,-0.9687091,-0.9687091,-0.9687091,-0.9687091,-0.9687091,-0.9687091,-0.9687091,-0.9687091,-0.9687091,-0.9687091,-0.9687091,-0.9687091,-0.9687091,-0.9687091,-0.9687091,-0.9687091,-0.9687091,-0.9687091,-0.9687091,-0.9687091,-0.9687091,-0.9687091,-0.9687091,-0.9687091,-0.9687091,-0.9687091,-0.9687091,-0.9687091,-0.9687091,-0.9687091,-0.9687091,-0.9687091,-0.9687091,-0.9687091,-0.9687091,-0.9687091,-0.9687091,-0.9687091,-0.9687091,-0.9687091,-0.9687091,-0.9687091,-0.9687091,-0.9687091,-0.9687091,-0.9687091,-0.9687091,-0.9687091,0
0,-0.9687091,-0.9687091,-0.9687091,-0.9687091,-0.9687091,-0.9687091,-0.9687091,-0.9687091,-0.9687091,-0.9687091,-0.9687091,-0.9687091,-0.9687091,-0.9687091,-0.9687091,-0.9687091,-0.9687091,-0.9687091,-0.9687091,-0.9687091,-0.9687091,-0.9687091,-0.9687091,-0.9687091,-0.9687091,-0.9687091,-0.9687091,-0.9687091,-0.9687091,-0.9687091,-0.9687091,-0.9687091,-0.9687091,-0.9687091,-0.9687091,-0.9687091,-0.9687091,-0.9687091,-0.9687091,-0.9687091,-0.9687091,-0.9687091,-0.9687091,-0.9687091,-0.9687091,-0.9687091,-0.9687091,-0.9687091,-0.9687091,-0.9687091,-0.9687091,-0.9687091,-0.9687091,-0.9687091,-0.9687091,-0.9687091,-0.9687091,-0.9687091,-0.9687091,-0.9687091,-0.9687091,-0.9687091,-0.9687091,-0.9687091,-0.9687091,-0.9687091,-0.9687091,-0.9687091,-0.9687091,-0.9687091,-0.9687091,-0.9687091,-0.9687091,-0.9687091,-0.9687091,-0.9687091,-0.9687091,-0.9687091,-0.9687091,-0.9687091,-0.9687091,-0.9687091,-0.9687091,-0.9687091,-0.9687091,-0.9687091,-0.9687091,-0.9687091,-0.9687091,-0.9687091,-0.9687091,-0.9687091,-0.9687091,-0.9687091,-0.9687091,-0.9687091,-0.9687091,-0.9687091,-0.9687091,-0.9687091,-0.9687091,-0.9687091,-0.9687091,-0.9687091,-0.9687091,-0.9687091,-0.9687091,-0.9687091,-0.9687091,-0.9687091,-0.9687091,-0.9687091,-0.9687091,-0.9687091,-0.9687091,-0.9687091,-0.9687091,-0.9687091,-0.9687091,-0.9687091,-0.9687091,-0.9687091,-0.9687091,-0.9687091,-0.9687091,-0.9687091,-0.9687091,-0.9687091,-0.9687091,-0.9687091,-0.9687091,-0.9687091,-0.9687091,-0.9687091,-0.9687091,-0.9687091,-0.9687091,-0.9687091,-0.9687091,-0.9687091,-0.9687091,-0.9687091,-0.9687091,-0.9687091,-0.9687091,-0.9687091,-0.9687091,-0.9687091,-0.9687091,-0.9687091,-0.9687091,-0.9687091,-0.9687091,-0.9687091,-0.9687091,-0.9687091,-0.9687091,-0.9687091,-0.9687091,-0.9687091,-0.9687091,-0.9687091,-0.9687091,-0.9687091,-0.9687091,-0.9687091,-0.9687091,-0.9687091,-0.9687091,-0.9687091,-0.9687091,-0.9687091,-0.9687091,-0.9687091,-0.9687091,-0.9687091,-0.9687091,-0.9687091,-0.9687091,-0.9687091,-0.9687091,-0.9687091,-0.9687091,-0.9687091,-0.9687091,-0.9687091,-0.9687091,-0.9687091,-0.9687091,-0.9687091,-0.9687091,-0.9687091,-0.9687091,-0.9687091,-0.9687091,-0.9687091,0
0,-0.9687091,-0.9687091,-0.9687091,-0.9687091,-0.9687091,-0.9687091,-0.9687091,-0.9687091,-0.9687091,-0.9687091,-0.9687091,-0.9687091,-0.9687091,-0.9687091,-0.9687091,-0.9687091,-0.9687091,-0.9687091,-0.9687091,-0.9687091,-0.9687091,-0.9687091,-0.9687091,-0.9687091,-0.9687091,-0.9687091,-0.9687091,-0.9687091,-0.9687091,-0.9687091,-0.9687091,-0.9687091,-0.9687091,-0.9687091,-0.9687091,-0.9687091,-0.9687091,-0.9687091,-0.9687091,-0.9687091,-0.9687091,-0.9687091,-0.9687091,-0.9687091,-0.9687091,-0.9687091,-0.9687091,-0.9687091,-0.9687091,-0.9687091,-0.9687091,-0.9687091,-0.9687091,-0.9687091,-0.9687091,-0.9687091,-0.9687091,-0.9687091,-0.9687091,-0.9687091,-0.9687091,-0.9687091,-0.9687091,-0.9687091,-0.9687091,-0.9687091,-0.9687091,-0.9687091,-0.9687091,-0.9687091,-0.9687091,-0.9687091,-0.9687091,-0.9687091,-0.9687091,-0.9687091,-0.9687091,-0.9687091,-0.9687091,-0.9687091,-0.9687091,-0.9687091,-0.9687091,-0.9687091,-0.9687091,-0.9687091,-0.9687091,-0.9687091,-0.9687091,-0.9687091,-0.9687091,-0.9687091,-0.9687091,-0.9687091,-0.9687091,-0.9687091,-0.9687091,-0.9687091,-0.9687091,-0.9687091,-0.9687091,-0.9687091,-0.9687091,-0.9687091,-0.9687091,-0.9687091,-0.9687091,-0.9687091,-0.9687091,-0.9687091,-0.9687091,-0.9687091,-0.9687091,-0.9687091,-0.9687091,-0.9687091,-0.9687091,-0.9687091,-0.9687091,-0.9687091,-0.9687091,-0.9687091,-0.9687091,-0.9687091,-0.9687091,-0.9687091,-0.9687091,-0.9687091,-0.9687091,-0.9687091,-0.9687091,-0.9687091,-0.9687091,-0.9687091,-0.9687091,-0.9687091,-0.9687091,-0.9687091,-0.9687091,-0.9687091,-0.9687091,-0.9687091,-0.9687091,-0.9687091,-0.9687091,-0.9687091,-0.9687091,-0.9687091,-0.9687091,-0.9687091,-0.9687091,-0.9687091,-0.9687091,-0.9687091,-0.9687091,-0.9687091,-0.9687091,-0.9687091,-0.9687091,-0.9687091,-0.9687091,-0.9687091,-0.9687091,-0.9687091,-0.9687091,-0.9687091,-0.9687091,-0.9687091,-0.9687091,-0.9687091,-0.9687091,-0.9687091,-0.9687091,-0.9687091,-0.9687091,-0.9687091,-0.9687091,-0.9687091,-0.9687091,-0.9687091,-0.9687091,-0.9687091,-0.9687091,-0.9687091,-0.9687091,-0.9687091,-0.9687091,-0.9687091,-0.9687091,-0.9687091,-0.9687091,-0.9687091,-0.9687091,-0.9687091,-0.9687091,-0.9687091,0
0,-0.9687091,-0.9687091,-0.9687091,-0.9687091,-0.9687091,-0.9687091,-0.9687091,-0.9687091,-0.9687091,-0.9687091,-0.9687091,-0.9687091,-0.9687091,-0.9687091,-0.9687091,-0.9687091,-0.9687091,-0.9687091,-0.9687091,-0.9687091,-0.9687091,-0.9687091,-0.9687091,-0.9687091,-0.9687091,-0.9687091,-0.9687091,-0.9687091,-0.9687091,-0.9687091,-0.9687091,-0.9687091,-0.9687091,-0.9687091,-0.9687091,-0.9687091,-0.9687091,-0.9687091,-0.9687091,-0.9687091,-0.9687091,-0.9687091,-0.9687091,-0.9687091,-0.9687091,-0.9687091,-0.9687091,-0.9687091,-0.9687091,-0.9687091,-0.9687091,-0.9687091,-0.9687091,-0.9687091,-0.9687091,-0.9687091,-0.9687091,-0.9687091,-0.9687091,-0.9687091,-0.9687091,-0.9687091,-0.9687091,-0.9687091,-0.9687091,-0.9687091,-0.9687091,-0.9687091,-0.9687091,-0.9687091,-0.9687091,-0.9687091,-0.9687091,-0.9687091,-0.9687091,-0.9687091,-0.9687091,-0.9687091,-0.9687091,-0.9687091,-0.9687091,-0.9687091,-0.9687091,-0.9687091,-0.9687091,-0.9687091,-0.9687091,-0.9687091,-0.9687091,-0.9687091,-0.9687091,-0.9687091,-0.9687091,-0.9687091,-0.9687091,-0.9687091,0,0,0,0,0,0,0,0,0,0,0,0,0,0,0,0,0,0,0,0,0,0,0,0,0,0,0,0,0,0,0,0,0,0,0,0,0,0,0,0,0,0,0,0,0,0,0,0,0,0,0,0,0,0,0,0,0,0,0,0,0,0,0,0,0,0,0,0,0,0,0,0,0,0,0,0,0,0,0,0,0,0,0,0,0,0,0,0,0,0,0,0,0,0,0,0,0,0,0,0,0
0,0,0,0,0,0,0,0,0,0,0,0,0,0,0,0,0,0,0,0,0,0,0,0,0,0,0,0,0,0,0,0,0,0,0,0,0,0,0,0,0,0,0,0,0,0,0,0,0,0,0,0,0,0,0,0,0,0,0,0,0,0,0,0,0,0,0,0,0,0,0,0,0,0,0,0,0,0,0,0,0,0,0,0,0,0,0,0,0,0,0,0,0,0,0,0,0,0,0,0,0,0,0,0,0,0,0,0,0,0,0,0,0,0,0,0,0,0,0,0,0,0,0,0,0,0,0,0,0,0,0,0,0,0,0,0,0,0,0,0,0,0,0,0,0,0,0,0,0,0,0,0,0,0,0,0,0,0,0,0,0,0,0,0,0,0,0,0,0,0,0,0,0,0,0,0,0,0,0,0,0,0,0,0,0,0,0,0,0,0,0,0,0,0,0,0,0,0
0,0,0,0,0,0,0,0,0,0,0,0,0,0,0,0,0,0,0,0,0,0,0,0,0,0,0,0,0,0,0,0,0,0,0,0,0,0,0,0,0,0,0,0,0,0,0,0,0,0,0,0,0,0,0,0,0,0,0,0,0,0,0,0,0,0,0,0,0,0,0,0,0,0,0,0,0,0,0,0,0,0,0,0,0,0,0,0,0,0,0,0,0,0,0,0,0,0,0,0,0,0,0,0,0,0,0,0,0,0,0,0,0,0,0,0,0,0,0,0,0,0,0,0,0,0,0,0,0,0,0,0,0,0,0,0,0,0,0,0,0,0,0,0,0,0,0,0,0,0,0,0,0,0,0,0,0,0,0,0,0,0,0,0,0,0,0,0,0,0,0,0,0,0,0,0,0,0,0,0,0,0,0,0,0,0,0,0,0,0,0,0,0,0,0,0,0,0
0,0,0,0,0,0,0,0,0,0,0,0,0,0,0,0,0,0,0,0,0,0,0,0,0,0,0,0,0,0,0,0,0,0,0,0,0,0,0,0,0,0,0,0,0,0,0,0,0,0,0,0,0,0,0,0,0,0,0,0,0,0,0,0,0,0,0,0,0,0,0,0,0,0,0,0,0,0,0,0,0,0,0,0,0,0,0,0,0,0,0,0,0,0,0,0,0,0,0,0,0,0,0,0,0,0,0,0,0,0,0,0,0,0,0,0,0,0,0,0,0,0,0,0,0,0,0,0,0,0,0,0,0,0,0,0,0,0,0,0,0,0,0,0,0,0,0,0,0,0,0,0,0,0,0,0,0,0,0,0,0,0,0,0,0,0,0,0,0,0,0,0,0,0,0,0,0,0,0,0,0,0,0,0,0,0,0,0,0,0,0,0,0,0,0,0,0,0
0,0,0,0,0,0,0,0,0,0,0,0,0,0,0,0,0,0,0,0,0,0,0,0,0,0,0,0,0,0,0,0,0,0,0,0,0,0,0,0,0,0,0,0,0,0,0,0,0,0,0,0,0,0,0,0,0,0,0,0,0,0,0,0,0,0,0,0,0,0,0,0,0,0,0,0,0,0,0,0,0,0,0,0,0,0,0,0,0,0,0,0,0,0,0,0,0,0,0,0,0,0,0,0,0,0,0,0,0,0,0,0,0,0,0,0,0,0,0,0,0,0,0,0,0,0,0,0,0,0,0,0,0,0,0,0,0,0,0,0,0,0,0,0,0,0,0,0,0,0,0,0,0,0,0,0,0,0,0,0,0,0,0,0,0,0,0,0,0,0,0,0,0,0,0,0,0,0,0,0,0,0,0,0,0,0,0,0,0,0,0,0,0,0,0,0,0,0
0,0,0,0,0,0,0,0,0,0,0,0,0,0,0,0,0,0,0,0,0,0,0,0,0,0,0,0,0,0,0,0,0,0,0,0,0,0,0,0,0,0,0,0,0,0,0,0,0,0,0,0,0,0,0,0,0,0,0,0,0,0,0,0,0,0,0,0,0,0,0,0,0,0,0,0,0,0,0,0,0,0,0,0,0,0,0,0,0,0,0,0,0,0,0,0,0,0,0,0,0,0,0,0,0,0,0,0,0,0,0,0,0,0,0,0,0,0,0,0,0,0,0,0,0,0,0,0,0,0,0,0,0,0,0,0,0,0,0,0,0,0,0,0,0,0,0,0,0,0,0,0,0,0,0,0,0,0,0,0,0,0,0,0,0,0,0,0,0,0,0,0,0,0,0,0,0,0,0,0,0,0,0,0,0,0,0,0,0,0,0,0,0,0,0,0,0,0
0,0,0,0,0,0,0,0,0,0,0,0,0,0,0,0,0,0,0,0,0,0,0,0,0,0,0,0,0,0,0,0,0,0,0,0,0,0,0,0,0,0,0,0,0,0,0,0,0,0,0,0,0,0,0,0,0,0,0,0,0,0,0,0,0,0,0,0,0,0,0,0,0,0,0,0,0,0,0,0,0,0,0,0,0,0,0,0,0,0,0,0,0,0,0,0,0,0,0,0,0,0,0,0,0,0,0,0,0,0,0,0,0,0,0,0,0,0,0,0,0,0,0,0,0,0,0,0,0,0,0,0,0,0,0,0,0,0,0,0,0,0,0,0,0,0,0,0,0,0,0,0,0,0,0,0,0,0,0,0,0,0,0,0,0,0,0,0,0,0,0,0,0,0,0,0,0,0,0,0,0,0,0,0,0,0,0,0,0,0,0,0,0,0,0,0,0,0
0,0,0,0,0,0,0,0,0,0,0,0,0,0,0,0,0,0,0,0,0,0,0,0,0,0,0,0,0,0,0,0,0,0,0,0,0,0,0,0,0,0,0,0,0,0,0,0,0,0,0,0,0,0,0,0,0,0,0,0,0,0,0,0,0,0,0,0,0,0,0,0,0,0,0,0,0,0,0,0,0,0,0,0,0,0,0,0,0,0,0,0,0,0,0,0,0,0,0,0,0,0,0,0,0,0,0,0,0,0,0,0,0,0,0,0,0,0,0,0,0,0,0,0,0,0,0,0,0,0,0,0,0,0,0,0,0,0,0,0,0,0,0,0,0,0,0,0,0,0,0,0,0,0,0,0,0,0,0,0,0,0,0,0,0,0,0,0,0,0,0,0,0,0,0,0,0,0,0,0,0,0,0,0,0,0,0,0,0,0,0,0,0,0,0,0,0,0
0,0,0,0,0,0,0,0,0,0,0,0,0,0,0,0,0,0,0,0,0,0,0,0,0,0,0,0,0,0,0,0,0,0,0,0,0,0,0,0,0,0,0,0,0,0,0,0,0,0,0,0,0,0,0,0,0,0,0,0,0,0,0,0,0,0,0,0,0,0,0,0,0,0,0,0,0,0,0,0,0,0,0,0,0,0,0,0,0,0,0,0,0,0,0,0,0,0,0,0,0,0,0,0,0,0,0,0,0,0,0,0,0,0,0,0,0,0,0,0,0,0,0,0,0,0,0,0,0,0,0,0,0,0,0,0,0,0,0,0,0,0,0,0,0,0,0,0,0,0,0,0,0,0,0,0,0,0,0,0,0,0,0,0,0,0,0,0,0,0,0,0,0,0,0,0,0,0,0,0,0,0,0,0,0,0,0,0,0,0,0,0,0,0,0,0,0,0
0,0,0,0,0,0,0,0,0,0,0,0,0,0,0,0,0,0,0,0,0,0,0,0,0,0,0,0,0,0,0,0,0,0,0,0,0,0,0,0,0,0,0,0,0,0,0,0,0,0,0,0,0,0,0,0,0,0,0,0,0,0,0,0,0,0,0,0,0,0,0,0,0,0,0,0,0,0,0,0,0,0,0,0,0,0,0,0,0,0,0,0,0,0,0,0,0,0,0,0,0,0,0,0,0,0,0,0,0,0,0,0,0,0,0,0,0,0,0,0,0,0,0,0,0,0,0,0,0,0,0,0,0,0,0,0,0,0,0,0,0,0,0,0,0,0,0,0,0,0,0,0,0,0,0,0,0,0,0,0,0,0,0,0,0,0,0,0,0,0,0,0,0,0,0,0,0,0,0,0,0,0,0,0,0,0,0,0,0,0,0,0,0,0,0,0,0,0
0,0,0,0,0,0,0,0,0,0,0,0,0,0,0,0,0,0,0,0,0,0,0,0,0,0,0,0,0,0,0,0,0,0,0,0,0,0,0,0,0,0,0,0,0,0,0,0,0,0,0,0,0,0,0,0,0,0,0,0,0,0,0,0,0,0,0,0,0,0,0,0,0,0,0,0,0,0,0,0,0,0,0,0,0,0,0,0,0,0,0,0,0,0,0,0,0,0,0,0,0,0,0,0,0,0,0,0,0,0,0,0,0,0,0,0,0,0,0,0,0,0,0,0,0,0,0,0,0,0,0,0,0,0,0,0,0,0,0,0,0,0,0,0,0,0,0,0,0,0,0,0,0,0,0,0,0,0,0,0,0,0,0,0,0,0,0,0,0,0,0,0,0,0,0,0,0,0,0,0,0,0,0,0,0,0,0,0,0,0,0,0,0,0,0,0,0,0
0,0,0,0,0,0,0,0,0,0,0,0,0,0,0,0,0,0,0,0,0,0,0,0,0,0,0,0,0,0,0,0,0,0,0,0,0,0,0,0,0,0,0,0,0,0,0,0,0,0,0,0,0,0,0,0,0,0,0,0,0,0,0,0,0,0,0,0,0,0,0,0,0,0,0,0,0,0,0,0,0,0,0,0,0,0,0,0,0,0,0,0,0,0,0,0,0,0,0,0,0,0,0,0,0,0,0,0,0,0,0,0,0,0,0,0,0,0,0,0,0,0,0,0,0,0,0,0,0,0,0,0,0,0,0,0,0,0,0,0,0,0,0,0,0,0,0,0,0,0,0,0,0,0,0,0,0,0,0,0,0,0,0,0,0,0,0,0,0,0,0,0,0,0,0,0,0,0,0,0,0,0,0,0,0,0,0,0,0,0,0,0,0,0,0,0,0,0
0,0,0,0,0,0,0,0,0,0,0,0,0,0,0,0,0,0,0,0,0,0,0,0,0,0,0,0,0,0,0,0,0,0,0,0,0,0,0,0,0,0,0,0,0,0,0,0,0,0,0,0,0,0,0,0,0,0,0,0,0,0,0,0,0,0,0,0,0,0,0,0,0,0,0,0,0,0,0,0,0,0,0,0,0,0,0,0,0,0,0,0,0,0,0,0,0,0,0,0,0,0,0,0,0,0,0,0,0,0,0,0,0,0,0,0,0,0,0,0,0,0,0,0,0,0,0,0,0,0,0,0,0,0,0,0,0,0,0,0,0,0,0,0,0,0,0,0,0,0,0,0,0,0,0,0,0,0,0,0,0,0,0,0,0,0,0,0,0,0,0,0,0,0,0,0,0,0,0,0,0,0,0,0,0,0,0,0,0,0,0,0,0,0,0,0,0,0
0,0,0,0,0,0,0,0,0,0,0,0,0,0,0,0,0,0,0,0,0,0,0,0,0,0,0,0,0,0,0,0,0,0,0,0,0,0,0,0,0,0,0,0,0,0,0,0,0,0,0,0,0,0,0,0,0,0,0,0,0,0,0,0,0,0,0,0,0,0,0,0,0,0,0,0,0,0,0,0,0,0,0,0,0,0,0,0,0,0,0,0,0,0,0,0,0,0,0,0,0,0,0,0,0,0,0,0,0,0,0,0,0,0,0,0,0,0,0,0,0,0,0,0,0,0,0,0,0,0,0,0,0,0,0,0,0,0,0,0,0,0,0,0,0,0,0,0,0,0,0,0,0,0,0,0,0,0,0,0,0,0,0,0,0,0,0,0,0,0,0,0,0,0,0,0,0,0,0,0,0,0,0,0,0,0,0,0,0,0,0,0,0,0,0,0,0,0
0,0,0,0,0,0,0,0,0,0,0,0,0,0,0,0,0,0,0,0,0,0,0,0,0,0,0,0,0,0,0,0,0,0,0,0,0,0,0,0,0,0,0,0,0,0,0,0,0,0,0,0,0,0,0,0,0,0,0,0,0,0,0,0,0,0,0,0,0,0,0,0,0,0,0,0,0,0,0,0,0,0,0,0,0,0,0,0,0,0,0,0,0,0,0,0,0,0,0,0,0,0,0,0,0,0,0,0,0,0,0,0,0,0,0,0,0,0,0,0,0,0,0,0,0,0,0,0,0,0,0,0,0,0,0,0,0,0,0,0,0,0,0,0,0,0,0,0,0,0,0,0,0,0,0,0,0,0,0,0,0,0,0,0,0,0,0,0,0,0,0,0,0,0,0,0,0,0,0,0,0,0,0,0,0,0,0,0,0,0,0,0,0,0,0,0,0,0
0,0,0,0,0,0,0,0,0,0,0,0,0,0,0,0,0,0,0,0,0,0,0,0,0,0,0,0,0,0,0,0,0,0,0,0,0,0,0,0,0,0,0,0,0,0,0,0,0,0,0,0,0,0,0,0,0,0,0,0,0,0,0,0,0,0,0,0,0,0,0,0,0,0,0,0,0,0,0,0,0,0,0,0,0,0,0,0,0,0,0,0,0,0,0,0,0,0,0,0,0,0,0,0,0,0,0,0,0,0,0,0,0,0,0,0,0,0,0,0,0,0,0,0,0,0,0,0,0,0,0,0,0,0,0,0,0,0,0,0,0,0,0,0,0,0,0,0,0,0,0,0,0,0,0,0,0,0,0,0,0,0,0,0,0,0,0,0,0,0,0,0,0,0,0,0,0,0,0,0,0,0,0,0,0,0,0,0,0,0,0,0,0,0,0,0,0,0
0,0,0,0,0,0,0,0,0,0,0,0,0,0,0,0,0,0,0,0,0,0,0,0,0,0,0,0,0,0,0,0,0,0,0,0,0,0,0,0,0,0,0,0,0,0,0,0,0,0,0,0,0,0,0,0,0,0,0,0,0,0,0,0,0,0,0,0,0,0,0,0,0,0,0,0,0,0,0,0,0,0,0,0,0,0,0,0,0,0,0,0,0,0,0,0,0,0,0,0,0,0,0,0,0,0,0,0,0,0,0,0,0,0,0,0,0,0,0,0,0,0,0,0,0,0,0,0,0,0,0,0,0,0,0,0,0,0,0,0,0,0,0,0,0,0,0,0,0,0,0,0,0,0,0,0,0,0,0,0,0,0,0,0,0,0,0,0,0,0,0,0,0,0,0,0,0,0,0,0,0,0,0,0,0,0,0,0,0,0,0,0,0,0,0,0,0,0
0,0,0,0,0,0,0,0,0,0,0,0,0,0,0,0,0,0,0,0,0,0,0,0,0,0,0,0,0,0,0,0,0,0,0,0,0,0,0,0,0,0,0,0,0,0,0,0,0,0,0,0,0,0,0,0,0,0,0,0,0,0,0,0,0,0,0,0,0,0,0,0,0,0,0,0,0,0,0,0,0,0,0,0,0,0,0,0,0,0,0,0,0,0,0,0,0,0,0,0,0,0,0,0,0,0,0,0,0,0,0,0,0,0,0,0,0,0,0,0,0,0,0,0,0,0,0,0,0,0,0,0,0,0,0,0,0,0,0,0,0,0,0,0,0,0,0,0,0,0,0,0,0,0,0,0,0,0,0,0,0,0,0,0,0,0,0,0,0,0,0,0,0,0,0,0,0,0,0,0,0,0,0,0,0,0,0,0,0,0,0,0,0,0,0,0,0,0
0,0,0,0,0,0,0,0,0,0,0,0,0,0,0,0,0,0,0,0,0,0,0,0,0,0,0,0,0,0,0,0,0,0,0,0,0,0,0,0,0,0,0,0,0,0,0,0,0,0,0,0,0,0,0,0,0,0,0,0,0,0,0,0,0,0,0,0,0,0,0,0,0,0,0,0,0,0,0,0,0,0,0,0,0,0,0,0,0,0,0,0,0,0,0,0,0,0,0,0,0,0,0,0,0,0,0,0,0,0,0,0,0,0,0,0,0,0,0,0,0,0,0,0,0,0,0,0,0,0,0,0,0,0,0,0,0,0,0,0,0,0,0,0,0,0,0,0,0,0,0,0,0,0,0,0,0,0,0,0,0,0,0,0,0,0,0,0,0,0,0,0,0,0,0,0,0,0,0,0,0,0,0,0,0,0,0,0,0,0,0,0,0,0,0,0,0,0
0,0,0,0,0,0,0,0,0,0,0,0,0,0,0,0,0,0,0,0,0,0,0,0,0,0,0,0,0,0,0,0,0,0,0,0,0,0,0,0,0,0,0,0,0,0,0,0,0,0,0,0,0,0,0,0,0,0,0,0,0,0,0,0,0,0,0,0,0,0,0,0,0,0,0,0,0,0,0,0,0,0,0,0,0,0,0,0,0,0,0,0,0,0,0,0,0,0,0,0,0,0,0,0,0,0,0,0,0,0,0,0,0,0,0,0,0,0,0,0,0,0,0,0,0,0,0,0,0,0,0,0,0,0,0,0,0,0,0,0,0,0,0,0,0,0,0,0,0,0,0,0,0,0,0,0,0,0,0,0,0,0,0,0,0,0,0,0,0,0,0,0,0,0,0,0,0,0,0,0,0,0,0,0,0,0,0,0,0,0,0,0,0,0,0,0,0,0
0,0,0,0,0,0,0,0,0,0,0,0,0,0,0,0,0,0,0,0,0,0,0,0,0,0,0,0,0,0,0,0,0,0,0,0,0,0,0,0,0,0,0,0,0,0,0,0,0,0,0,0,0,0,0,0,0,0,0,0,0,0,0,0,0,0,0,0,0,0,0,0,0,0,0,0,0,0,0,0,0,0,0,0,0,0,0,0,0,0,0,0,0,0,0,0,0,0,0,0,0,0,0,0,0,0,0,0,0,0,0,0,0,0,0,0,0,0,0,0,0,0,0,0,0,0,0,0,0,0,0,0,0,0,0,0,0,0,0,0,0,0,0,0,0,0,0,0,0,0,0,0,0,0,0,0,0,0,0,0,0,0,0,0,0,0,0,0,0,0,0,0,0,0,0,0,0,0,0,0,0,0,0,0,0,0,0,0,0,0,0,0,0,0,0,0,0,0
0,0,0,0,0,0,0,0,0,0,0,0,0,0,0,0,0,0,0,0,0,0,0,0,0,0,0,0,0,0,0,0,0,0,0,0,0,0,0,0,0,0,0,0,0,0,0,0,0,0,0,0,0,0,0,0,0,0,0,0,0,0,0,0,0,0,0,0,0,0,0,0,0,0,0,0,0,0,0,0,0,0,0,0,0,0,0,0,0,0,0,0,0,0,0,0,0,0,0,0,0,0,0,0,0,0,0,0,0,0,0,0,0,0,0,0,0,0,0,0,0,0,0,0,0,0,0,0,0,0,0,0,0,0,0,0,0,0,0,0,0,0,0,0,0,0,0,0,0,0,0,0,0,0,0,0,0,0,0,0,0,0,0,0,0,0,0,0,0,0,0,0,0,0,0,0,0,0,0,0,0,0,0,0,0,0,0,0,0,0,0,0,0,0,0,0,0,0
0,0,0,0,0,0,0,0,0,0,0,0,0,0,0,0,0,0,0,0,0,0,0,0,0,0,0,0,0,0,0,0,0,0,0,0,0,0,0,0,0,0,0,0,0,0,0,0,0,0,0,0,0,0,0,0,0,0,0,0,0,0,0,0,0,0,0,0,0,0,0,0,0,0,0,0,0,0,0,0,0,0,0,0,0,0,0,0,0,0,0,0,0,0,0,0,0,0,0,0,0,0,0,0,0,0,0,0,0,0,0,0,0,0,0,0,0,0,0,0,0,0,0,0,0,0,0,0,0,0,0,0,0,0,0,0,0,0,0,0,0,0,0,0,0,0,0,0,0,0,0,0,0,0,0,0,0,0,0,0,0,0,0,0,0,0,0,0,0,0,0,0,0,0,0,0,0,0,0,0,0,0,0,0,0,0,0,0,0,0,0,0,0,0,0,0,0,0
0,0,0,0,0,0,0,0,0,0,0,0,0,0,0,0,0,0,0,0,0,0,0,0,0,0,0,0,0,0,0,0,0,0,0,0,0,0,0,0,0,0,0,0,0,0,0,0,0,0,0,0,0,0,0,0,0,0,0,0,0,0,0,0,0,0,0,0,0,0,0,0,0,0,0,0,0,0,0,0,0,0,0,0,0,0,0,0,0,0,0,0,0,0,0,0,0,0,0,0,0,0,0,0,0,0,0,0,0,0,0,0,0,0,0,0,0,0,0,0,0,0,0,0,0,0,0,0,0,0,0,0,0,0,0,0,0,0,0,0,0,0,0,0,0,0,0,0,0,0,0,0,0,0,0,0,0,0,0,0,0,0,0,0,0,0,0,0,0,0,0,0,0,0,0,0,0,0,0,0,0,0,0,0,0,0,0,0,0,0,0,0,0,0,0,0,0,0
0,0,0,0,0,0,0,0,0,0,0,0,0,0,0,0,0,0,0,0,0,0,0,0,0,0,0,0,0,0,0,0,0,0,0,0,0,0,0,0,0,0,0,0,0,0,0,0,0,0,0,0,0,0,0,0,0,0,0,0,0,0,0,0,0,0,0,0,0,0,0,0,0,0,0,0,0,0,0,0,0,0,0,0,0,0,0,0,0,0,0,0,0,0,0,0,0,0,0,0,0,0,0,0,0,0,0,0,0,0,0,0,0,0,0,0,0,0,0,0,0,0,0,0,0,0,0,0,0,0,0,0,0,0,0,0,0,0,0,0,0,0,0,0,0,0,0,0,0,0,0,0,0,0,0,0,0,0,0,0,0,0,0,0,0,0,0,0,0,0,0,0,0,0,0,0,0,0,0,0,0,0,0,0,0,0,0,0,0,0,0,0,0,0,0,0,0,0
0,0,0,0,0,0,0,0,0,0,0,0,0,0,0,0,0,0,0,0,0,0,0,0,0,0,0,0,0,0,0,0,0,0,0,0,0,0,0,0,0,0,0,0,0,0,0,0,0,0,0,0,0,0,0,0,0,0,0,0,0,0,0,0,0,0,0,0,0,0,0,0,0,0,0,0,0,0,0,0,0,0,0,0,0,0,0,0,0,0,0,0,0,0,0,0,0,0,0,0,0,0,0,0,0,0,0,0,0,0,0,0,0,0,0,0,0,0,0,0,0,0,0,0,0,0,0,0,0,0,0,0,0,0,0,0,0,0,0,0,0,0,0,0,0,0,0,0,0,0,0,0,0,0,0,0,0,0,0,0,0,0,0,0,0,0,0,0,0,0,0,0,0,0,0,0,0,0,0,0,0,0,0,0,0,0,0,0,0,0,0,0,0,0,0,0,0,0
0,0,0,0,0,0,0,0,0,0,0,0,0,0,0,0,0,0,0,0,0,0,0,0,0,0,0,0,0,0,0,0,0,0,0,0,0,0,0,0,0,0,0,0,0,0,0,0,0,0,0,0,0,0,0,0,0,0,0,0,0,0,0,0,0,0,0,0,0,0,0,0,0,0,0,0,0,0,0,0,0,0,0,0,0,0,0,0,0,0,0,0,0,0,0,0,0,0,0,0,0,0,0,0,0,0,0,0,0,0,0,0,0,0,0,0,0,0,0,0,0,0,0,0,0,0,0,0,0,0,0,0,0,0,0,0,0,0,0,0,0,0,0,0,0,0,0,0,0,0,0,0,0,0,0,0,0,0,0,0,0,0,0,0,0,0,0,0,0,0,0,0,0,0,0,0,0,0,0,0,0,0,0,0,0,0,0,0,0,0,0,0,0,0,0,0,0,0
0,0,0,0,0,0,0,0,0,0,0,0,0,0,0,0,0,0,0,0,0,0,0,0,0,0,0,0,0,0,0,0,0,0,0,0,0,0,0,0,0,0,0,0,0,0,0,0,0,0,0,0,0,0,0,0,0,0,0,0,0,0,0,0,0,0,0,0,0,0,0,0,0,0,0,0,0,0,0,0,0,0,0,0,0,0,0,0,0,0,0,0,0,0,0,0,0,0,0,0,0,0,0,0,0,0,0,0,0,0,0,0,0,0,0,0,0,0,0,0,0,0,0,0,0,0,0,0,0,0,0,0,0,0,0,0,0,0,0,0,0,0,0,0,0,0,0,0,0,0,0,0,0,0,0,0,0,0,0,0,0,0,0,0,0,0,0,0,0,0,0,0,0,0,0,0,0,0,0,0,0,0,0,0,0,0,0,0,0,0,0,0,0,0,0,0,0,0
0,0,0,0,0,0,0,0,0,0,0,0,0,0,0,0,0,0,0,0,0,0,0,0,0,0,0,0,0,0,0,0,0,0,0,0,0,0,0,0,0,0,0,0,0,0,0,0,0,0,0,0,0,0,0,0,0,0,0,0,0,0,0,0,0,0,0,0,0,0,0,0,0,0,0,0,0,0,0,0,0,0,0,0,0,0,0,0,0,0,0,0,0,0,0,0,0,0,0,0,0,0,0,0,0,0,0,0,0,0,0,0,0,0,0,0,0,0,0,0,0,0,0,0,0,0,0,0,0,0,0,0,0,0,0,0,0,0,0,0,0,0,0,0,0,0,0,0,0,0,0,0,0,0,0,0,0,0,0,0,0,0,0,0,0,0,0,0,0,0,0,0,0,0,0,0,0,0,0,0,0,0,0,0,0,0,0,0,0,0,0,0,0,0,0,0,0,0
0,0,0,0,0,0,0,0,0,0,0,0,0,0,0,0,0,0,0,0,0,0,0,0,0,0,0,0,0,0,0,0,0,0,0,0,0,0,0,0,0,0,0,0,0,0,0,0,0,0,0,0,0,0,0,0,0,0,0,0,0,0,0,0,0,0,0,0,0,0,0,0,0,0,0,0,0,0,0,0,0,0,0,0,0,0,0,0,0,0,0,0,0,0,0,0,0,0,0,0,0,0,0,0,0,0,0,0,0,0,0,0,0,0,0,0,0,0,0,0,0,0,0,0,0,0,0,0,0,0,0,0,0,0,0,0,0,0,0,0,0,0,0,0,0,0,0,0,0,0,0,0,0,0,0,0,0,0,0,0,0,0,0,0,0,0,0,0,0,0,0,0,0,0,0,0,0,0,0,0,0,0,0,0,0,0,0,0,0,0,0,0,0,0,0,0,0,0
0,0,0,0,0,0,0,0,0,0,0,0,0,0,0,0,0,0,0,0,0,0,0,0,0,0,0,0,0,0,0,0,0,0,0,0,0,0,0,0,0,0,0,0,0,0,0,0,0,0,0,0,0,0,0,0,0,0,0,0,0,0,0,0,0,0,0,0,0,0,0,0,0,0,0,0,0,0,0,0,0,0,0,0,0,0,0,0,0,0,0,0,0,0,0,0,0,0,0,0,0,0,0,0,0,0,0,0,0,0,0,0,0,0,0,0,0,0,0,0,0,0,0,0,0,0,0,0,0,0,0,0,0,0,0,0,0,0,0,0,0,0,0,0,0,0,0,0,0,0,0,0,0,0,0,0,0,0,0,0,0,0,0,0,0,0,0,0,0,0,0,0,0,0,0,0,0,0,0,0,0,0,0,0,0,0,0,0,0,0,0,0,0,0,0,0,0,0
0,0,0,0,0,0,0,0,0,0,0,0,0,0,0,0,0,0,0,0,0,0,0,0,0,0,0,0,0,0,0,0,0,0,0,0,0,0,0,0,0,0,0,0,0,0,0,0,0,0,0,0,0,0,0,0,0,0,0,0,0,0,0,0,0,0,0,0,0,0,0,0,0,0,0,0,0,0,0,0,0,0,0,0,0,0,0,0,0,0,0,0,0,0,0,0,0,0,0,0,0,0,0,0,0,0,0,0,0,0,0,0,0,0,0,0,0,0,0,0,0,0,0,0,0,0,0,0,0,0,0,0,0,0,0,0,0,0,0,0,0,0,0,0,0,0,0,0,0,0,0,0,0,0,0,0,0,0,0,0,0,0,0,0,0,0,0,0,0,0,0,0,0,0,0,0,0,0,0,0,0,0,0,0,0,0,0,0,0,0,0,0,0,0,0,0,0,0
0,0,0,0,0,0,0,0,0,0,0,0,0,0,0,0,0,0,0,0,0,0,0,0,0,0,0,0,0,0,0,0,0,0,0,0,0,0,0,0,0,0,0,0,0,0,0,0,0,0,0,0,0,0,0,0,0,0,0,0,0,0,0,0,0,0,0,0,0,0,0,0,0,0,0,0,0,0,0,0,0,0,0,0,0,0,0,0,0,0,0,0,0,0,0,0,0,0,0,0,0,0,0,0,0,0,0,0,0,0,0,0,0,0,0,0,0,0,0,0,0,0,0,0,0,0,0,0,0,0,0,0,0,0,0,0,0,0,0,0,0,0,0,0,0,0,0,0,0,0,0,0,0,0,0,0,0,0,0,0,0,0,0,0,0,0,0,0,0,0,0,0,0,0,0,0,0,0,0,0,0,0,0,0,0,0,0,0,0,0,0,0,0,0,0,0,0,0
0,0,0,0,0,0,0,0,0,0,0,0,0,0,0,0,0,0,0,0,0,0,0,0,0,0,0,0,0,0,0,0,0,0,0,0,0,0,0,0,0,0,0,0,0,0,0,0,0,0,0,0,0,0,0,0,0,0,0,0,0,0,0,0,0,0,0,0,0,0,0,0,0,0,0,0,0,0,0,0,0,0,0,0,0,0,0,0,0,0,0,0,0,0,0,0,0,0,0,0,0,0,0,0,0,0,0,0,0,0,0,0,0,0,0,0,0,0,0,0,0,0,0,0,0,0,0,0,0,0,0,0,0,0,0,0,0,0,0,0,0,0,0,0,0,0,0,0,0,0,0,0,0,0,0,0,0,0,0,0,0,0,0,0,0,0,0,0,0,0,0,0,0,0,0,0,0,0,0,0,0,0,0,0,0,0,0,0,0,0,0,0,0,0,0,0,0,0
0,0,0,0,0,0,0,0,0,0,0,0,0,0,0,0,0,0,0,0,0,0,0,0,0,0,0,0,0,0,0,0,0,0,0,0,0,0,0,0,0,0,0,0,0,0,0,0,0,0,0,0,0,0,0,0,0,0,0,0,0,0,0,0,0,0,0,0,0,0,0,0,0,0,0,0,0,0,0,0,0,0,0,0,0,0,0,0,0,0,0,0,0,0,0,0,0,0,0,0,0,0,0,0,0,0,0,0,0,0,0,0,0,0,0,0,0,0,0,0,0,0,0,0,0,0,0,0,0,0,0,0,0,0,0,0,0,0,0,0,0,0,0,0,0,0,0,0,0,0,0,0,0,0,0,0,0,0,0,0,0,0,0,0,0,0,0,0,0,0,0,0,0,0,0,0,0,0,0,0,0,0,0,0,0,0,0,0,0,0,0,0,0,0,0,0,0,0
0,0,0,0,0,0,0,0,0,0,0,0,0,0,0,0,0,0,0,0,0,0,0,0,0,0,0,0,0,0,0,0,0,0,0,0,0,0,0,0,0,0,0,0,0,0,0,0,0,0,0,0,0,0,0,0,0,0,0,0,0,0,0,0,0,0,0,0,0,0,0,0,0,0,0,0,0,0,0,0,0,0,0,0,0,0,0,0,0,0,0,0,0,0,0,0,0,0,0,0,0,0,0,0,0,0,0,0,0,0,0,0,0,0,0,0,0,0,0,0,0,0,0,0,0,0,0,0,0,0,0,0,0,0,0,0,0,0,0,0,0,0,0,0,0,0,0,0,0,0,0,0,0,0,0,0,0,0,0,0,0,0,0,0,0,0,0,0,0,0,0,0,0,0,0,0,0,0,0,0,0,0,0,0,0,0,0,0,0,0,0,0,0,0,0,0,0,0
0,0,0,0,0,0,0,0,0,0,0,0,0,0,0,0,0,0,0,0,0,0,0,0,0,0,0,0,0,0,0,0,0,0,0,0,0,0,0,0,0,0,0,0,0,0,0,0,0,0,0,0,0,0,0,0,0,0,0,0,0,0,0,0,0,0,0,0,0,0,0,0,0,0,0,0,0,0,0,0,0,0,0,0,0,0,0,0,0,0,0,0,0,0,0,0,0,0,0,0,0,0,0,0,0,0,0,0,0,0,0,0,0,0,0,0,0,0,0,0,0,0,0,0,0,0,0,0,0,0,0,0,0,0,0,0,0,0,0,0,0,0,0,0,0,0,0,0,0,0,0,0,0,0,0,0,0,0,0,0,0,0,0,0,0,0,0,0,0,0,0,0,0,0,0,0,0,0,0,0,0,0,0,0,0,0,0,0,0,0,0,0,0,0,0,0,0,0
0,0,0,0,0,0,0,0,0,0,0,0,0,0,0,0,0,0,0,0,0,0,0,0,0,0,0,0,0,0,0,0,0,0,0,0,0,0,0,0,0,0,0,0,0,0,0,0,0,0,0,0,0,0,0,0,0,0,0,0,0,0,0,0,0,0,0,0,0,0,0,0,0,0,0,0,0,0,0,0,0,0,0,0,0,0,0,0,0,0,0,0,0,0,0,0,0,0,0,0,0,0,0,0,0,0,0,0,0,0,0,0,0,0,0,0,0,0,0,0,0,0,0,0,0,0,0,0,0,0,0,0,0,0,0,0,0,0,0,0,0,0,0,0,0,0,0,0,0,0,0,0,0,0,0,0,0,0,0,0,0,0,0,0,0,0,0,0,0,0,0,0,0,0,0,0,0,0,0,0,0,0,0,0,0,0,0,0,0,0,0,0,0,0,0,0,0,0
0,0,0,0,0,0,0,0,0,0,0,0,0,0,0,0,0,0,0,0,0,0,0,0,0,0,0,0,0,0,0,0,0,0,0,0,0,0,0,0,0,0,0,0,0,0,0,0,0,0,0,0,0,0,0,0,0,0,0,0,0,0,0,0,0,0,0,0,0,0,0,0,0,0,0,0,0,0,0,0,0,0,0,0,0,0,0,0,0,0,0,0,0,0,0,0,0,0,0,0,0,0,0,0,0,0,0,0,0,0,0,0,0,0,0,0,0,0,0,0,0,0,0,0,0,0,0,0,0,0,0,0,0,0,0,0,0,0,0,0,0,0,0,0,0,0,0,0,0,0,0,0,0,0,0,0,0,0,0,0,0,0,0,0,0,0,0,0,0,0,0,0,0,0,0,0,0,0,0,0,0,0,0,0,0,0,0,0,0,0,0,0,0,0,0,0,0,0
0,0,0,0,0,0,0,0,0,0,0,0,0,0,0,0,0,0,0,0,0,0,0,0,0,0,0,0,0,0,0,0,0,0,0,0,0,0,0,0,0,0,0,0,0,0,0,0,0,0,0,0,0,0,0,0,0,0,0,0,0,0,0,0,0,0,0,0,0,0,0,0,0,0,0,0,0,0,0,0,0,0,0,0,0,0,0,0,0,0,0,0,0,0,0,0,0,0,0,0,0,0,0,0,0,0,0,0,0,0,0,0,0,0,0,0,0,0,0,0,0,0,0,0,0,0,0,0,0,0,0,0,0,0,0,0,0,0,0,0,0,0,0,0,0,0,0,0,0,0,0,0,0,0,0,0,0,0,0,0,0,0,0,0,0,0,0,0,0,0,0,0,0,0,0,0,0,0,0,0,0,0,0,0,0,0,0,0,0,0,0,0,0,0,0,0,0,0
0,0,0,0,0,0,0,0,0,0,0,0,0,0,0,0,0,0,0,0,0,0,0,0,0,0,0,0,0,0,0,0,0,0,0,0,0,0,0,0,0,0,0,0,0,0,0,0,0,0,0,0,0,0,0,0,0,0,0,0,0,0,0,0,0,0,0,0,0,0,0,0,0,0,0,0,0,0,0,0,0,0,0,0,0,0,0,0,0,0,0,0,0,0,0,0,0,0,0,0,0,0,0,0,0,0,0,0,0,0,0,0,0,0,0,0,0,0,0,0,0,0,0,0,0,0,0,0,0,0,0,0,0,0,0,0,0,0,0,0,0,0,0,0,0,0,0,0,0,0,0,0,0,0,0,0,0,0,0,0,0,0,0,0,0,0,0,0,0,0,0,0,0,0,0,0,0,0,0,0,0,0,0,0,0,0,0,0,0,0,0,0,0,0,0,0,0,0
0,0,0,0,0,0,0,0,0,0,0,0,0,0,0,0,0,0,0,0,0,0,0,0,0,0,0,0,0,0,0,0,0,0,0,0,0,0,0,0,0,0,0,0,0,0,0,0,0,0,0,0,0,0,0,0,0,0,0,0,0,0,0,0,0,0,0,0,0,0,0,0,0,0,0,0,0,0,0,0,0,0,0,0,0,0,0,0,0,0,0,0,0,0,0,0,0,0,0,0,0,0,0,0,0,0,0,0,0,0,0,0,0,0,0,0,0,0,0,0,0,0,0,0,0,0,0,0,0,0,0,0,0,0,0,0,0,0,0,0,0,0,0,0,0,0,0,0,0,0,0,0,0,0,0,0,0,0,0,0,0,0,0,0,0,0,0,0,0,0,0,0,0,0,0,0,0,0,0,0,0,0,0,0,0,0,0,0,0,0,0,0,0,0,0,0,0,0
0,0,0,0,0,0,0,0,0,0,0,0,0,0,0,0,0,0,0,0,0,0,0,0,0,0,0,0,0,0,0,0,0,0,0,0,0,0,0,0,0,0,0,0,0,0,0,0,0,0,0,0,0,0,0,0,0,0,0,0,0,0,0,0,0,0,0,0,0,0,0,0,0,0,0,0,0,0,0,0,0,0,0,0,0,0,0,0,0,0,0,0,0,0,0,0,0,0,0,0,0,0,0,0,0,0,0,0,0,0,0,0,0,0,0,0,0,0,0,0,0,0,0,0,0,0,0,0,0,0,0,0,0,0,0,0,0,0,0,0,0,0,0,0,0,0,0,0,0,0,0,0,0,0,0,0,0,0,0,0,0,0,0,0,0,0,0,0,0,0,0,0,0,0,0,0,0,0,0,0,0,0,0,0,0,0,0,0,0,0,0,0,0,0,0,0,0,0
0,0,0,0,0,0,0,0,0,0,0,0,0,0,0,0,0,0,0,0,0,0,0,0,0,0,0,0,0,0,0,0,0,0,0,0,0,0,0,0,0,0,0,0,0,0,0,0,0,0,0,0,0,0,0,0,0,0,0,0,0,0,0,0,0,0,0,0,0,0,0,0,0,0,0,0,0,0,0,0,0,0,0,0,0,0,0,0,0,0,0,0,0,0,0,0,0,0,0,0,0,0,0,0,0,0,0,0,0,0,0,0,0,0,0,0,0,0,0,0,0,0,0,0,0,0,0,0,0,0,0,0,0,0,0,0,0,0,0,0,0,0,0,0,0,0,0,0,0,0,0,0,0,0,0,0,0,0,0,0,0,0,0,0,0,0,0,0,0,0,0,0,0,0,0,0,0,0,0,0,0,0,0,0,0,0,0,0,0,0,0,0,0,0,0,0,0,0
0,0,0,0,0,0,0,0,0,0,0,0,0,0,0,0,0,0,0,0,0,0,0,0,0,0,0,0,0,0,0,0,0,0,0,0,0,0,0,0,0,0,0,0,0,0,0,0,0,0,0,0,0,0,0,0,0,0,0,0,0,0,0,0,0,0,0,0,0,0,0,0,0,0,0,0,0,0,0,0,0,0,0,0,0,0,0,0,0,0,0,0,0,0,0,0,0,0,0,0,0,0,0,0,0,0,0,0,0,0,0,0,0,0,0,0,0,0,0,0,0,0,0,0,0,0,0,0,0,0,0,0,0,0,0,0,0,0,0,0,0,0,0,0,0,0,0,0,0,0,0,0,0,0,0,0,0,0,0,0,0,0,0,0,0,0,0,0,0,0,0,0,0,0,0,0,0,0,0,0,0,0,0,0,0,0,0,0,0,0,0,0,0,0,0,0,0,0
0,0,0,0,0,0,0,0,0,0,0,0,0,0,0,0,0,0,0,0,0,0,0,0,0,0,0,0,0,0,0,0,0,0,0,0,0,0,0,0,0,0,0,0,0,0,0,0,0,0,0,0,0,0,0,0,0,0,0,0,0,0,0,0,0,0,0,0,0,0,0,0,0,0,0,0,0,0,0,0,0,0,0,0,0,0,0,0,0,0,0,0,0,0,0,0,0,0,0,0,0,0,0,0,0,0,0,0,0,0,0,0,0,0,0,0,0,0,0,0,0,0,0,0,0,0,0,0,0,0,0,0,0,0,0,0,0,0,0,0,0,0,0,0,0,0,0,0,0,0,0,0,0,0,0,0,0,0,0,0,0,0,0,0,0,0,0,0,0,0,0,0,0,0,0,0,0,0,0,0,0,0,0,0,0,0,0,0,0,0,0,0,0,0,0,0,0,0
0,0,0,0,0,0,0,0,0,0,0,0,0,0,0,0,0,0,0,0,0,0,0,0,0,0,0,0,0,0,0,0,0,0,0,0,0,0,0,0,0,0,0,0,0,0,0,0,0,0,0,0,0,0,0,0,0,0,0,0,0,0,0,0,0,0,0,0,0,0,0,0,0,0,0,0,0,0,0,0,0,0,0,0,0,0,0,0,0,0,0,0,0,0,0,0,0,0,0,0,0,0,0,0,0,0,0,0,0,0,0,0,0,0,0,0,0,0,0,0,0,0,0,0,0,0,0,0,0,0,0,0,0,0,0,0,0,0,0,0,0,0,0,0,0,0,0,0,0,0,0,0,0,0,0,0,0,0,0,0,0,0,0,0,0,0,0,0,0,0,0,0,0,0,0,0,0,0,0,0,0,0,0,0,0,0,0,0,0,0,0,0,0,0,0,0,0,0
0,0,0,0,0,0,0,0,0,0,0,0,0,0,0,0,0,0,0,0,0,0,0,0,0,0,0,0,0,0,0,0,0,0,0,0,0,0,0,0,0,0,0,0,0,0,0,0,0,0,0,0,0,0,0,0,0,0,0,0,0,0,0,0,0,0,0,0,0,0,0,0,0,0,0,0,0,0,0,0,0,0,0,0,0,0,0,0,0,0,0,0,0,0,0,0,0,0,0,0,0,0,0,0,0,0,0,0,0,0,0,0,0,0,0,0,0,0,0,0,0,0,0,0,0,0,0,0,0,0,0,0,0,0,0,0,0,0,0,0,0,0,0,0,0,0,0,0,0,0,0,0,0,0,0,0,0,0,0,0,0,0,0,0,0,0,0,0,0,0,0,0,0,0,0,0,0,0,0,0,0,0,0,0,0,0,0,0,0,0,0,0,0,0,0,0,0,0
0,0,0,0,0,0,0,0,0,0,0,0,0,0,0,0,0,0,0,0,0,0,0,0,0,0,0,0,0,0,0,0,0,0,0,0,0,0,0,0,0,0,0,0,0,0,0,0,0,0,0,0,0,0,0,0,0,0,0,0,0,0,0,0,0,0,0,0,0,0,0,0,0,0,0,0,0,0,0,0,0,0,0,0,0,0,0,0,0,0,0,0,0,0,0,0,0,0,0,0,0,0,0,0,0,0,0,0,0,0,0,0,0,0,0,0,0,0,0,0,0,0,0,0,0,0,0,0,0,0,0,0,0,0,0,0,0,0,0,0,0,0,0,0,0,0,0,0,0,0,0,0,0,0,0,0,0,0,0,0,0,0,0,0,0,0,0,0,0,0,0,0,0,0,0,0,0,0,0,0,0,0,0,0,0,0,0,0,0,0,0,0,0,0,0,0,0,0
0,0,0,0,0,0,0,0,0,0,0,0,0,0,0,0,0,0,0,0,0,0,0,0,0,0,0,0,0,0,0,0,0,0,0,0,0,0,0,0,0,0,0,0,0,0,0,0,0,0,0,0,0,0,0,0,0,0,0,0,0,0,0,0,0,0,0,0,0,0,0,0,0,0,0,0,0,0,0,0,0,0,0,0,0,0,0,0,0,0,0,0,0,0,0,0,0,0,0,0,0,0,0,0,0,0,0,0,0,0,0,0,0,0,0,0,0,0,0,0,0,0,0,0,0,0,0,0,0,0,0,0,0,0,0,0,0,0,0,0,0,0,0,0,0,0,0,0,0,0,0,0,0,0,0,0,0,0,0,0,0,0,0,0,0,0,0,0,0,0,0,0,0,0,0,0,0,0,0,0,0,0,0,0,0,0,0,0,0,0,0,0,0,0,0,0,0,0
0,0,0,0,0,0,0,0,0,0,0,0,0,0,0,0,0,0,0,0,0,0,0,0,0,0,0,0,0,0,0,0,0,0,0,0,0,0,0,0,0,0,0,0,0,0,0,0,0,0,0,0,0,0,0,0,0,0,0,0,0,0,0,0,0,0,0,0,0,0,0,0,0,0,0,0,0,0,0,0,0,0,0,0,0,0,0,0,0,0,0,0,0,0,0,0,0,0,0,0,0,0,0,0,0,0,0,0,0,0,0,0,0,0,0,0,0,0,0,0,0,0,0,0,0,0,0,0,0,0,0,0,0,0,0,0,0,0,0,0,0,0,0,0,0,0,0,0,0,0,0,0,0,0,0,0,0,0,0,0,0,0,0,0,0,0,0,0,0,0,0,0,0,0,0,0,0,0,0,0,0,0,0,0,0,0,0,0,0,0,0,0,0,0,0,0,0,0
0,0,0,0,0,0,0,0,0,0,0,0,0,0,0,0,0,0,0,0,0,0,0,0,0,0,0,0,0,0,0,0,0,0,0,0,0,0,0,0,0,0,0,0,0,0,0,0,0,0,0,0,0,0,0,0,0,0,0,0,0,0,0,0,0,0,0,0,0,0,0,0,0,0,0,0,0,0,0,0,0,0,0,0,0,0,0,0,0,0,0,0,0,0,0,0,0,0,0,0,0,0,0,0,0,0,0,0,0,0,0,0,0,0,0,0,0,0,0,0,0,0,0,0,0,0,0,0,0,0,0,0,0,0,0,0,0,0,0,0,0,0,0,0,0,0,0,0,0,0,0,0,0,0,0,0,0,0,0,0,0,0,0,0,0,0,0,0,0,0,0,0,0,0,0,0,0,0,0,0,0,0,0,0,0,0,0,0,0,0,0,0,0,0,0,0,0,0
0,0,0,0,0,0,0,0,0,0,0,0,0,0,0,0,0,0,0,0,0,0,0,0,0,0,0,0,0,0,0,0,0,0,0,0,0,0,0,0,0,0,0,0,0,0,0,0,0,0,0,0,0,0,0,0,0,0,0,0,0,0,0,0,0,0,0,0,0,0,0,0,0,0,0,0,0,0,0,0,0,0,0,0,0,0,0,0,0,0,0,0,0,0,0,0,0,0,0,0,0,0,0,0,0,0,0,0,0,0,0,0,0,0,0,0,0,0,0,0,0,0,0,0,0,0,0,0,0,0,0,0,0,0,0,0,0,0,0,0,0,0,0,0,0,0,0,0,0,0,0,0,0,0,0,0,0,0,0,0,0,0,0,0,0,0,0,0,0,0,0,0,0,0,0,0,0,0,0,0,0,0,0,0,0,0,0,0,0,0,0,0,0,0,0,0,0,0
0,0,0,0,0,0,0,0,0,0,0,0,0,0,0,0,0,0,0,0,0,0,0,0,0,0,0,0,0,0,0,0,0,0,0,0,0,0,0,0,0,0,0,0,0,0,0,0,0,0,0,0,0,0,0,0,0,0,0,0,0,0,0,0,0,0,0,0,0,0,0,0,0,0,0,0,0,0,0,0,0,0,0,0,0,0,0,0,0,0,0,0,0,0,0,0,0,0,0,0,0,0,0,0,0,0,0,0,0,0,0,0,0,0,0,0,0,0,0,0,0,0,0,0,0,0,0,0,0,0,0,0,0,0,0,0,0,0,0,0,0,0,0,0,0,0,0,0,0,0,0,0,0,0,0,0,0,0,0,0,0,0,0,0,0,0,0,0,0,0,0,0,0,0,0,0,0,0,0,0,0,0,0,0,0,0,0,0,0,0,0,0,0,0,0,0,0,0
0,0,0,0,0,0,0,0,0,0,0,0,0,0,0,0,0,0,0,0,0,0,0,0,0,0,0,0,0,0,0,0,0,0,0,0,0,0,0,0,0,0,0,0,0,0,0,0,0,0,0,0,0,0,0,0,0,0,0,0,0,0,0,0,0,0,0,0,0,0,0,0,0,0,0,0,0,0,0,0,0,0,0,0,0,0,0,0,0,0,0,0,0,0,0,0,0,0,0,0,0,0,0,0,0,0,0,0,0,0,0,0,0,0,0,0,0,0,0,0,0,0,0,0,0,0,0,0,0,0,0,0,0,0,0,0,0,0,0,0,0,0,0,0,0,0,0,0,0,0,0,0,0,0,0,0,0,0,0,0,0,0,0,0,0,0,0,0,0,0,0,0,0,0,0,0,0,0,0,0,0,0,0,0,0,0,0,0,0,0,0,0,0,0,0,0,0,0
0,0,0,0,0,0,0,0,0,0,0,0,0,0,0,0,0,0,0,0,0,0,0,0,0,0,0,0,0,0,0,0,0,0,0,0,0,0,0,0,0,0,0,0,0,0,0,0,0,0,0,0,0,0,0,0,0,0,0,0,0,0,0,0,0,0,0,0,0,0,0,0,0,0,0,0,0,0,0,0,0,0,0,0,0,0,0,0,0,0,0,0,0,0,0,0,0,0,0,0,0,0,0,0,0,0,0,0,0,0,0,0,0,0,0,0,0,0,0,0,0,0,0,0,0,0,0,0,0,0,0,0,0,0,0,0,0,0,0,0,0,0,0,0,0,0,0,0,0,0,0,0,0,0,0,0,0,0,0,0,0,0,0,0,0,0,0,0,0,0,0,0,0,0,0,0,0,0,0,0,0,0,0,0,0,0,0,0,0,0,0,0,0,0,0,0,0,0
0,0,0,0,0,0,0,0,0,0,0,0,0,0,0,0,0,0,0,0,0,0,0,0,0,0,0,0,0,0,0,0,0,0,0,0,0,0,0,0,0,0,0,0,0,0,0,0,0,0,0,0,0,0,0,0,0,0,0,0,0,0,0,0,0,0,0,0,0,0,0,0,0,0,0,0,0,0,0,0,0,0,0,0,0,0,0,0,0,0,0,0,0,0,0,0,0,0,0,0,0,0,0,0,0,0,0,0,0,0,0,0,0,0,0,0,0,0,0,0,0,0,0,0,0,0,0,0,0,0,0,0,0,0,0,0,0,0,0,0,0,0,0,0,0,0,0,0,0,0,0,0,0,0,0,0,0,0,0,0,0,0,0,0,0,0,0,0,0,0,0,0,0,0,0,0,0,0,0,0,0,0,0,0,0,0,0,0,0,0,0,0,0,0,0,0,0,0
0,0,0,0,0,0,0,0,0,0,0,0,0,0,0,0,0,0,0,0,0,0,0,0,0,0,0,0,0,0,0,0,0,0,0,0,0,0,0,0,0,0,0,0,0,0,0,0,0,0,0,0,0,0,0,0,0,0,0,0,0,0,0,0,0,0,0,0,0,0,0,0,0,0,0,0,0,0,0,0,0,0,0,0,0,0,0,0,0,0,0,0,0,0,0,0,0,0,0,0,0,0,0,0,0,0,0,0,0,0,0,0,0,0,0,0,0,0,0,0,0,0,0,0,0,0,0,0,0,0,0,0,0,0,0,0,0,0,0,0,0,0,0,0,0,0,0,0,0,0,0,0,0,0,0,0,0,0,0,0,0,0,0,0,0,0,0,0,0,0,0,0,0,0,0,0,0,0,0,0,0,0,0,0,0,0,0,0,0,0,0,0,0,0,0,0,0,0
0,0,0,0,0,0,0,0,0,0,0,0,0,0,0,0,0,0,0,0,0,0,0,0,0,0,0,0,0,0,0,0,0,0,0,0,0,0,0,0,0,0,0,0,0,0,0,0,0,0,0,0,0,0,0,0,0,0,0,0,0,0,0,0,0,0,0,0,0,0,0,0,0,0,0,0,0,0,0,0,0,0,0,0,0,0,0,0,0,0,0,0,0,0,0,0,0,0,0,0,0,0,0,0,0,0,0,0,0,0,0,0,0,0,0,0,0,0,0,0,0,0,0,0,0,0,0,0,0,0,0,0,0,0,0,0,0,0,0,0,0,0,0,0,0,0,0,0,0,0,0,0,0,0,0,0,0,0,0,0,0,0,0,0,0,0,0,0,0,0,0,0,0,0,0,0,0,0,0,0,0,0,0,0,0,0,0,0,0,0,0,0,0,0,0,0,0,0
0,0,0,0,0,0,0,0,0,0,0,0,0,0,0,0,0,0,0,0,0,0,0,0,0,0,0,0,0,0,0,0,0,0,0,0,0,0,0,0,0,0,0,0,0,0,0,0,0,0,0,0,0,0,0,0,0,0,0,0,0,0,0,0,0,0,0,0,0,0,0,0,0,0,0,0,0,0,0,0,0,0,0,0,0,0,0,0,0,0,0,0,0,0,0,0,0,0,0,0,0,0,0,0,0,0,0,0,0,0,0,0,0,0,0,0,0,0,0,0,0,0,0,0,0,0,0,0,0,0,0,0,0,0,0,0,0,0,0,0,0,0,0,0,0,0,0,0,0,0,0,0,0,0,0,0,0,0,0,0,0,0,0,0,0,0,0,0,0,0,0,0,0,0,0,0,0,0,0,0,0,0,0,0,0,0,0,0,0,0,0,0,0,0,0,0,0,0
0,0,0,0,0,0,0,0,0,0,0,0,0,0,0,0,0,0,0,0,0,0,0,0,0,0,0,0,0,0,0,0,0,0,0,0,0,0,0,0,0,0,0,0,0,0,0,0,0,0,0,0,0,0,0,0,0,0,0,0,0,0,0,0,0,0,0,0,0,0,0,0,0,0,0,0,0,0,0,0,0,0,0,0,0,0,0,0,0,0,0,0,0,0,0,0,0,0,0,0,0,0,0,0,0,0,0,0,0,0,0,0,0,0,0,0,0,0,0,0,0,0,0,0,0,0,0,0,0,0,0,0,0,0,0,0,0,0,0,0,0,0,0,0,0,0,0,0,0,0,0,0,0,0,0,0,0,0,0,0,0,0,0,0,0,0,0,0,0,0,0,0,0,0,0,0,0,0,0,0,0,0,0,0,0,0,0,0,0,0,0,0,0,0,0,0,0,0
0,0,0,0,0,0,0,0,0,0,0,0,0,0,0,0,0,0,0,0,0,0,0,0,0,0,0,0,0,0,0,0,0,0,0,0,0,0,0,0,0,0,0,0,0,0,0,0,0,0,0,0,0,0,0,0,0,0,0,0,0,0,0,0,0,0,0,0,0,0,0,0,0,0,0,0,0,0,0,0,0,0,0,0,0,0,0,0,0,0,0,0,0,0,0,0,0,0,0,0,0,0,0,0,0,0,0,0,0,0,0,0,0,0,0,0,0,0,0,0,0,0,0,0,0,0,0,0,0,0,0,0,0,0,0,0,0,0,0,0,0,0,0,0,0,0,0,0,0,0,0,0,0,0,0,0,0,0,0,0,0,0,0,0,0,0,0,0,0,0,0,0,0,0,0,0,0,0,0,0,0,0,0,0,0,0,0,0,0,0,0,0,0,0,0,0,0,0
0,0,0,0,0,0,0,0,0,0,0,0,0,0,0,0,0,0,0,0,0,0,0,0,0,0,0,0,0,0,0,0,0,0,0,0,0,0,0,0,0,0,0,0,0,0,0,0,0,0,0,0,0,0,0,0,0,0,0,0,0,0,0,0,0,0,0,0,0,0,0,0,0,0,0,0,0,0,0,0,0,0,0,0,0,0,0,0,0,0,0,0,0,0,0,0,0,0,0,0,0,0,0,0,0,0,0,0,0,0,0,0,0,0,0,0,0,0,0,0,0,0,0,0,0,0,0,0,0,0,0,0,0,0,0,0,0,0,0,0,0,0,0,0,0,0,0,0,0,0,0,0,0,0,0,0,0,0,0,0,0,0,0,0,0,0,0,0,0,0,0,0,0,0,0,0,0,0,0,0,0,0,0,0,0,0,0,0,0,0,0,0,0,0,0,0,0,0
0,0,0,0,0,0,0,0,0,0,0,0,0,0,0,0,0,0,0,0,0,0,0,0,0,0,0,0,0,0,0,0,0,0,0,0,0,0,0,0,0,0,0,0,0,0,0,0,0,0,0,0,0,0,0,0,0,0,0,0,0,0,0,0,0,0,0,0,0,0,0,0,0,0,0,0,0,0,0,0,0,0,0,0,0,0,0,0,0,0,0,0,0,0,0,0,0,0,0,0,0,0,0,0,0,0,0,0,0,0,0,0,0,0,0,0,0,0,0,0,0,0,0,0,0,0,0,0,0,0,0,0,0,0,0,0,0,0,0,0,0,0,0,0,0,0,0,0,0,0,0,0,0,0,0,0,0,0,0,0,0,0,0,0,0,0,0,0,0,0,0,0,0,0,0,0,0,0,0,0,0,0,0,0,0,0,0,0,0,0,0,0,0,0,0,0,0,0
0,0,0,0,0,0,0,0,0,0,0,0,0,0,0,0,0,0,0,0,0,0,0,0,0,0,0,0,0,0,0,0,0,0,0,0,0,0,0,0,0,0,0,0,0,0,0,0,0,0,0,0,0,0,0,0,0,0,0,0,0,0,0,0,0,0,0,0,0,0,0,0,0,0,0,0,0,0,0,0,0,0,0,0,0,0,0,0,0,0,0,0,0,0,0,0,0,0,0,0,0,0,0,0,0,0,0,0,0,0,0,0,0,0,0,0,0,0,0,0,0,0,0,0,0,0,0,0,0,0,0,0,0,0,0,0,0,0,0,0,0,0,0,0,0,0,0,0,0,0,0,0,0,0,0,0,0,0,0,0,0,0,0,0,0,0,0,0,0,0,0,0,0,0,0,0,0,0,0,0,0,0,0,0,0,0,0,0,0,0,0,0,0,0,0,0,0,0
0,0,0,0,0,0,0,0,0,0,0,0,0,0,0,0,0,0,0,0,0,0,0,0,0,0,0,0,0,0,0,0,0,0,0,0,0,0,0,0,0,0,0,0,0,0,0,0,0,0,0,0,0,0,0,0,0,0,0,0,0,0,0,0,0,0,0,0,0,0,0,0,0,0,0,0,0,0,0,0,0,0,0,0,0,0,0,0,0,0,0,0,0,0,0,0,0,0,0,0,0,0,0,0,0,0,0,0,0,0,0,0,0,0,0,0,0,0,0,0,0,0,0,0,0,0,0,0,0,0,0,0,0,0,0,0,0,0,0,0,0,0,0,0,0,0,0,0,0,0,0,0,0,0,0,0,0,0,0,0,0,0,0,0,0,0,0,0,0,0,0,0,0,0,0,0,0,0,0,0,0,0,0,0,0,0,0,0,0,0,0,0,0,0,0,0,0,0
0,0,0,0,0,0,0,0,0,0,0,0,0,0,0,0,0,0,0,0,0,0,0,0,0,0,0,0,0,0,0,0,0,0,0,0,0,0,0,0,0,0,0,0,0,0,0,0,0,0,0,0,0,0,0,0,0,0,0,0,0,0,0,0,0,0,0,0,0,0,0,0,0,0,0,0,0,0,0,0,0,0,0,0,0,0,0,0,0,0,0,0,0,0,0,0,0,0,0,0,0,0,0,0,0,0,0,0,0,0,0,0,0,0,0,0,0,0,0,0,0,0,0,0,0,0,0,0,0,0,0,0,0,0,0,0,0,0,0,0,0,0,0,0,0,0,0,0,0,0,0,0,0,0,0,0,0,0,0,0,0,0,0,0,0,0,0,0,0,0,0,0,0,0,0,0,0,0,0,0,0,0,0,0,0,0,0,0,0,0,0,0,0,0,0,0,0,0
0,0,0,0,0,0,0,0,0,0,0,0,0,0,0,0,0,0,0,0,0,0,0,0,0,0,0,0,0,0,0,0,0,0,0,0,0,0,0,0,0,0,0,0,0,0,0,0,0,0,0,0,0,0,0,0,0,0,0,0,0,0,0,0,0,0,0,0,0,0,0,0,0,0,0,0,0,0,0,0,0,0,0,0,0,0,0,0,0,0,0,0,0,0,0,0,0,0,0,0,0,0,0,0,0,0,0,0,0,0,0,0,0,0,0,0,0,0,0,0,0,0,0,0,0,0,0,0,0,0,0,0,0,0,0,0,0,0,0,0,0,0,0,0,0,0,0,0,0,0,0,0,0,0,0,0,0,0,0,0,0,0,0,0,0,0,0,0,0,0,0,0,0,0,0,0,0,0,0,0,0,0,0,0,0,0,0,0,0,0,0,0,0,0,0,0,0,0
0,0,0,0,0,0,0,0,0,0,0,0,0,0,0,0,0,0,0,0,0,0,0,0,0,0,0,0,0,0,0,0,0,0,0,0,0,0,0,0,0,0,0,0,0,0,0,0,0,0,0,0,0,0,0,0,0,0,0,0,0,0,0,0,0,0,0,0,0,0,0,0,0,0,0,0,0,0,0,0,0,0,0,0,0,0,0,0,0,0,0,0,0,0,0,0,0,0,0,0,0,0,0,0,0,0,0,0,0,0,0,0,0,0,0,0,0,0,0,0,0,0,0,0,0,0,0,0,0,0,0,0,0,0,0,0,0,0,0,0,0,0,0,0,0,0,0,0,0,0,0,0,0,0,0,0,0,0,0,0,0,0,0,0,0,0,0,0,0,0,0,0,0,0,0,0,0,0,0,0,0,0,0,0,0,0,0,0,0,0,0,0,0,0,0,0,0,0
0,0,0,0,0,0,0,0,0,0,0,0,0,0,0,0,0,0,0,0,0,0,0,0,0,0,0,0,0,0,0,0,0,0,0,0,0,0,0,0,0,0,0,0,0,0,0,0,0,0,0,0,0,0,0,0,0,0,0,0,0,0,0,0,0,0,0,0,0,0,0,0,0,0,0,0,0,0,0,0,0,0,0,0,0,0,0,0,0,0,0,0,0,0,0,0,0,0,0,0,0,0,0,0,0,0,0,0,0,0,0,0,0,0,0,0,0,0,0,0,0,0,0,0,0,0,0,0,0,0,0,0,0,0,0,0,0,0,0,0,0,0,0,0,0,0,0,0,0,0,0,0,0,0,0,0,0,0,0,0,0,0,0,0,0,0,0,0,0,0,0,0,0,0,0,0,0,0,0,0,0,0,0,0,0,0,0,0,0,0,0,0,0,0,0,0,0,0
0,0,0,0,0,0,0,0,0,0,0,0,0,0,0,0,0,0,0,0,0,0,0,0,0,0,0,0,0,0,0,0,0,0,0,0,0,0,0,0,0,0,0,0,0,0,0,0,0,0,0,0,0,0,0,0,0,0,0,0,0,0,0,0,0,0,0,0,0,0,0,0,0,0,0,0,0,0,0,0,0,0,0,0,0,0,0,0,0,0,0,0,0,0,0,0,0,0,0,0,0,0,0,0,0,0,0,0,0,0,0,0,0,0,0,0,0,0,0,0,0,0,0,0,0,0,0,0,0,0,0,0,0,0,0,0,0,0,0,0,0,0,0,0,0,0,0,0,0,0,0,0,0,0,0,0,0,0,0,0,0,0,0,0,0,0,0,0,0,0,0,0,0,0,0,0,0,0,0,0,0,0,0,0,0,0,0,0,0,0,0,0,0,0,0,0,0,0
0,0,0,0,0,0,0,0,0,0,0,0,0,0,0,0,0,0,0,0,0,0,0,0,0,0,0,0,0,0,0,0,0,0,0,0,0,0,0,0,0,0,0,0,0,0,0,0,0,0,0,0,0,0,0,0,0,0,0,0,0,0,0,0,0,0,0,0,0,0,0,0,0,0,0,0,0,0,0,0,0,0,0,0,0,0,0,0,0,0,0,0,0,0,0,0,0,0,0,0,0,0,0,0,0,0,0,0,0,0,0,0,0,0,0,0,0,0,0,0,0,0,0,0,0,0,0,0,0,0,0,0,0,0,0,0,0,0,0,0,0,0,0,0,0,0,0,0,0,0,0,0,0,0,0,0,0,0,0,0,0,0,0,0,0,0,0,0,0,0,0,0,0,0,0,0,0,0,0,0,0,0,0,0,0,0,0,0,0,0,0,0,0,0,0,0,0,0
0,0,0,0,0,0,0,0,0,0,0,0,0,0,0,0,0,0,0,0,0,0,0,0,0,0,0,0,0,0,0,0,0,0,0,0,0,0,0,0,0,0,0,0,0,0,0,0,0,0,0,0,0,0,0,0,0,0,0,0,0,0,0,0,0,0,0,0,0,0,0,0,0,0,0,0,0,0,0,0,0,0,0,0,0,0,0,0,0,0,0,0,0,0,0,0,0,0,0,0,0,0,0,0,0,0,0,0,0,0,0,0,0,0,0,0,0,0,0,0,0,0,0,0,0,0,0,0,0,0,0,0,0,0,0,0,0,0,0,0,0,0,0,0,0,0,0,0,0,0,0,0,0,0,0,0,0,0,0,0,0,0,0,0,0,0,0,0,0,0,0,0,0,0,0,0,0,0,0,0,0,0,0,0,0,0,0,0,0,0,0,0,0,0,0,0,0,0
0,0,0,0,0,0,0,0,0,0,0,0,0,0,0,0,0,0,0,0,0,0,0,0,0,0,0,0,0,0,0,0,0,0,0,0,0,0,0,0,0,0,0,0,0,0,0,0,0,0,0,0,0,0,0,0,0,0,0,0,0,0,0,0,0,0,0,0,0,0,0,0,0,0,0,0,0,0,0,0,0,0,0,0,0,0,0,0,0,0,0,0,0,0,0,0,0,0,0,0,0,0,0,0,0,0,0,0,0,0,0,0,0,0,0,0,0,0,0,0,0,0,0,0,0,0,0,0,0,0,0,0,0,0,0,0,0,0,0,0,0,0,0,0,0,0,0,0,0,0,0,0,0,0,0,0,0,0,0,0,0,0,0,0,0,0,0,0,0,0,0,0,0,0,0,0,0,0,0,0,0,0,0,0,0,0,0,0,0,0,0,0,0,0,0,0,0,0
0,0,0,0,0,0,0,0,0,0,0,0,0,0,0,0,0,0,0,0,0,0,0,0,0,0,0,0,0,0,0,0,0,0,0,0,0,0,0,0,0,0,0,0,0,0,0,0,0,0,0,0,0,0,0,0,0,0,0,0,0,0,0,0,0,0,0,0,0,0,0,0,0,0,0,0,0,0,0,0,0,0,0,0,0,0,0,0,0,0,0,0,0,0,0,0,0,0,0,0,0,0,0,0,0,0,0,0,0,0,0,0,0,0,0,0,0,0,0,0,0,0,0,0,0,0,0,0,0,0,0,0,0,0,0,0,0,0,0,0,0,0,0,0,0,0,0,0,0,0,0,0,0,0,0,0,0,0,0,0,0,0,0,0,0,0,0,0,0,0,0,0,0,0,0,0,0,0,0,0,0,0,0,0,0,0,0,0,0,0,0,0,0,0,0,0,0,0
0,0,0,0,0,0,0,0,0,0,0,0,0,0,0,0,0,0,0,0,0,0,0,0,0,0,0,0,0,0,0,0,0,0,0,0,0,0,0,0,0,0,0,0,0,0,0,0,0,0,0,0,0,0,0,0,0,0,0,0,0,0,0,0,0,0,0,0,0,0,0,0,0,0,0,0,0,0,0,0,0,0,0,0,0,0,0,0,0,0,0,0,0,0,0,0,0,0,0,0,0,0,0,0,0,0,0,0,0,0,0,0,0,0,0,0,0,0,0,0,0,0,0,0,0,0,0,0,0,0,0,0,0,0,0,0,0,0,0,0,0,0,0,0,0,0,0,0,0,0,0,0,0,0,0,0,0,0,0,0,0,0,0,0,0,0,0,0,0,0,0,0,0,0,0,0,0,0,0,0,0,0,0,0,0,0,0,0,0,0,0,0,0,0,0,0,0,0
0,0,0,0,0,0,0,0,0,0,0,0,0,0,0,0,0,0,0,0,0,0,0,0,0,0,0,0,0,0,0,0,0,0,0,0,0,0,0,0,0,0,0,0,0,0,0,0,0,0,0,0,0,0,0,0,0,0,0,0,0,0,0,0,0,0,0,0,0,0,0,0,0,0,0,0,0,0,0,0,0,0,0,0,0,0,0,0,0,0,0,0,0,0,0,0,0,0,0,0,0,0,0,0,0,0,0,0,0,0,0,0,0,0,0,0,0,0,0,0,0,0,0,0,0,0,0,0,0,0,0,0,0,0,0,0,0,0,0,0,0,0,0,0,0,0,0,0,0,0,0,0,0,0,0,0,0,0,0,0,0,0,0,0,0,0,0,0,0,0,0,0,0,0,0,0,0,0,0,0,0,0,0,0,0,0,0,0,0,0,0,0,0,0,0,0,0,0
0,0,0,0,0,0,0,0,0,0,0,0,0,0,0,0,0,0,0,0,0,0,0,0,0,0,0,0,0,0,0,0,0,0,0,0,0,0,0,0,0,0,0,0,0,0,0,0,0,0,0,0,0,0,0,0,0,0,0,0,0,0,0,0,0,0,0,0,0,0,0,0,0,0,0,0,0,0,0,0,0,0,0,0,0,0,0,0,0,0,0,0,0,0,0,0,0,0,0,0,0,0,0,0,0,0,0,0,0,0,0,0,0,0,0,0,0,0,0,0,0,0,0,0,0,0,0,0,0,0,0,0,0,0,0,0,0,0,0,0,0,0,0,0,0,0,0,0,0,0,0,0,0,0,0,0,0,0,0,0,0,0,0,0,0,0,0,0,0,0,0,0,0,0,0,0,0,0,0,0,0,0,0,0,0,0,0,0,0,0,0,0,0,0,0,0,0,0
0,0,0,0,0,0,0,0,0,0,0,0,0,0,0,0,0,0,0,0,0,0,0,0,0,0,0,0,0,0,0,0,0,0,0,0,0,0,0,0,0,0,0,0,0,0,0,0,0,0,0,0,0,0,0,0,0,0,0,0,0,0,0,0,0,0,0,0,0,0,0,0,0,0,0,0,0,0,0,0,0,0,0,0,0,0,0,0,0,0,0,0,0,0,0,0,0,0,0,0,0,0,0,0,0,0,0,0,0,0,0,0,0,0,0,0,0,0,0,0,0,0,0,0,0,0,0,0,0,0,0,0,0,0,0,0,0,0,0,0,0,0,0,0,0,0,0,0,0,0,0,0,0,0,0,0,0,0,0,0,0,0,0,0,0,0,0,0,0,0,0,0,0,0,0,0,0,0,0,0,0,0,0,0,0,0,0,0,0,0,0,0,0,0,0,0,0,0
0,0,0,0,0,0,0,0,0,0,0,0,0,0,0,0,0,0,0,0,0,0,0,0,0,0,0,0,0,0,0,0,0,0,0,0,0,0,0,0,0,0,0,0,0,0,0,0,0,0,0,0,0,0,0,0,0,0,0,0,0,0,0,0,0,0,0,0,0,0,0,0,0,0,0,0,0,0,0,0,0,0,0,0,0,0,0,0,0,0,0,0,0,0,0,0,0,0,0,0,0,0,0,0,0,0,0,0,0,0,0,0,0,0,0,0,0,0,0,0,0,0,0,0,0,0,0,0,0,0,0,0,0,0,0,0,0,0,0,0,0,0,0,0,0,0,0,0,0,0,0,0,0,0,0,0,0,0,0,0,0,0,0,0,0,0,0,0,0,0,0,0,0,0,0,0,0,0,0,0,0,0,0,0,0,0,0,0,0,0,0,0,0,0,0,0,0,0
0,0,0,0,0,0,0,0,0,0,0,0,0,0,0,0,0,0,0,0,0,0,0,0,0,0,0,0,0,0,0,0,0,0,0,0,0,0,0,0,0,0,0,0,0,0,0,0,0,0,0,0,0,0,0,0,0,0,0,0,0,0,0,0,0,0,0,0,0,0,0,0,0,0,0,0,0,0,0,0,0,0,0,0,0,0,0,0,0,0,0,0,0,0,0,0,0,0,0,0,0,0,0,0,0,0,0,0,0,0,0,0,0,0,0,0,0,0,0,0,0,0,0,0,0,0,0,0,0,0,0,0,0,0,0,0,0,0,0,0,0,0,0,0,0,0,0,0,0,0,0,0,0,0,0,0,0,0,0,0,0,0,0,0,0,0,0,0,0,0,0,0,0,0,0,0,0,0,0,0,0,0,0,0,0,0,0,0,0,0,0,0,0,0,0,0,0,0
0,0,0,0,0,0,0,0,0,0,0,0,0,0,0,0,0,0,0,0,0,0,0,0,0,0,0,0,0,0,0,0,0,0,0,0,0,0,0,0,0,0,0,0,0,0,0,0,0,0,0,0,0,0,0,0,0,0,0,0,0,0,0,0,0,0,0,0,0,0,0,0,0,0,0,0,0,0,0,0,0,0,0,0,0,0,0,0,0,0,0,0,0,0,0,0,0,0,0,0,0,0,0,0,0,0,0,0,0,0,0,0,0,0,0,0,0,0,0,0,0,0,0,0,0,0,0,0,0,0,0,0,0,0,0,0,0,0,0,0,0,0,0,0,0,0,0,0,0,0,0,0,0,0,0,0,0,0,0,0,0,0,0,0,0,0,0,0,0,0,0,0,0,0,0,0,0,0,0,0,0,0,0,0,0,0,0,0,0,0,0,0,0,0,0,0,0,0
0,0,0,0,0,0,0,0,0,0,0,0,0,0,0,0,0,0,0,0,0,0,0,0,0,0,0,0,0,0,0,0,0,0,0,0,0,0,0,0,0,0,0,0,0,0,0,0,0,0,0,0,0,0,0,0,0,0,0,0,0,0,0,0,0,0,0,0,0,0,0,0,0,0,0,0,0,0,0,0,0,0,0,0,0,0,0,0,0,0,0,0,0,0,0,0,0,0,0,0,0,0,0,0,0,0,0,0,0,0,0,0,0,0,0,0,0,0,0,0,0,0,0,0,0,0,0,0,0,0,0,0,0,0,0,0,0,0,0,0,0,0,0,0,0,0,0,0,0,0,0,0,0,0,0,0,0,0,0,0,0,0,0,0,0,0,0,0,0,0,0,0,0,0,0,0,0,0,0,0,0,0,0,0,0,0,0,0,0,0,0,0,0,0,0,0,0,0
0,0,0,0,0,0,0,0,0,0,0,0,0,0,0,0,0,0,0,0,0,0,0,0,0,0,0,0,0,0,0,0,0,0,0,0,0,0,0,0,0,0,0,0,0,0,0,0,0,0,0,0,0,0,0,0,0,0,0,0,0,0,0,0,0,0,0,0,0,0,0,0,0,0,0,0,0,0,0,0,0,0,0,0,0,0,0,0,0,0,0,0,0,0,0,0,0,0,0,0,0,0,0,0,0,0,0,0,0,0,0,0,0,0,0,0,0,0,0,0,0,0,0,0,0,0,0,0,0,0,0,0,0,0,0,0,0,0,0,0,0,0,0,0,0,0,0,0,0,0,0,0,0,0,0,0,0,0,0,0,0,0,0,0,0,0,0,0,0,0,0,0,0,0,0,0,0,0,0,0,0,0,0,0,0,0,0,0,0,0,0,0,0,0,0,0,0,0
0,0,0,0,0,0,0,0,0,0,0,0,0,0,0,0,0,0,0,0,0,0,0,0,0,0,0,0,0,0,0,0,0,0,0,0,0,0,0,0,0,0,0,0,0,0,0,0,0,0,0,0,0,0,0,0,0,0,0,0,0,0,0,0,0,0,0,0,0,0,0,0,0,0,0,0,0,0,0,0,0,0,0,0,0,0,0,0,0,0,0,0,0,0,0,0,0,0,0,0,0,0,0,0,0,0,0,0,0,0,0,0,0,0,0,0,0,0,0,0,0,0,0,0,0,0,0,0,0,0,0,0,0,0,0,0,0,0,0,0,0,0,0,0,0,0,0,0,0,0,0,0,0,0,0,0,0,0,0,0,0,0,0,0,0,0,0,0,0,0,0,0,0,0,0,0,0,0,0,0,0,0,0,0,0,0,0,0,0,0,0,0,0,0,0,0,0,0
0,0,0,0,0,0,0,0,0,0,0,0,0,0,0,0,0,0,0,0,0,0,0,0,0,0,0,0,0,0,0,0,0,0,0,0,0,0,0,0,0,0,0,0,0,0,0,0,0,0,0,0,0,0,0,0,0,0,0,0,0,0,0,0,0,0,0,0,0,0,0,0,0,0,0,0,0,0,0,0,0,0,0,0,0,0,0,0,0,0,0,0,0,0,0,0,0,0,0,0,0,0,0,0,0,0,0,0,0,0,0,0,0,0,0,0,0,0,0,0,0,0,0,0,0,0,0,0,0,0,0,0,0,0,0,0,0,0,0,0,0,0,0,0,0,0,0,0,0,0,0,0,0,0,0,0,0,0,0,0,0,0,0,0,0,0,0,0,0,0,0,0,0,0,0,0,0,0,0,0,0,0,0,0,0,0,0,0,0,0,0,0,0,0,0,0,0,0
0,0,0,0,0,0,0,0,0,0,0,0,0,0,0,0,0,0,0,0,0,0,0,0,0,0,0,0,0,0,0,0,0,0,0,0,0,0,0,0,0,0,0,0,0,0,0,0,0,0,0,0,0,0,0,0,0,0,0,0,0,0,0,0,0,0,0,0,0,0,0,0,0,0,0,0,0,0,0,0,0,0,0,0,0,0,0,0,0,0,0,0,0,0,0,0,0,0,0,0,0,0,0,0,0,0,0,0,0,0,0,0,0,0,0,0,0,0,0,0,0,0,0,0,0,0,0,0,0,0,0,0,0,0,0,0,0,0,0,0,0,0,0,0,0,0,0,0,0,0,0,0,0,0,0,0,0,0,0,0,0,0,0,0,0,0,0,0,0,0,0,0,0,0,0,0,0,0,0,0,0,0,0,0,0,0,0,0,0,0,0,0,0,0,0,0,0,0
0,0,0,0,0,0,0,0,0,0,0,0,0,0,0,0,0,0,0,0,0,0,0,0,0,0,0,0,0,0,0,0,0,0,0,0,0,0,0,0,0,0,0,0,0,0,0,0,0,0,0,0,0,0,0,0,0,0,0,0,0,0,0,0,0,0,0,0,0,0,0,0,0,0,0,0,0,0,0,0,0,0,0,0,0,0,0,0,0,0,0,0,0,0,0,0,0,0,0,0,0,0,0,0,0,0,0,0,0,0,0,0,0,0,0,0,0,0,0,0,0,0,0,0,0,0,0,0,0,0,0,0,0,0,0,0,0,0,0,0,0,0,0,0,0,0,0,0,0,0,0,0,0,0,0,0,0,0,0,0,0,0,0,0,0,0,0,0,0,0,0,0,0,0,0,0,0,0,0,0,0,0,0,0,0,0,0,0,0,0,0,0,0,0,0,0,0,0
0,0,0,0,0,0,0,0,0,0,0,0,0,0,0,0,0,0,0,0,0,0,0,0,0,0,0,0,0,0,0,0,0,0,0,0,0,0,0,0,0,0,0,0,0,0,0,0,0,0,0,0,0,0,0,0,0,0,0,0,0,0,0,0,0,0,0,0,0,0,0,0,0,0,0,0,0,0,0,0,0,0,0,0,0,0,0,0,0,0,0,0,0,0,0,0,0,0,0,0,0,0,0,0,0,0,0,0,0,0,0,0,0,0,0,0,0,0,0,0,0,0,0,0,0,0,0,0,0,0,0,0,0,0,0,0,0,0,0,0,0,0,0,0,0,0,0,0,0,0,0,0,0,0,0,0,0,0,0,0,0,0,0,0,0,0,0,0,0,0,0,0,0,0,0,0,0,0,0,0,0,0,0,0,0,0,0,0,0,0,0,0,0,0,0,0,0,0
0,0,0,0,0,0,0,0,0,0,0,0,0,0,0,0,0,0,0,0,0,0,0,0,0,0,0,0,0,0,0,0,0,0,0,0,0,0,0,0,0,0,0,0,0,0,0,0,0,0,0,0,0,0,0,0,0,0,0,0,0,0,0,0,0,0,0,0,0,0,0,0,0,0,0,0,0,0,0,0,0,0,0,0,0,0,0,0,0,0,0,0,0,0,0,0,0,0,0,0,0,0,0,0,0,0,0,0,0,0,0,0,0,0,0,0,0,0,0,0,0,0,0,0,0,0,0,0,0,0,0,0,0,0,0,0,0,0,0,0,0,0,0,0,0,0,0,0,0,0,0,0,0,0,0,0,0,0,0,0,0,0,0,0,0,0,0,0,0,0,0,0,0,0,0,0,0,0,0,0,0,0,0,0,0,0,0,0,0,0,0,0,0,0,0,0,0,0
0,0,0,0,0,0,0,0,0,0,0,0,0,0,0,0,0,0,0,0,0,0,0,0,0,0,0,0,0,0,0,0,0,0,0,0,0,0,0,0,0,0,0,0,0,0,0,0,0,0,0,0,0,0,0,0,0,0,0,0,0,0,0,0,0,0,0,0,0,0,0,0,0,0,0,0,0,0,0,0,0,0,0,0,0,0,0,0,0,0,0,0,0,0,0,0,0,0,0,0,0,0,0,0,0,0,0,0,0,0,0,0,0,0,0,0,0,0,0,0,0,0,0,0,0,0,0,0,0,0,0,0,0,0,0,0,0,0,0,0,0,0,0,0,0,0,0,0,0,0,0,0,0,0,0,0,0,0,0,0,0,0,0,0,0,0,0,0,0,0,0,0,0,0,0,0,0,0,0,0,0,0,0,0,0,0,0,0,0,0,0,0,0,0,0,0,0,0
0,0,0,0,0,0,0,0,0,0,0,0,0,0,0,0,0,0,0,0,0,0,0,0,0,0,0,0,0,0,0,0,0,0,0,0,0,0,0,0,0,0,0,0,0,0,0,0,0,0,0,0,0,0,0,0,0,0,0,0,0,0,0,0,0,0,0,0,0,0,0,0,0,0,0,0,0,0,0,0,0,0,0,0,0,0,0,0,0,0,0,0,0,0,0,0,0,0,0,0,0,0,0,0,0,0,0,0,0,0,0,0,0,0,0,0,0,0,0,0,0,0,0,0,0,0,0,0,0,0,0,0,0,0,0,0,0,0,0,0,0,0,0,0,0,0,0,0,0,0,0,0,0,0,0,0,0,0,0,0,0,0,0,0,0,0,0,0,0,0,0,0,0,0,0,0,0,0,0,0,0,0,0,0,0,0,0,0,0,0,0,0,0,0,0,0,0,0
0,0,0,0,0,0,0,0,0,0,0,0,0,0,0,0,0,0,0,0,0,0,0,0,0,0,0,0,0,0,0,0,0,0,0,0,0,0,0,0,0,0,0,0,0,0,0,0,0,0,0,0,0,0,0,0,0,0,0,0,0,0,0,0,0,0,0,0,0,0,0,0,0,0,0,0,0,0,0,0,0,0,0,0,0,0,0,0,0,0,0,0,0,0,0,0,0,0,0,0,0,0,0,0,0,0,0,0,0,0,0,0,0,0,0,0,0,0,0,0,0,0,0,0,0,0,0,0,0,0,0,0,0,0,0,0,0,0,0,0,0,0,0,0,0,0,0,0,0,0,0,0,0,0,0,0,0,0,0,0,0,0,0,0,0,0,0,0,0,0,0,0,0,0,0,0,0,0,0,0,0,0,0,0,0,0,0,0,0,0,0,0,0,0,0,0,0,0
0,0,0,0,0,0,0,0,0,0,0,0,0,0,0,0,0,0,0,0,0,0,0,0,0,0,0,0,0,0,0,0,0,0,0,0,0,0,0,0,0,0,0,0,0,0,0,0,0,0,0,0,0,0,0,0,0,0,0,0,0,0,0,0,0,0,0,0,0,0,0,0,0,0,0,0,0,0,0,0,0,0,0,0,0,0,0,0,0,0,0,0,0,0,0,0,0,0,0,0,0,0,0,0,0,0,0,0,0,0,0,0,0,0,0,0,0,0,0,0,0,0,0,0,0,0,0,0,0,0,0,0,0,0,0,0,0,0,0,0,0,0,0,0,0,0,0,0,0,0,0,0,0,0,0,0,0,0,0,0,0,0,0,0,0,0,0,0,0,0,0,0,0,0,0,0,0,0,0,0,0,0,0,0,0,0,0,0,0,0,0,0,0,0,0,0,0,0
0,0,0,0,0,0,0,0,0,0,0,0,0,0,0,0,0,0,0,0,0,0,0,0,0,0,0,0,0,0,0,0,0,0,0,0,0,0,0,0,0,0,0,0,0,0,0,0,0,0,0,0,0,0,0,0,0,0,0,0,0,0,0,0,0,0,0,0,0,0,0,0,0,0,0,0,0,0,0,0,0,0,0,0,0,0,0,0,0,0,0,0,0,0,0,0,0,0,0,0,0,0,0,0,0,0,0,0,0,0,0,0,0,0,0,0,0,0,0,0,0,0,0,0,0,0,0,0,0,0,0,0,0,0,0,0,0,0,0,0,0,0,0,0,0,0,0,0,0,0,0,0,0,0,0,0,0,0,0,0,0,0,0,0,0,0,0,0,0,0,0,0,0,0,0,0,0,0,0,0,0,0,0,0,0,0,0,0,0,0,0,0,0,0,0,0,0,0
0,0,0,0,0,0,0,0,0,0,0,0,0,0,0,0,0,0,0,0,0,0,0,0,0,0,0,0,0,0,0,0,0,0,0,0,0,0,0,0,0,0,0,0,0,0,0,0,0,0,0,0,0,0,0,0,0,0,0,0,0,0,0,0,0,0,0,0,0,0,0,0,0,0,0,0,0,0,0,0,0,0,0,0,0,0,0,0,0,0,0,0,0,0,0,0,0,0,0,0,0,0,0,0,0,0,0,0,0,0,0,0,0,0,0,0,0,0,0,0,0,0,0,0,0,0,0,0,0,0,0,0,0,0,0,0,0,0,0,0,0,0,0,0,0,0,0,0,0,0,0,0,0,0,0,0,0,0,0,0,0,0,0,0,0,0,0,0,0,0,0,0,0,0,0,0,0,0,0,0,0,0,0,0,0,0,0,0,0,0,0,0,0,0,0,0,0,0
0,0,0,0,0,0,0,0,0,0,0,0,0,0,0,0,0,0,0,0,0,0,0,0,0,0,0,0,0,0,0,0,0,0,0,0,0,0,0,0,0,0,0,0,0,0,0,0,0,0,0,0,0,0,0,0,0,0,0,0,0,0,0,0,0,0,0,0,0,0,0,0,0,0,0,0,0,0,0,0,0,0,0,0,0,0,0,0,0,0,0,0,0,0,0,0,0,0,0,0,0,0,0,0,0,0,0,0,0,0,0,0,0,0,0,0,0,0,0,0,0,0,0,0,0,0,0,0,0,0,0,0,0,0,0,0,0,0,0,0,0,0,0,0,0,0,0,0,0,0,0,0,0,0,0,0,0,0,0,0,0,0,0,0,0,0,0,0,0,0,0,0,0,0,0,0,0,0,0,0,0,0,0,0,0,0,0,0,0,0,0,0,0,0,0,0,0,0
0,0,0,0,0,0,0,0,0,0,0,0,0,0,0,0,0,0,0,0,0,0,0,0,0,0,0,0,0,0,0,0,0,0,0,0,0,0,0,0,0,0,0,0,0,0,0,0,0,0,0,0,0,0,0,0,0,0,0,0,0,0,0,0,0,0,0,0,0,0,0,0,0,0,0,0,0,0,0,0,0,0,0,0,0,0,0,0,0,0,0,0,0,0,0,0,0,0,0,0,0,0,0,0,0,0,0,0,0,0,0,0,0,0,0,0,0,0,0,0,0,0,0,0,0,0,0,0,0,0,0,0,0,0,0,0,0,0,0,0,0,0,0,0,0,0,0,0,0,0,0,0,0,0,0,0,0,0,0,0,0,0,0,0,0,0,0,0,0,0,0,0,0,0,0,0,0,0,0,0,0,0,0,0,0,0,0,0,0,0,0,0,0,0,0,0,0,0
0,0,0,0,0,0,0,0,0,0,0,0,0,0,0,0,0,0,0,0,0,0,0,0,0,0,0,0,0,0,0,0,0,0,0,0,0,0,0,0,0,0,0,0,0,0,0,0,0,0,0,0,0,0,0,0,0,0,0,0,0,0,0,0,0,0,0,0,0,0,0,0,0,0,0,0,0,0,0,0,0,0,0,0,0,0,0,0,0,0,0,0,0,0,0,0,0,0,0,0,0,0,0,0,0,0,0,0,0,0,0,0,0,0,0,0,0,0,0,0,0,0,0,0,0,0,0,0,0,0,0,0,0,0,0,0,0,0,0,0,0,0,0,0,0,0,0,0,0,0,0,0,0,0,0,0,0,0,0,0,0,0,0,0,0,0,0,0,0,0,0,0,0,0,0,0,0,0,0,0,0,0,0,0,0,0,0,0,0,0,0,0,0,0,0,0,0,0
0,0,0,0,0,0,0,0,0,0,0,0,0,0,0,0,0,0,0,0,0,0,0,0,0,0,0,0,0,0,0,0,0,0,0,0,0,0,0,0,0,0,0,0,0,0,0,0,0,0,0,0,0,0,0,0,0,0,0,0,0,0,0,0,0,0,0,0,0,0,0,0,0,0,0,0,0,0,0,0,0,0,0,0,0,0,0,0,0,0,0,0,0,0,0,0,0,0,0,0,0,0,0,0,0,0,0,0,0,0,0,0,0,0,0,0,0,0,0,0,0,0,0,0,0,0,0,0,0,0,0,0,0,0,0,0,0,0,0,0,0,0,0,0,0,0,0,0,0,0,0,0,0,0,0,0,0,0,0,0,0,0,0,0,0,0,0,0,0,0,0,0,0,0,0,0,0,0,0,0,0,0,0,0,0,0,0,0,0,0,0,0,0,0,0,0,0,0
