0,0,0,0,0,0,0,0,0,0,0,0,0,0,0,0,0,0,0,0,0,0,0,0,0,0,0,0,0,0,0,0,0,0,0,0,0,0,0,0,0,0,0,0,0,0,0,0,0,0,0,0,0,0,0,0,0,0,0,0,0,0,0,0,0,0,0,0,0,0,0,0,0,0,0,0,0,0,0,0,0,0,0,0,0,0,0,0,0,0,0,0,0,0,0,0,0,0,0,0,0,0,0,0,0,0,0,0,0,0,0,0,0,0,0,0,0,0,0,0,0,0,0,0,0,0,0,0,0,0,0,0,0,0,0,0,0,0,0,0,0,0,0,0,0,0,0,0,0,0,0,0,0,0,0,0,0,0,0,0,0,0,0,0,0,0,0,0,0,0,0,0,0,0,0,0,0,0,0,0,0,0,0,0,0,0,0,0,0,0,0,0,0,0,0,0,0,0
0,0,0,0,0,0,0,0,0,0,0,0,0,0,0,0,0,0,0,0,0,0,0,0,0,0,0,0,0,0,0,0,0,0,0,0,0,0,0,0,0,0,0,0,0,0,0,0,0,0,0,0,0,0,0,0,0,0,0,0,0,0,0,0,0,0,0,0,0,0,0,0,0,0,0,0,0,0,0,0,0,0,0,0,0,0,0,0,0,0,0,0,0,0,0,0,0,0,0,0,0,0,0,0,0,0,0,0,0,0,0,0,0,0,0,0,0,0,0,0,0,0,0,0,0,0,0,0,0,0,0,0,0,0,0,0,0,0,0,0,0,0,0,0,0,0,0,0,0,0,0,0,0,0,0,0,0,0,0,0,0,0,0,0,0,0,0,0,0,0,0,0,0,0,0,0,0,0,0,0,0,0,0,0,0,0,0,0,0,0,0,0,0,0,0,0,0,0
0,0,0,0,0,0,0,0,0,0,0,0,0,0,0,0,0,0,0,0,0,0,0,0,0,0,0,0,0,0,0,0,0,0,0,0,0,0,0,0,0,0,0,0,0,0,0,0,0,0,0,0,0,0,0,0,0,0,0,0,0,0,0,0,0,0,0,0,0,0,0,0,0,0,0,0,0,0,0,0,0,0,0,0,0,0,0,0,0,0,0,0,0,0,0,0,0,0,0,0,0,0,0,0,0,0,0,0,0,0,0,0,0,0,0,0,0,0,0,0,0,0,0,0,0,0,0,0,0,0,0,0,0,0,0,0,0,0,0,0,0,0,0,0,0,0,0,0,0,0,0,0,0,0,0,0,0,0,0,0,0,0,0,0,0,0,0,0,0,0,0,0,0,0,0,0,0,0,0,0,0,0,0,0,0,0,0,0,0,0,0,0,0,0,0,0,0,0
0,0,0,0,0,0,0,0,0,0,0,0,0,0,0,0,0,0,0,0,0,0,0,0,0,0,0,0,0,0,0,0,0,0,0,0,0,0,0,0,0,0,0,0,0,0,0,0,0,0,0,0,0,0,0,0,0,0,0,0,0,0,0,0,0,0,0,0,0,0,0,0,0,0,0,0,0,0,0,0,0,0,0,0,0,0,0,0,0,0,0,0,0,0,0,0,0,0,0,0,0,0,0,0,0,0,0,0,0,0,0,0,0,0,0,0,0,0,0,0,0,0,0,0,0,0,0,0,0,0,0,0,0,0,0,0,0,0,0,0,0,0,0,0,0,0,0,0,0,0,0,0,0,0,0,0,0,0,0,0,0,0,0,0,0,0,0,0,0,0,0,0,0,0,0,0,0,0,0,0,0,0,0,0,0,0,0,0,0,0,0,0,0,0,0,0,0,0
0,0,0,0,0,0,0,0,0,0,0,0,0,0,0,0,0,0,0,0,0,0,0,0,0,0,0,0,0,0,0,0,0,0,0,0,0,0,0,0,0,0,0,0,0,0,0,0,0,0,0,0,0,0,0,0,0,0,0,0,0,0,0,0,0,0,0,0,0,0,0,0,0,0,0,0,0,0,0,0,0,0,0,0,0,0,0,0,0,0,0,0,0,0,0,0,0,0,0,0,0,0,0,0,0,0,0,0,0,0,0,0,0,0,0,0,0,0,0,0,0,0,0,0,0,0,0,0,0,0,0,0,0,0,0,0,0,0,0,0,0,0,0,0,0,0,0,0,0,0,0,0,0,0,0,0,0,0,0,0,0,0,0,0,0,0,0,0,0,0,0,0,0,0,0,0,0,0,0,0,0,0,0,0,0,0,0,0,0,0,0,0,0,0,0,0,0,0
0,0,0,0,0,0,0,0,0,0,0,0,0,0,0,0,0,0,0,0,0,0,0,0,0,0,0,0,0,0,0,0,0,0,0,0,0,0,0,0,0,0,0,0,0,0,0,0,0,0,0,0,0,0,0,0,0,0,0,0,0,0,0,0,0,0,0,0,0,0,0,0,0,0,0,0,0,0,0,0,0,0,0,0,0,0,0,0,0,0,0,0,0,0,0,0,0,0,0,0,0,0,0,0,0,0,0,0,0,0,0,0,0,0,0,0,0,0,0,0,0,0,0,0,0,0,0,0,0,0,0,0,0,0,0,0,0,0,0,0,0,0,0,0,0,0,0,0,0,0,0,0,0,0,0,0,0,0,0,0,0,0,0,0,0,0,0,0,0,0,0,0,0,0,0,0,0,0,0,0,0,0,0,0,0,0,0,0,0,0,0,0,0,0,0,0,0,0
0,0,0,0,0,0,0,0,0,0,0,0,0,0,0,0,0,0,0,0,0,0,0,0,0,0,0,0,0,0,0,0,0,0,0,0,0,0,0,0,0,0,0,0,0,0,0,0,0,0,0,0,0,0,0,0,0,0,0,0,0,0,0,0,0,0,0,0,0,0,0,0,0,0,0,0,0,0,0,0,0,0,0,0,0,0,0,0,0,0,0,0,0,0,0,0,0,0,0,0,0,0,0,0,0,0,0,0,0,0,0,0,0,0,0,0,0,0,0,0,0,0,0,0,0,0,0,0,0,0,0,0,0,0,0,0,0,0,0,0,0,0,0,0,0,0,0,0,0,0,0,0,0,0,0,0,0,0,0,0,0,0,0,0,0,0,0,0,0,0,0,0,0,0,0,0,0,0,0,0,0,0,0,0,0,0,0,0,0,0,0,0,0,0,0,0,0,0
0,0,0,0,0,0,0,0,0,0,0,0,0,0,0,0,0,0,0,0,0,0,0,0,0,0,0,0,0,0,0,0,0,0,0,0,0,0,0,0,0,0,0,0,0,0,0,0,0,0,0,0,0,0,0,0,0,0,0,0,0,0,0,0,0,0,0,0,0,0,0,0,0,0,0,0,0,0,0,0,0,0,0,0,0,0,0,0,0,0,0,0,0,0,0,0,0,0,0,0,0,0,0,0,0,0,0,0,0,0,0,0,0,0,0,0,0,0,0,0,0,0,0,0,0,0,0,0,0,0,0,0,0,0,0,0,0,0,0,0,0,0,0,0,0,0,0,0,0,0,0,0,0,0,0,0,0,0,0,0,0,0,0,0,0,0,0,0,0,0,0,0,0,0,0,0,0,0,0,0,0,0,0,0,0,0,0,0,0,0,0,0,0,0,0,0,0,0
0,0,0,0,0,0,0,0,0,0,0,0,0,0,0,0,0,0,0,0,0,0,0,0,0,0,0,0,0,0,0,0,0,0,0,0,0,0,0,0,0,0,0,0,0,0,0,0,0,0,0,0,0,0,0,0,0,0,0,0,0,0,0,0,0,0,0,0,0,0,0,0,0,0,0,0,0,0,0,0,0,0,0,0,0,0,0,0,0,0,0,0,0,0,0,0,0,0,0,0,0,0,0,0,0,0,0,0,0,0,0,0,0,0,0,0,0,0,0,0,0,0,0,0,0,0,0,0,0,0,0,0,0,0,0,0,0,0,0,0,0,0,0,0,0,0,0,0,0,0,0,0,0,0,0,0,0,0,0,0,0,0,0,0,0,0,0,0,0,0,0,0,0,0,0,0,0,0,0,0,0,0,0,0,0,0,0,0,0,0,0,0,0,0,0,0,0,0
0,0,0,0,0,0,0,0,0,0,0,0,0,0,0,0,0,0,0,0,0,0,0,0,0,0,0,0,0,0,0,0,0,0,0,0,0,0,0,0,0,0,0,0,0,0,0,0,0,0,0,0,0,0,0,0,0,0,0,0,0,0,0,0,0,0,0,0,0,0,0,0,0,0,0,0,0,0,0,0,0,0,0,0,0,0,0,0,0,0,0,0,0,0,0,0,0,0,0,0,0,0,0,0,0,0,0,0,0,0,0,0,0,0,0,0,0,0,0,0,0,0,0,0,0,0,0,0,0,0,0,0,0,0,0,0,0,0,0,0,0,0,0,0,0,0,0,0,0,0,0,0,0,0,0,0,0,0,0,0,0,0,0,0,0,0,0,0,0,0,0,0,0,0,0,0,0,0,0,0,0,0,0,0,0,0,0,0,0,0,0,0,0,0,0,0,0,0
0,0,0,0,0,0,0,0,0,0,0,0,0,0,0,0,0,0,0,0,0,0,0,0,0,0,0,0,0,0,0,0,0,0,0,0,0,0,0,0,0,0,0,0,0,0,0,0,0,0,0,0,0,0,0,0,0,0,0,0,0,0,0,0,0,0,0,0,0,0,0,0,0,0,0,0,0,0,0,0,0,0,0,0,0,0,0,0,0,0,0,0,0,0,0,0,0,0,0,0,0,0,0,0,0,0,0,0,0,0,0,0,0,0,0,0,0,0,0,0,0,0,0,0,0,0,0,0,0,0,0,0,0,0,0,0,0,0,0,0,0,0,0,0,0,0,0,0,0,0,0,0,0,0,0,0,0,0,0,0,0,0,0,0,0,0,0,0,0,0,0,0,0,0,0,0,0,0,0,0,0,0,0,0,0,0,0,0,0,0,0,0,0,0,0,0,0,0
0,0,0,0,0,0,0,0,0,0,0,0,0,0,0,0,0,0,0,0,0,0,0,0,0,0,0,0,0,0,0,0,0,0,0,0,0,0,0,0,0,0,0,0,0,0,0,0,0,0,0,0,0,0,0,0,0,0,0,0,0,0,0,0,0,0,0,0,0,0,0,0,0,0,0,0,0,0,0,0,0,0,0,0,0,0,0,0,0,0,0,0,0,0,0,0,0,0,0,0,0,0,0,0,0,0,0,0,0,0,0,0,0,0,0,0,0,0,0,0,0,0,0,0,0,0,0,0,0,0,0,0,0,0,0,0,0,0,0,0,0,0,0,0,0,0,0,0,0,0,0,0,0,0,0,0,0,0,0,0,0,0,0,0,0,0,0,0,0,0,0,0,0,0,0,0,0,0,0,0,0,0,0,0,0,0,0,0,0,0,0,0,0,0,0,0,0,0
0,0,0,0,0,0,0,0,0,0,0,0,0,0,0,0,0,0,0,0,0,0,0,0,0,0,0,0,0,0,0,0,0,0,0,0,0,0,0,0,0,0,0,0,0,0,0,0,0,0,0,0,0,0,0,0,0,0,0,0,0,0,0,0,0,0,0,0,0,0,0,0,0,0,0,0,0,0,0,0,0,0,0,0,0,0,0,0,0,0,0,0,0,0,0,0,0,0,0,0,0,0,0,0,0,0,0,0,0,0,0,0,0,0,0,0,0,0,0,0,0,0,0,0,0,0,0,0,0,0,0,0,0,0,0,0,0,0,0,0,0,0,0,0,0,0,0,0,0,0,0,0,0,0,0,0,0,0,0,0,0,0,0,0,0,0,0,0,0,0,0,0,0,0,0,0,0,0,0,0,0,0,0,0,0,0,0,0,0,0,0,0,0,0,0,0,0,0
0,0,0,0,0,0,0,0,0,0,0,0,0,0,0,0,0,0,0,0,0,0,0,0,0,0,0,0,0,0,0,0,0,0,0,0,0,0,0,0,0,0,0,0,0,0,0,0,0,0,0,0,0,0,0,0,0,0,0,0,0,0,0,0,0,0,0,0,0,0,0,0,0,0,0,0,0,0,0,0,0,0,0,0,0,0,0,0,0,0,0,0,0,0,0,0,0,0,0,0,0,0,0,0,0,0,0,0,0,0,0,0,0,0,0,0,0,0,0,0,0,0,0,0,0,0,0,0,0,0,0,0,0,0,0,0,0,0,0,0,0,0,0,0,0,0,0,0,0,0,0,0,0,0,0,0,0,0,0,0,0,0,0,0,0,0,0,0,0,0,0,0,0,0,0,0,0,0,0,0,0,0,0,0,0,0,0,0,0,0,0,0,0,0,0,0,0,0
0,0,0,0,0,0,0,0,0,0,0,0,0,0,0,0,0,0,0,0,0,0,0,0,0,0,0,0,0,0,0,0,0,0,0,0,0,0,0,0,0,0,0,0,0,0,0,0,0,0,0,0,0,0,0,0,0,0,0,0,0,0,0,0,0,0,0,0,0,0,0,0,0,0,0,0,0,0,0,0,0,0,0,0,0,0,0,0,0,0,0,0,0,0,0,0,0,0,0,0,0,0,0,0,0,0,0,0,0,0,0,0,0,0,0,0,0,0,0,0,0,0,0,0,0,0,0,0,0,0,0,0,0,0,0,0,0,0,0,0,0,0,0,0,0,0,0,0,0,0,0,0,0,0,0,0,0,0,0,0,0,0,0,0,0,0,0,0,0,0,0,0,0,0,0,0,0,0,0,0,0,0,0,0,0,0,0,0,0,0,0,0,0,0,0,0,0,0
0,0,0,0,0,0,0,0,0,0,0,0,0,0,0,0,0,0,0,0,0,0,0,0,0,0,0,0,0,0,0,0,0,0,0,0,0,0,0,0,0,0,0,0,0,0,0,0,0,0,0,0,0,0,0,0,0,0,0,0,0,0,0,0,0,0,0,0,0,0,0,0,0,0,0,0,0,0,0,0,0,0,0,0,0,0,0,0,0,0,0,0,0,0,0,0,0,0,0,0,0,0,0,0,0,0,0,0,0,0,0,0,0,0,0,0,0,0,0,0,0,0,0,0,0,0,0,0,0,0,0,0,0,0,0,0,0,0,0,0,0,0,0,0,0,0,0,0,0,0,0,0,0,0,0,0,0,0,0,0,0,0,0,0,0,0,0,0,0,0,0,0,0,0,0,0,0,0,0,0,0,0,0,0,0,0,0,0,0,0,0,0,0,0,0,0,0,0
0,0,0,0,0,0,0,0,0,0,0,0,0,0,0,0,0,0,0,0,0,0,0,0,0,0,0,0,0,0,0,0,0,0,0,0,0,0,0,0,0,0,0,0,0,0,0,0,0,0,0,0,0,0,0,0,0,0,0,0,0,0,0,0,0,0,0,0,0,0,0,0,0,0,0,0,0,0,0,0,0,0,0,0,0,0,0,0,0,0,0,0,0,0,0,0,0,0,0,0,0,0,0,0,0,0,0,0,0,0,0,0,0,0,0,0,0,0,0,0,0,0,0,0,0,0,0,0,0,0,0,0,0,0,0,0,0,0,0,0,0,0,0,0,0,0,0,0,0,0,0,0,0,0,0,0,0,0,0,0,0,0,0,0,0,0,0,0,0,0,0,0,0,0,0,0,0,0,0,0,0,0,0,0,0,0,0,0,0,0,0,0,0,0,0,0,0,0
0,0,0,0,0,0,0,0,0,0,0,0,0,0,0,0,0,0,0,0,0,0,0,0,0,0,0,0,0,0,0,0,0,0,0,0,0,0,0,0,0,0,0,0,0,0,0,0,0,0,0,0,0,0,0,0,0,0,0,0,0,0,0,0,0,0,0,0,0,0,0,0,0,0,0,0,0,0,0,0,0,0,0,0,0,0,0,0,0,0,0,0,0,0,0,0,0,0,0,0,0,0,0,0,0,0,0,0,0,0,0,0,0,0,0,0,0,0,0,0,0,0,0,0,0,0,0,0,0,0,0,0,0,0,0,0,0,0,0,0,0,0,0,0,0,0,0,0,0,0,0,0,0,0,0,0,0,0,0,0,0,0,0,0,0,0,0,0,0,0,0,0,0,0,0,0,0,0,0,0,0,0,0,0,0,0,0,0,0,0,0,0,0,0,0,0,0,0
0,0,0,0,0,0,0,0,0,0,0,0,0,0,0,0,0,0,0,0,0,0,0,0,0,0,0,0,0,0,0,0,0,0,0,0,0,0,0,0,0,0,0,0,0,0,0,0,0,0,0,0,0,0,0,0,0,0,0,0,0,0,0,0,0,0,0,0,0,0,0,0,0,0,0,0,0,0,0,0,0,0,0,0,0,0,0,0,0,0,0,0,0,0,0,0,0,0,0,0,0,0,0,0,0,0,0,0,0,0,0,0,0,0,0,0,0,0,0,0,0,0,0,0,0,0,0,0,0,0,0,0,0,0,0,0,0,0,0,0,0,0,0,0,0,0,0,0,0,0,0,0,0,0,0,0,0,0,0,0,0,0,0,0,0,0,0,0,0,0,0,0,0,0,0,0,0,0,0,0,0,0,0,0,0,0,0,0,0,0,0,0,0,0,0,0,0,0
0,0,0,0,0,0,0,0,0,0,0,0,0,0,0,0,0,0,0,0,0,0,0,0,0,0,0,0,0,0,0,0,0,0,0,0,0,0,0,0,0,0,0,0,0,0,0,0,0,0,0,0,0,0,0,0,0,0,0,0,0,0,0,0,0,0,0,0,0,0,0,0,0,0,0,0,0,0,0,0,0,0,0,0,0,0,0,0,0,0,0,0,0,0,0,0,0,0,0,0,0,0,0,0,0,0,0,0,0,0,0,0,0,0,0,0,0,0,0,0,0,0,0,0,0,0,0,0,0,0,0,0,0,0,0,0,0,0,0,0,0,0,0,0,0,0,0,0,0,0,0,0,0,0,0,0,0,0,0,0,0,0,0,0,0,0,0,0,0,0,0,0,0,0,0,0,0,0,0,0,0,0,0,0,0,0,0,0,0,0,0,0,0,0,0,0,0,0
0,0,0,0,0,0,0,0,0,0,0,0,0,0,0,0,0.7618099,0.7618099,0.7618099,0.7618099,0.7618099,0.7618099,0.7618099,0.7618099,0.7618099,0.7618099,0.7618099,0.7618099,0.7618099,0.7618099,0.7618099,0.7618099,0.7618099,0.7618099,0.7618099,0.7618099,0.7618099,0.7618099,0.7618099,0.7618099,0.7618099,0.7618099,0.7618099,0.7618099,0.7618099,0.7618099,0.7618099,0.7618099,0.7618099,0.7618099,0.7618099,0.7618099,0.7618099,0.7618099,0.7618099,0.7618099,0.7618099,0.7618099,0.7618099,0.7618099,0.7618099,0.7618099,0.7618099,0.7618099,0.7618099,0.7618099,0.7618099,0.7618099,0.7618099,0.7618099,0.7618099,0.7618099,0.7618099,0.7618099,0.7618099,0.7618099,0.7618099,0.7618099,0.7618099,0.7618099,0.7618099,0.7618099,0.7618099,0.7618099,0.7618099,0.7618099,0.7618099,0.7618099,0.7618099,0.7618099,0.7618099,0.7618099,0.7618099,0.7618099,0.7618099,0.7618099,0.7618099,0.7618099,0.7618099,0.7618099,0.7618099,0.7618099,0.7618099,0.7618099,0.7618099,0.7618099,0.7618099,0.7618099,0.7618099,0.7618099,0.7618099,0.7618099,0.7618099,0.7618099,0.7618099,0.7618099,0.7618099,0.7618099,0.7618099,0.7618099,0.7618099,0.7618099,0.7618099,0.7618099,0.7618099,0.7618099,0.7618099,0.7618099,0.7618099,0.7618099,0.7618099,0.7618099,0.7618099,0.7618099,0.7618099,0.7618099,0.7618099,0.7618099,0.7618099,0.7618099,0.7618099,0.7618099,0.7618099,0.7618099,0.7618099,0.7618099,0.7618099,0.7618099,0.7618099,0.7618099,0.7618099,0.7618099,0.7618099,0.7618099,0.7618099,0.7618099,0.7618099,0.7618099,0.7618099,0.7618099,0.7618099,0.7618099,0.7618099,0.7618099,0.7618099,0.7618099,0.7618099,0.7618099,0.7618099,0.7618099,0.7618099,0.7618099,0.7618099,0.7618099,0.7618099,0.7618099,0.7618099,0.7618099,0.7618099,0.7618099,0.7618099,0.7618099,0.7618099,0.7618099,0.7618099,0.7618099,0.7618099,0.7618099,0.7618099,0.7618099,0.7618099,0.7618099,0.7618099,0.7618099,0.7618099,0.7618099,0.7618099,0
0,0.7618099,0.7618099,0.7618099,0.7618099,0.7618099,0.7618099,0.7618099,0.7618099,0.7618099,0.7618099,0.7618099,0.7618099,0.7618099,0.7618099,0.7618099,0.7618099,0.7618099,0.7618099,0.7618099,0.7618099,0.7618099,0.7618099,0.7618099,0.7618099,0.7618099,0.7618099,0.7618099,0.7618099,0.7618099,0.7618099,0.7618099,0.7618099,0.7618099,0.7618099,0.7618099,0.7618099,0.7618099,0.7618099,0.7618099,0.7618099,0.7618099,0.7618099,0.7618099,0.7618099,0.7618099,0.7618099,0.7618099,0.7618099,0.7618099,0.7618099,0.7618099,0.7618099,0.7618099,0.7618099,0.7618099,0.7618099,0.7618099,0.7618099,0.7618099,0.7618099,0.7618099,0.7618099,0.7618099,0.7618099,0.7618099,0.7618099,0.7618099,0.7618099,0.7618099,0.7618099,0.7618099,0.7618099,0.7618099,0.7618099,0.7618099,0.7618099,0.7618099,0.7618099,0.7618099,0.7618099,0.7618099,0.7618099,0.7618099,0.7618099,0.7618099,0.7618099,0.7618099,0.7618099,0.7618099,0.7618099,0.7618099,0.7618099,0.7618099,0.7618099,0.7618099,0.7618099,0.7618099,0.7618099,0.7618099,0.7618099,0.7618099,0.7618099,0.7618099,0.7618099,0.7618099,0.7618099,0.7618099,0.7618099,0.7618099,0.7618099,0.7618099,0.7618099,0.7618099,0.7618099,0.7618099,0.7618099,0.7618099,0.7618099,0.7618099,0.7618099,0.7618099,0.7618099,0.7618099,0.7618099,0.7618099,0.7618099,0.7618099,0.7618099,0.7618099,0.7618099,0.7618099,0.7618099,0.7618099,0.7618099,0.7618099,0.7618099,0.7618099,0.7618099,0.7618099,0.7618099,0.7618099,0.7618099,0.7618099,0.7618099,0.7618099,0.7618099,0.7618099,0.7618099,0.7618099,0.7618099,0.7618099,0.7618099,0.7618099,0.7618099,0.7618099,0.7618099,0.7618099,0.7618099,0.7618099,0.7618099,0.7618099,0.7618099,0.7618099,0.7618099,0.7618099,0.7618099,0.7618099,0.7618099,0.7618099,0.7618099,0.7618099,0.7618099,0.7618099,0.7618099,0.7618099,0.7618099,0.7618099,0.7618099,0.7618099,0.7618099,0.7618099,0.7618099,0.7618099,0.7618099,0.7618099,0.7618099,0.7618099,0.7618099,0.7618099,0.7618099,0.7618099,0.7618099,0.7618099,0.7618099,0.7618099,0.7618099,0
0,0.7618099,0.7618099,0.7618099,0.7618099,0.7618099,0.7618099,0.7618099,0.7618099,0.7618099,0.7618099,0.7618099,0.7618099,0.7618099,0.7618099,0.7618099,0.7618099,0.7618099,0.7618099,0.7618099,0.7618099,0.7618099,0.7618099,0.7618099,0.7618099,0.7618099,0.7618099,0.7618099,0.7618099,0.7618099,0.7618099,0.7618099,0.7618099,0.7618099,0.7618099,0.7618099,0.7618099,0.7618099,0.7618099,0.7618099,0.7618099,0.7618099,0.7618099,0.7618099,0.7618099,0.7618099,0.7618099,0.7618099,0.7618099,0.7618099,0.7618099,0.7618099,0.7618099,0.7618099,0.7618099,0.7618099,0.7618099,0.7618099,0.7618099,0.7618099,0.7618099,0.7618099,0.7618099,0.7618099,0.7618099,0.7618099,0.7618099,0.7618099,0.7618099,0.7618099,0.7618099,0.7618099,0.7618099,0.7618099,0.7618099,0.7618099,0.7618099,0.7618099,0.7618099,0.7618099,0.7618099,0.7618099,0.7618099,0.7618099,0.7618099,0.7618099,0.7618099,0.7618099,0.7618099,0.7618099,0.7618099,0.7618099,0.7618099,0.7618099,0.7618099,0.7618099,0.7618099,0.7618099,0.7618099,0.7618099,0.7618099,0.7618099,0.7618099,0.7618099,0.7618099,0.7618099,0.7618099,0.7618099,0.7618099,0.7618099,0.7618099,0.7618099,0.7618099,0.7618099,0.7618099,0.7618099,0.7618099,0.7618099,0.7618099,0.7618099,0.7618099,0.7618099,0.7618099,0.7618099,0.7618099,0.7618099,0.7618099,0.7618099,0.7618099,0.7618099,0.7618099,0.7618099,0.7618099,0.7618099,0.7618099,0.7618099,0.7618099,0.7618099,0.7618099,0.7618099,0.7618099,0.7618099,0.7618099,0.7618099,0.7618099,0.7618099,0.7618099,0.7618099,0.7618099,0.7618099,0.7618099,0.7618099,0.7618099,0.7618099,0.7618099,0.7618099,0.7618099,0.7618099,0.7618099,0.7618099,0.7618099,0.7618099,0.7618099,0.7618099,0.7618099,0.7618099,0.7618099,0.7618099,0.7618099,0.7618099,0.7618099,0.7618099,0.7618099,0.7618099,0.7618099,0.7618099,0.7618099,0.7618099,0.7618099,0.7618099,0.7618099,0.7618099,0.7618099,0.7618099,0.7618099,0.7618099,0.7618099,0.7618099,0.7618099,0.7618099,0.7618099,0.7618099,0.7618099,0.7618099,0.7618099,0.7618099,0.7618099,0
0,0.7618099,0.7618099,0.7618099,0.7618099,0.7618099,0.7618099,0.7618099,0.7618099,0.7618099,0.7618099,0.7618099,0.7618099,0.7618099,0.7618099,0.7618099,0.7618099,0.7618099,0.7618099,0.7618099,0.7618099,0.7618099,0.7618099,0.7618099,0.7618099,0.7618099,0.7618099,0.7618099,0.7618099,0.7618099,0.7618099,0.7618099,0.7618099,0.7618099,0.7618099,0.7618099,0.7618099,0.7618099,0.7618099,0.7618099,0.7618099,0.7618099,0.7618099,0.7618099,0.7618099,0.7618099,0.7618099,0.7618099,0.7618099,0.7618099,0.7618099,0.7618099,0.7618099,0.7618099,0.7618099,0.7618099,0.7618099,0.7618099,0.7618099,0.7618099,0.7618099,0.7618099,0.7618099,0.7618099,0.7618099,0.7618099,0.7618099,0.7618099,0.7618099,0.7618099,0.7618099,0.7618099,0.7618099,0.7618099,0.7618099,0.7618099,0.7618099,0.7618099,0.7618099,0.7618099,0.7618099,0.7618099,0.7618099,0.7618099,0.7618099,0.7618099,0.7618099,0.7618099,0.7618099,0.7618099,0.7618099,0.7618099,0.7618099,0.7618099,0.7618099,0.7618099,0.7618099,0.7618099,0.7618099,0.7618099,0.7618099,0.7618099,0.7618099,0.7618099,0.7618099,0.7618099,0.7618099,0.7618099,0.7618099,0.7618099,0.7618099,0.7618099,0.7618099,0.7618099,0.7618099,0.7618099,0.7618099,0.7618099,0.7618099,0.7618099,0.7618099,0.7618099,0.7618099,0.7618099,0.7618099,0.7618099,0.7618099,0.7618099,0.7618099,0.7618099,0.7618099,0.7618099,0.7618099,0.7618099,0.7618099,0.7618099,0.7618099,0.7618099,0.7618099,0.7618099,0.7618099,0.7618099,0.7618099,0.7618099,0.7618099,0.7618099,0.7618099,0.7618099,0.7618099,0.7618099,0.7618099,0.7618099,0.7618099,0.7618099,0.7618099,0.7618099,0.7618099,0.7618099,0.7618099,0.7618099,0.7618099,0.7618099,0.7618099,0.7618099,0.7618099,0.7618099,0.7618099,0.7618099,0.7618099,0.7618099,0.7618099,0.7618099,0.7618099,0.7618099,0.7618099,0.7618099,0.7618099,0.7618099,0.7618099,0.7618099,0.7618099,0.7618099,0.7618099,0.7618099,0.7618099,0.7618099,0.7618099,0.7618099,0.7618099,0.7618099,0.7618099,0.7618099,0.7618099,0.7618099,0.7618099,0.7618099,0.7618099,0
0,0.7618099,0.7618099,0.7618099,0.7618099,0.7618099,0.7618099,0.7618099,0.7618099,0.7618099,0.7618099,0.7618099,0.7618099,0.7618099,0.7618099,0.7618099,0.7618099,0.7618099,0.7618099,0.7618099,0.7618099,0.7618099,0.7618099,0.7618099,0.7618099,0.7618099,0.7618099,0.7618099,0.7618099,0.7618099,0.7618099,0.7618099,0.7618099,0.7618099,0.7618099,0.7618099,0.7618099,0.7618099,0.7618099,0.7618099,0.7618099,0.7618099,0.7618099,0.7618099,0.7618099,0.7618099,0.7618099,0.7618099,0.7618099,0.7618099,0.7618099,0.7618099,0.7618099,0.7618099,0.7618099,0.7618099,0.7618099,0.7618099,0.7618099,0.7618099,0.7618099,0.7618099,0.7618099,0.7618099,0.7618099,0.7618099,0.7618099,0.7618099,0.7618099,0.7618099,0.7618099,0.7618099,0.7618099,0.7618099,0.7618099,0.7618099,0.7618099,0.7618099,0.7618099,0.7618099,0.7618099,0.7618099,0.7618099,0.7618099,0.7618099,0.7618099,0.7618099,0.7618099,0.7618099,0.7618099,0.7618099,0.7618099,0.7618099,0.7618099,0.7618099,0.7618099,0.7618099,0.7618099,0.7618099,0.7618099,0.7618099,0.7618099,0.7618099,0.7618099,0.7618099,0.7618099,0.7618099,0.7618099,0.7618099,0.7618099,0.7618099,0.7618099,0.7618099,0.7618099,0.7618099,0.7618099,0.7618099,0.7618099,0.7618099,0.7618099,0.7618099,0.7618099,0.7618099,0.7618099,0.7618099,0.7618099,0.7618099,0.7618099,0.7618099,0.7618099,0.7618099,0.7618099,0.7618099,0.7618099,0.7618099,0.7618099,0.7618099,0.7618099,0.7618099,0.7618099,0.7618099,0.7618099,0.7618099,0.7618099,0.7618099,0.7618099,0.7618099,0.7618099,0.7618099,0.7618099,0.7618099,0.7618099,0.7618099,0.7618099,0.7618099,0.7618099,0.7618099,0.7618099,0.7618099,0.7618099,0.7618099,0.7618099,0.7618099,0.7618099,0.7618099,0.7618099,0.7618099,0.7618099,0.7618099,0.7618099,0.7618099,0.7618099,0.7618099,0.7618099,0.7618099,0.7618099,0.7618099,0.7618099,0.7618099,0.7618099,0.7618099,0.7618099,0.7618099,0.7618099,0.7618099,0.7618099,0.7618099,0.7618099,0.7618099,0.7618099,0.7618099,0.7618099,0.7618099,0.7618099,0.7618099,0.7618099,0.7618099,0
0,0.7618099,0.7618099,0.7618099,0.7618099,0.7618099,0.7618099,0.7618099,0.7618099,0.7618099,0.7618099,0.7618099,0.7618099,0.7618099,0.7618099,0.7618099,0.7618099,0.7618099,0.7618099,0.7618099,0.7618099,0.7618099,0.7618099,0.7618099,0.7618099,0.7618099,0.7618099,0.7618099,0.7618099,0.7618099,0.7618099,0.7618099,0.7618099,0.7618099,0.7618099,0.7618099,0.7618099,0.7618099,0.7618099,0.7618099,0.7618099,0.7618099,0.7618099,0.7618099,0.7618099,0.7618099,0.7618099,0.7618099,0.7618099,0.7618099,0.7618099,0.7618099,0.7618099,0.7618099,0.7618099,0.7618099,0.7618099,0.7618099,0.7618099,0.7618099,0.7618099,0.7618099,0.7618099,0.7618099,0.7618099,0.7618099,0.7618099,0.7618099,0.7618099,0.7618099,0.7618099,0.7618099,0.7618099,0.7618099,0.7618099,0.7618099,0.7618099,0.7618099,0.7618099,0.7618099,0.7618099,0.7618099,0.7618099,0.7618099,0.7618099,0.7618099,0.7618099,0.7618099,0.7618099,0.7618099,0.7618099,0.7618099,0.7618099,0.7618099,0.7618099,0.7618099,0.7618099,0.7618099,0.7618099,0.7618099,0.7618099,0.7618099,0.7618099,0.7618099,0.7618099,0.7618099,0.7618099,0.7618099,0.7618099,0.7618099,0.7618099,0.7618099,0.7618099,0.7618099,0.7618099,0.7618099,0.7618099,0.7618099,0.7618099,0.7618099,0.7618099,0.7618099,0.7618099,0.7618099,0.7618099,0.7618099,0.7618099,0.7618099,0.7618099,0.7618099,0.7618099,0.7618099,0.7618099,0.7618099,0.7618099,0.7618099,0.7618099,0.7618099,0.7618099,0.7618099,0.7618099,0.7618099,0.7618099,0.7618099,0.7618099,0.7618099,0.7618099,0.7618099,0.7618099,0.7618099,0.7618099,0.7618099,0.7618099,0.7618099,0.7618099,0.7618099,0.7618099,0.7618099,0.7618099,0.7618099,0.7618099,0.7618099,0.7618099,0.7618099,0.7618099,0.7618099,0.7618099,0.7618099,0.7618099,0.7618099,0.7618099,0.7618099,0.7618099,0.7618099,0.7618099,0.7618099,0.7618099,0.7618099,0.7618099,0.7618099,0.7618099,0.7618099,0.7618099,0.7618099,0.7618099,0.7618099,0.7618099,0.7618099,0.7618099,0.7618099,0.7618099,0.7618099,0.7618099,0.7618099,0.7618099,0.7618099,0.7618099,0
0,0.7618099,0.7618099,0.7618099,0.7618099,0.7618099,0.7618099,0.7618099,0.7618099,0.7618099,0.7618099,0.7618099,0.7618099,0.7618099,0.7618099,0.7618099,0.7618099,0.7618099,0.7618099,0.7618099,0.7618099,0.7618099,0.7618099,0.7618099,0.7618099,0.7618099,0.7618099,0.7618099,0.7618099,0.7618099,0.7618099,0.7618099,0.7618099,0.7618099,0.7618099,0.7618099,0.7618099,0.7618099,0.7618099,0.7618099,0.7618099,0.7618099,0.7618099,0.7618099,0.7618099,0.7618099,0.7618099,0.7618099,0.7618099,0.7618099,0.7618099,0.7618099,0.7618099,0.7618099,0.7618099,0.7618099,0.7618099,0.7618099,0.7618099,0.7618099,0.7618099,0.7618099,0.7618099,0.7618099,0.7618099,0.7618099,0.7618099,0.7618099,0.7618099,0.7618099,0.7618099,0.7618099,0.7618099,0.7618099,0.7618099,0.7618099,0.7618099,0.7618099,0.7618099,0.7618099,0.7618099,0.7618099,0.7618099,0.7618099,0.7618099,0.7618099,0.7618099,0.7618099,0.7618099,0.7618099,0.7618099,0.7618099,0.7618099,0.7618099,0.7618099,0.7618099,0.7618099,0.7618099,0.7618099,0.7618099,0.7618099,0.7618099,0.7618099,0.7618099,0.7618099,0.7618099,0.7618099,0.7618099,0.7618099,0.7618099,0.7618099,0.7618099,0.7618099,0.7618099,0.7618099,0.7618099,0.7618099,0.7618099,0.7618099,0.7618099,0.7618099,0.7618099,0.7618099,0.7618099,0.7618099,0.7618099,0.7618099,0.7618099,0.7618099,0.7618099,0.7618099,0.7618099,0.7618099,0.7618099,0.7618099,0.7618099,0.7618099,0.7618099,0.7618099,0.7618099,0.7618099,0.7618099,0.7618099,0.7618099,0.7618099,0.7618099,0.7618099,0.7618099,0.7618099,0.7618099,0.7618099,0.7618099,0.7618099,0.7618099,0.7618099,0.7618099,0.7618099,0.7618099,0.7618099,0.7618099,0.7618099,0.7618099,0.7618099,0.7618099,0.7618099,0.7618099,0.7618099,0.7618099,0.7618099,0.7618099,0.7618099,0.7618099,0.7618099,0.7618099,0.7618099,0.7618099,0.7618099,0.7618099,0.7618099,0.7618099,0.7618099,0.7618099,0.7618099,0.7618099,0.7618099,0.7618099,0.7618099,0.7618099,0.7618099,0.7618099,0.7618099,0.7618099,0.7618099,0.7618099,0.7618099,0.7618099,0.7618099,0
0,0.7618099,0.7618099,0.7618099,0.7618099,0.7618099,0.7618099,0.7618099,0.7618099,0.7618099,0.7618099,0.7618099,0.7618099,0.7618099,0.7618099,0.7618099,0.7618099,0.7618099,0.7618099,0.7618099,0.7618099,0.7618099,0.7618099,0.7618099,0.7618099,0.7618099,0.7618099,0.7618099,0.7618099,0.7618099,0.7618099,0.7618099,0.7618099,0.7618099,0.7618099,0.7618099,0.7618099,0.7618099,0.7618099,0.7618099,0.7618099,0.7618099,0.7618099,0.7618099,0.7618099,0.7618099,0.7618099,0.7618099,0.7618099,0.7618099,0.7618099,0.7618099,0.7618099,0.7618099,0.7618099,0.7618099,0.7618099,0.7618099,0.7618099,0.7618099,0.7618099,0.7618099,0.7618099,0.7618099,0.7618099,0.7618099,0.7618099,0.7618099,0.7618099,0.7618099,0.7618099,0.7618099,0.7618099,0.7618099,0.7618099,0.7618099,0.7618099,0.7618099,0.7618099,0.7618099,0.7618099,0.7618099,0.7618099,0.7618099,0.7618099,0.7618099,0.7618099,0.7618099,0.7618099,0.7618099,0.7618099,0.7618099,0.7618099,0.7618099,0.7618099,0.7618099,0.7618099,0.7618099,0.7618099,0.7618099,0.7618099,0.7618099,0.7618099,0.7618099,0.7618099,0.7618099,0.7618099,0.7618099,0.7618099,0.7618099,0.7618099,0.7618099,0.7618099,0.7618099,0.7618099,0.7618099,0.7618099,0.7618099,0.7618099,0.7618099,0.7618099,0.7618099,0.7618099,0.7618099,0.7618099,0.7618099,0.7618099,0.7618099,0.7618099,0.7618099,0.7618099,0.7618099,0.7618099,0.7618099,0.7618099,0.7618099,0.7618099,0.7618099,0.7618099,0.7618099,0.7618099,0.7618099,0.7618099,0.7618099,0.7618099,0.7618099,0.7618099,0.7618099,0.7618099,0.7618099,0.7618099,0.7618099,0.7618099,0.7618099,0.7618099,0.7618099,0.7618099,0.7618099,0.7618099,0.7618099,0.7618099,0.7618099,0.7618099,0.7618099,0.7618099,0.7618099,0.7618099,0.7618099,0.7618099,0.7618099,0.7618099,0.7618099,0.7618099,0.7618099,0.7618099,0.7618099,0.7618099,0.7618099,0.7618099,0.7618099,0.7618099,0.7618099,0.7618099,0.7618099,0.7618099,0.7618099,0.7618099,0.7618099,0.7618099,0.7618099,0.7618099,0.7618099,0.7618099,0.7618099,0.7618099,0.7618099,0.7618099,0
0,0.7618099,0.7618099,0.7618099,0.7618099,0.7618099,0.7618099,0.7618099,0.7618099,0.7618099,0.7618099,0.7618099,0.7618099,0.7618099,0.7618099,0.7618099,0.7618099,0.7618099,0.7618099,0.7618099,0.7618099,0.7618099,0.7618099,0.7618099,0.7618099,0.7618099,0.7618099,0.7618099,0.7618099,0.7618099,0.7618099,0.7618099,0.7618099,0.7618099,0.7618099,0.7618099,0.7618099,0.7618099,0.7618099,0.7618099,0.7618099,0.7076768,0.7076768,0.7076768,0.7076768,0.7076768,0.7076768,0.7076768,0.7076768,0.7076768,0.7076768,0.7076768,0.7076768,0.7076768,0.7076768,0.7076768,0.7076768,0.7076768,0.7076768,0.7076768,0.7076768,0.7076768,0.7076768,0.7076768,0.7076768,0.7076768,0.7076768,0.7076768,0.7076768,0.7076768,0.7076768,0.7076768,0.7076768,0.7076768,0.7076768,0.7076768,0.7076768,0.7076768,0.7076768,0.7076768,0.7076768,0.7076768,0.7076768,0.7076768,0.7076768,0.7076768,0.7076768,0.7076768,0.7076768,0.7076768,0.7076768,0.7076768,0.7076768,0.7076768,0.7076768,0.7076768,0.7076768,0.7076768,0.7076768,0.7076768,0.7076768,0.7076768,0.7076768,0.7076768,0.7076768,0.7076768,0.7076768,0.7076768,0.7076768,0.7076768,0.7076768,0.7076768,0.7076768,0.7076768,0.7076768,0.7076768,0.7076768,0.7076768,0.7076768,0.7076768,0.7076768,0.7076768,0.7076768,0.7076768,0.7076768,0.7076768,0.7076768,0.7076768,0.7076768,0.7076768,0.7076768,0.7076768,0.7076768,0.7076768,0.7076768,0.7076768,0.7076768,0.7076768,0.7076768,0.7076768,0.7076768,0.7076768,0.7076768,0.7076768,0.7076768,0.7076768,0.7076768,0.7076768,0.7076768,0.7076768,0.7076768,0.7076768,0.7076768,0.7076768,0.7076768,0.7076768,0.7076768,0.7076768,0.7076768,0.7076768,0.7076768,0.7076768,0.7076768,0.7076768,0.7076768,0.7076768,0.7076768,0.7076768,0.7076768,0.7076768,0.7076768,0.7076768,0.7076768,0.7076768,0.7076768,0.7076768,0.7076768,0.7076768,0.7076768,0.7076768,0.7076768,0.7076768,0.7076768,0.7076768,0.7076768,0.7076768,0.7076768,0.7076768,0.7076768,0.7076768,0.7076768,0.7076768,0.7076768,0.7076768,0.7076768,0.7076768,0.7076768,0
0,0.7076768,0.7076768,0.7076768,0.7076768,0.7076768,0.7076768,0.7076768,0.7076768,0.7076768,0.7076768,0.7076768,0.7076768,0.7076768,0.7076768,0.7076768,0.7076768,0.7076768,0.7076768,0.7076768,0.7076768,0.7076768,0.7076768,0.7076768,0.7076768,0.7076768,0.7076768,0.7076768,0.7076768,0.7076768,0.7076768,0.7076768,0.7076768,0.7076768,0.7076768,0.7076768,0.7076768,0.7076768,0.7076768,0.7076768,0.7076768,0.7076768,0.7076768,0.7076768,0.7076768,0.7076768,0.7076768,0.7076768,0.7076768,0.7076768,0.7076768,0.7076768,0.7076768,0.7076768,0.7076768,0.7076768,0.7076768,0.7076768,0.7076768,0.7076768,0.7076768,0.7076768,0.7076768,0.7076768,0.7076768,0.7076768,0.7076768,0.7076768,0.7076768,0.7076768,0.7076768,0.7076768,0.7076768,0.7076768,0.7076768,0.7076768,0.7076768,0.7076768,0.7076768,0.7076768,0.7076768,0.7076768,0.7076768,0.7076768,0.7076768,0.7076768,0.7076768,0.7076768,0.7076768,0.7076768,0.7076768,0.7076768,0.7076768,0.7076768,0.7076768,0.7076768,0.7076768,0.7076768,0.7076768,0.7076768,0.7076768,0.7076768,0.7076768,0.7076768,0.7076768,0.7076768,0.7076768,0.7076768,0.7076768,0.7076768,0.7076768,0.7076768,0.7076768,0.7076768,0.7076768,0.7076768,0.7076768,0.7076768,0.7076768,0.7076768,0.7076768,0.7076768,0.7076768,0.7076768,0.7076768,0.7076768,0.7076768,0.7076768,0.7076768,0.7076768,0.7076768,0.7076768,0.7076768,0.7076768,0.7076768,0.7076768,0.7076768,0.7076768,0.7076768,0.7076768,0.7076768,0.7076768,0.7076768,0.7076768,0.7076768,0.7076768,0.7076768,0.7076768,0.7076768,0.7076768,0.7076768,0.7076768,0.7076768,0.7076768,0.7076768,0.7076768,0.7076768,0.7076768,0.7076768,0.7076768,0.7076768,0.7076768,0.7076768,0.7076768,0.7076768,0.7076768,0.7076768,0.7076768,0.7076768,0.7076768,0.7076768,0.7076768,0.7076768,0.7076768,0.7076768,0.7076768,0.7076768,0.7076768,0.7076768,0.7076768,0.7076768,0.7076768,0.7076768,0.7076768,0.7076768,0.7076768,0.7076768,0.7076768,0.7076768,0.7076768,0.7076768,0.7076768,0.7076768,0.7076768,0.7076768,0.7076768,0.7076768,0
0,0.7076768,0.7076768,0.7076768,0.7076768,0.7076768,0.7076768,0.7076768,0.7076768,0.7076768,0.7076768,0.7076768,0.7076768,0.7076768,0.7076768,0.7076768,0.7076768,0.7076768,0.7076768,0.7076768,0.7076768,0.7076768,0.7076768,0.7076768,0.7076768,0.7076768,0.7076768,0.7076768,0.7076768,0.7076768,0.7076768,0.7076768,0.7076768,0.7076768,0.7076768,0.7076768,0.7076768,0.7076768,0.7076768,0.7076768,0.7076768,0.7076768,0.7076768,0.7076768,0.7076768,0.7076768,0.7076768,0.7076768,0.7076768,0.7076768,0.7076768,0.7076768,0.7076768,0.7076768,0.7076768,0.7076768,0.7076768,0.7076768,0.7076768,0.7076768,0.7076768,0.7076768,0.7076768,0.7076768,0.7076768,0.7076768,0.7076768,0.7076768,0.7076768,0.7076768,0.7076768,0.7076768,0.7076768,0.7076768,0.7076768,0.7076768,0.7076768,0.7076768,0.7076768,0.7076768,0.7076768,0.7076768,0.7076768,0.7076768,0.7076768,0.7076768,0.7076768,0.7076768,0.7076768,0.7076768,0.7076768,0.7076768,0.7076768,0.7076768,0.7076768,0.7076768,0.7076768,0.7076768,0.7076768,0.7076768,0.7076768,0.7076768,0.7076768,0.7076768,0.7076768,0.7076768,0.7076768,0.7076768,0.7076768,0.7076768,0.7076768,0.7076768,0.7076768,0.7076768,0.7076768,0.7076768,0.7076768,0.7076768,0.7076768,0.7076768,0.7076768,0.7076768,0.7076768,0.7076768,0.7076768,0.7076768,0.7076768,0.7076768,0.7076768,0.7076768,0.7076768,0.7076768,0.7076768,0.7076768,0.7076768,0.7076768,0.7076768,0.7076768,0.7076768,0.7076768,0.7076768,0.7076768,0.7076768,0.7076768,0.7076768,0.7076768,0.7076768,0.7076768,0.7076768,0.7076768,0.7076768,0.7076768,0.7076768,0.7076768,0.7076768,0.7076768,0.7076768,0.7076768,0.7076768,0.7076768,0.7076768,0.7076768,0.7076768,0.7076768,0.7076768,0.7076768,0.7076768,0.7076768,0.7076768,0.7076768,0.7076768,0.7076768,0.7076768,0.7076768,0.7076768,0.7076768,0.7076768,0.7076768,0.7076768,0.7076768,0.7076768,0.7076768,0.7076768,0.7076768,0.7076768,0.7076768,0.7076768,0.7076768,0.7076768,0.7076768,0.7076768,0.7076768,0.7076768,0.7076768,0.7076768,0.7076768,0.7076768,0
0,0.7076768,0.7076768,0.7076768,0.7076768,0.7076768,0.7076768,0.7076768,0.7076768,0.7076768,0.7076768,0.7076768,0.7076768,0.7076768,0.7076768,0.7076768,0.7076768,0.7076768,0.7076768,0.7076768,0.7076768,0.7076768,0.7076768,0.7076768,0.7076768,0.7076768,0.7076768,0.7076768,0.7076768,0.7076768,0.7076768,0.7076768,0.7076768,0.7076768,0.7076768,0.7076768,0.7076768,0.7076768,0.7076768,0.7076768,0.7076768,0.7076768,0.7076768,0.7076768,0.7076768,0.7076768,0.7076768,0.7076768,0.7076768,0.7076768,0.7076768,0.7076768,0.7076768,0.7076768,0.7076768,0.7076768,0.7076768,0.7076768,0.7076768,0.7076768,0.7076768,0.7076768,0.7076768,0.7076768,0.7076768,0.7076768,0.7076768,0.7076768,0.7076768,0.7076768,0.7076768,0.7076768,0.7076768,0.7076768,0.7076768,0.7076768,0.7076768,0.7076768,0.7076768,0.7076768,0.7076768,0.7076768,0.7076768,0.7076768,0.7076768,0.7076768,0.7076768,0.7076768,0.7076768,0.7076768,0.7076768,0.7076768,0.7076768,0.7076768,0.7076768,0.7076768,0.7076768,0.7076768,0.7076768,0.7076768,0.7076768,0.7076768,0.7076768,0.7076768,0.7076768,0.7076768,0.7076768,0.7076768,0.7076768,0.7076768,0.7076768,0.7076768,0.7076768,0.7076768,0.7076768,0.7076768,0.7076768,0.7076768,0.7076768,0.7076768,0.7076768,0.7076768,0.7076768,0.7076768,0.7076768,0.7076768,0.7076768,0.7076768,0.7076768,0.7076768,0.7076768,0.7076768,0.7076768,0.7076768,0.7076768,0.7076768,0.7076768,0.7076768,0.7076768,0.7076768,0.7076768,0.7076768,0.7076768,0.7076768,0.7076768,0.7076768,0.7076768,0.7076768,0.7076768,0.7076768,0.7076768,0.7076768,0.7076768,0.7076768,0.7076768,0.7076768,0.7076768,0.7076768,0.7076768,0.7076768,0.7076768,0.7076768,0.7076768,0.7076768,0.7076768,0.7076768,0.7076768,0.7076768,0.7076768,0.7076768,0.7076768,0.7076768,0.7076768,0.7076768,0.7076768,0.7076768,0.7076768,0.7076768,0.7076768,0.7076768,0.7076768,0.7076768,0.7076768,0.7076768,0.7076768,0.7076768,0.7076768,0.7076768,0.7076768,0.7076768,0.7076768,0.7076768,0.7076768,0.7076768,0.7076768,0.7076768,0.7076768,0
0,0.7076768,0.7076768,0.7076768,0.7076768,0.7076768,0.7076768,0.7076768,0.7076768,0.7076768,0.7076768,0.7076768,0.7076768,0.7076768,0.7076768,0.7076768,0.7076768,0.7076768,0.7076768,0.7076768,0.7076768,0.7076768,0.7076768,0.7076768,0.7076768,0.7076768,0.7076768,0.7076768,0.7076768,0.7076768,0.7076768,0.7076768,0.7076768,0.7076768,0.7076768,0.7076768,0.7076768,0.7076768,0.7076768,0.7076768,0.7076768,0.7076768,0.7076768,0.7076768,0.7076768,0.7076768,0.7076768,0.7076768,0.7076768,0.7076768,0.7076768,0.7076768,0.7076768,0.7076768,0.7076768,0.7076768,0.7076768,0.7076768,0.7076768,0.7076768,0.7076768,0.7076768,0.7076768,0.7076768,0.7076768,0.7076768,0.7076768,0.7076768,0.7076768,0.7076768,0.7076768,0.7076768,0.7076768,0.7076768,0.7076768,0.7076768,0.7076768,0.7076768,0.7076768,0.7076768,0.7076768,0.7076768,0.7076768,0.7076768,0.7076768,0.7076768,0.7076768,0.7076768,0.7076768,0.7076768,0.7076768,0.7076768,0.7076768,0.7076768,0.7076768,0.7076768,0.7076768,0.7076768,0.7076768,0.7076768,0.7076768,0.7076768,0.7076768,0.7076768,0.7076768,0.7076768,0.7076768,0.7076768,0.7076768,0.7076768,0.7076768,0.7076768,0.7076768,0.7076768,0.7076768,0.7076768,0.7076768,0.7076768,0.7076768,0.7076768,0.7076768,0.7076768,0.7076768,0.7076768,0.7076768,0.7076768,0.7076768,0.7076768,0.7076768,0.7076768,0.7076768,0.7076768,0.7076768,0.7076768,0.7076768,0.7076768,0.7076768,0.7076768,0.7076768,0.7076768,0.7076768,0.7076768,0.7076768,0.7076768,0.7076768,0.7076768,0.7076768,0.7076768,0.7076768,0.7076768,0.7076768,0.7076768,0.7076768,0.7076768,0.7076768,0.7076768,0.7076768,0.7076768,0.7076768,0.7076768,0.7076768,0.7076768,0.7076768,0.7076768,0.7076768,0.7076768,0.7076768,0.7076768,0.7076768,0.7076768,0.7076768,0.7076768,0.7076768,0.7076768,0.7076768,0.7076768,0.7076768,0.7076768,0.7076768,0.7076768,0.7076768,0.7076768,0.7076768,0.7076768,0.7076768,0.7076768,0.7076768,0.7076768,0.7076768,0.7076768,0.7076768,0.7076768,0.7076768,0.7076768,0.7076768,0.7076768,0.7076768,0
0,0.7076768,0.7076768,0.7076768,0.7076768,0.7076768,0.7076768,0.7076768,0.7076768,0.7076768,0.7076768,0.7076768,0.7076768,0.7076768,0.7076768,0.7076768,0.7076768,0.7076768,0.7076768,0.7076768,0.7076768,0.7076768,0.7076768,0.7076768,0.7076768,0.7076768,0.7076768,0.7076768,0.7076768,0.7076768,0.7076768,0.7076768,0.7076768,0.7076768,0.7076768,0.7076768,0.7076768,0.7076768,0.7076768,0.7076768,0.7076768,0.7076768,0.7076768,0.7076768,0.7076768,0.7076768,0.7076768,0.7076768,0.7076768,0.7076768,0.7076768,0.7076768,0.7076768,0.7076768,0.7076768,0.7076768,0.7076768,0.7076768,0.7076768,0.7076768,0.7076768,0.7076768,0.7076768,0.7076768,0.7076768,0.7076768,0.7076768,0.7076768,0.7076768,0.7076768,0.7076768,0.7076768,0.7076768,0.7076768,0.7076768,0.7076768,0.7076768,0.7076768,0.7076768,0.7076768,0.7076768,0.7076768,0.7076768,0.7076768,0.7076768,0.7076768,0.7076768,0.7076768,0.7076768,0.7076768,0.7076768,0.7076768,0.7076768,0.7076768,0.7076768,0.7076768,0.7076768,0.7076768,0.7076768,0.7076768,0.7076768,0.7076768,0.7076768,0.7076768,0.7076768,0.7076768,0.7076768,0.7076768,0.7076768,0.7076768,0.7076768,0.7076768,0.7076768,0.7076768,0.7076768,0.7076768,0.7076768,0.7076768,0.7076768,0.7076768,0.7076768,0.7076768,0.7076768,0.7076768,0.7076768,0.7076768,0.7076768,0.7076768,0.7076768,0.7076768,0.7076768,0.7076768,0.7076768,0.7076768,0.7076768,0.7076768,0.7076768,0.7076768,0.7076768,0.7076768,0.7076768,0.7076768,0.7076768,0.7076768,0.7076768,0.7076768,0.7076768,0.7076768,0.7076768,0.7076768,0.7076768,0.7076768,0.7076768,0.7076768,0.7076768,0.7076768,0.7076768,0.7076768,0.7076768,0.7076768,0.7076768,0.7076768,0.7076768,0.7076768,0.7076768,0.7076768,0.7076768,0.7076768,0.7076768,0.7076768,0.7076768,0.7076768,0.7076768,0.7076768,0.7076768,0.7076768,0.7076768,0.7076768,0.7076768,0.7076768,0.7076768,0.7076768,0.7076768,0.7076768,0.7076768,0.7076768,0.7076768,0.7076768,0.7076768,0.7076768,0.7076768,0.7076768,0.7076768,0.7076768,0.7076768,0.7076768,0.7076768,0
0,0.7076768,0.7076768,0.7076768,0.7076768,0.7076768,0.7076768,0.7076768,0.7076768,0.7076768,0.7076768,0.7076768,0.7076768,0.7076768,0.7076768,0.7076768,0.7076768,0.7076768,0.7076768,0.7076768,0.7076768,0.7076768,0.7076768,0.7076768,0.7076768,0.7076768,0.7076768,0.7076768,0.7076768,0.7076768,0.7076768,0.7076768,0.7076768,0.7076768,0.7076768,0.7076768,0.7076768,0.7076768,0.7076768,0.7076768,0.7076768,0.7076768,0.7076768,0.7076768,0.7076768,0.7076768,0.7076768,0.7076768,0.7076768,0.7076768,0.7076768,0.7076768,0.7076768,0.7076768,0.7076768,0.7076768,0.7076768,0.7076768,0.7076768,0.7076768,0.7076768,0.7076768,0.7076768,0.7076768,0.7076768,0.7076768,0.7076768,0.7076768,0.7076768,0.7076768,0.7076768,0.7076768,0.7076768,0.7076768,0.7076768,0.7076768,0.7076768,0.7076768,0.7076768,0.7076768,0.7076768,0.7076768,0.7076768,0.7076768,0.7076768,0.7076768,0.7076768,0.7076768,0.7076768,0.7076768,0.7076768,0.7076768,0.7076768,0.7076768,0.7076768,0.7076768,0.7076768,0.7076768,0.7076768,0.7076768,0.7076768,0.7076768,0.7076768,0.7076768,0.7076768,0.7076768,0.7076768,0.7076768,0.7076768,0.7076768,0.7076768,0.7076768,0.7076768,0.7076768,0.7076768,0.7076768,0.7076768,0.7076768,0.7076768,0.7076768,0.7076768,0.7076768,0.7076768,0.7076768,0.7076768,0.7076768,0.7076768,0.7076768,0.7076768,0.7076768,0.7076768,0.7076768,0.7076768,0.7076768,0.7076768,0.7076768,0.7076768,0.7076768,0.7076768,0.7076768,0.7076768,0.7076768,0.7076768,0.7076768,0.7076768,0.7076768,0.7076768,0.7076768,0.7076768,0.7076768,0.7076768,0.7076768,0.7076768,0.7076768,0.7076768,0.7076768,0.7076768,0.7076768,0.7076768,0.7076768,0.7076768,0.7076768,0.7076768,0.7076768,0.7076768,0.7076768,0.7076768,0.7076768,0.7076768,0.7076768,0.7076768,0.7076768,0.7076768,0.7076768,0.7076768,0.7076768,0.7076768,0.7076768,0.7076768,0.7076768,0.7076768,0.7076768,0.7076768,0.7076768,0.7076768,0.7076768,0.7076768,0.7076768,0.7076768,0.7076768,0.7076768,0.7076768,0.7076768,0.7076768,0.7076768,0.7076768,0.7076768,0
0,0.7076768,0.7076768,0.7076768,0.7076768,0.7076768,0.7076768,0.7076768,0.7076768,0.7076768,0.7076768,0.7076768,0.7076768,0.7076768,0.7076768,0.7076768,0.7076768,0.7076768,0.7076768,0.7076768,0.7076768,0.7076768,0.7076768,0.7076768,0.7076768,0.7076768,0.7076768,0.7076768,0.7076768,0.7076768,0.7076768,0.7076768,0.7076768,0.7076768,0.7076768,0.7076768,0.7076768,0.7076768,0.7076768,0.7076768,0.7076768,0.7076768,0.7076768,0.7076768,0.7076768,0.7076768,0.7076768,0.7076768,0.7076768,0.7076768,0.7076768,0.7076768,0.7076768,0.7076768,0.7076768,0.7076768,0.7076768,0.7076768,0.7076768,0.7076768,0.7076768,0.7076768,0.7076768,0.7076768,0.7076768,0.7076768,0.7076768,0.7076768,0.7076768,0.7076768,0.7076768,0.7076768,0.7076768,0.7076768,0.7076768,0.7076768,0.7076768,0.7076768,0.7076768,0.7076768,0.7076768,0.7076768,0.7076768,0.7076768,0.7076768,0.7076768,0.7076768,0.7076768,0.7076768,0.7076768,0.7076768,0.7076768,0.7076768,0.7076768,0.7076768,0.7076768,0.7076768,0.7076768,0.7076768,0.7076768,0.7076768,0.7076768,0.7076768,0.7076768,0.7076768,0.7076768,0.7076768,0.7076768,0.7076768,0.7076768,0.7076768,0.7076768,0.7076768,0.7076768,0.7076768,0.7076768,0.7076768,0.7076768,0.7076768,0.7076768,0.7076768,0.7076768,0.7076768,0.7076768,0.7076768,0.7076768,0.7076768,0.7076768,0.7076768,0.7076768,0.7076768,0.7076768,0.7076768,0.7076768,0.7076768,0.7076768,0.7076768,0.7076768,0.7076768,0.7076768,0.7076768,0.7076768,0.7076768,0.7076768,0.7076768,0.7076768,0.7076768,0.7076768,0.7076768,0.7076768,0.7076768,0.7076768,0.7076768,0.7076768,0.7076768,0.7076768,0.7076768,0.7076768,0.7076768,0.7076768,0.7076768,0.7076768,0.7076768,0.7076768,0.7076768,0.7076768,0.7076768,0.7076768,0.7076768,0.7076768,0.7076768,0.7076768,0.7076768,0.7076768,0.7076768,0.7076768,0.7076768,0.7076768,0.7076768,0.7076768,0.7076768,0.7076768,0.7076768,0.7076768,0.7076768,0.7076768,0.7076768,0.7076768,0.7076768,0.7076768,0.7076768,0.7076768,0.7076768,0.7076768,0.7076768,0.7076768,0.7076768,0
0,0.7076768,0.7076768,0.7076768,0.7076768,0.7076768,0.7076768,0.7076768,0.7076768,0.7076768,0.7076768,0.7076768,0.7076768,0.7076768,0.7076768,0.7076768,0.7076768,0.7076768,0.7076768,0.7076768,0.7076768,0.7076768,0.7076768,0.7076768,0.7076768,0.7076768,0.7076768,0.7076768,0.7076768,0.7076768,0.7076768,0.7076768,0.7076768,0.7076768,0.7076768,0.7076768,0.7076768,0.7076768,0.7076768,0.7076768,0.7076768,0.7076768,0.7076768,0.7076768,0.7076768,0.7076768,0.7076768,0.7076768,0.7076768,0.7076768,0.7076768,0.7076768,0.7076768,0.7076768,0.7076768,0.7076768,0.7076768,0.7076768,0.7076768,0.7076768,0.7076768,0.7076768,0.7076768,0.7076768,0.7076768,0.7076768,0.7076768,0.7076768,0.7076768,0.7076768,0.7076768,0.7076768,0.7076768,0.7076768,0.7076768,0.7076768,0.7076768,0.7076768,0.7076768,0.7076768,0.7076768,0.7076768,0.7076768,0.7076768,0.7076768,0.7076768,0.7076768,0.7076768,0.7076768,0.7076768,0.7076768,0.7076768,0.7076768,0.7076768,0.7076768,0.7076768,0.7076768,0.7076768,0.7076768,0.7076768,0.7076768,0.7076768,0.7076768,0.7076768,0.7076768,0.7076768,0.7076768,0.7076768,0.7076768,0.7076768,0.7076768,0.7076768,0.7076768,0.7076768,0.7076768,0.7076768,0.7076768,0.7076768,0.7076768,0.7076768,0.7076768,0.7076768,0.7076768,0.7076768,0.7076768,0.7076768,0.7076768,0.7076768,0.7076768,0.7076768,0.7076768,0.7076768,0.7076768,0.7076768,0.7076768,0.7076768,0.7076768,0.7076768,0.7076768,0.7076768,0.7076768,0.7076768,0.7076768,0.7076768,0.7076768,0.7076768,0.7076768,0.7076768,0.7076768,0.7076768,0.7076768,0.7076768,0.7076768,0.7076768,0.7076768,0.7076768,0.7076768,0.7076768,0.7076768,0.7076768,0.7076768,0.7076768,0.7076768,0.7076768,0.7076768,0.7076768,0.7076768,0.7076768,0.7076768,0.7076768,0.7076768,0.7076768,0.7076768,0.7076768,0.7076768,0.7076768,0.7076768,0.7076768,0.7076768,0.7076768,0.7076768,0.7076768,0.7076768,0.7076768,0.7076768,0.7076768,0.7076768,0.7076768,0.7076768,0.7076768,0.7076768,0.7076768,0.7076768,0.7076768,0.7076768,0.7076768,0.7076768,0
0,0.7076768,0.7076768,0.7076768,0.7076768,0.7076768,0.7076768,0.7076768,0.7076768,0.7076768,0.7076768,0.7076768,0.7076768,0.7076768,0.7076768,0.7076768,0.7076768,0.7076768,0.7076768,0.7076768,0.7076768,0.7076768,0.7076768,0.7076768,0.7076768,0.7076768,0.7076768,0.7076768,0.7076768,0.7076768,0.7076768,0.7076768,0.7076768,0.7076768,0.7076768,0.7076768,0.7076768,0.7076768,0.7076768,0.7076768,0.7076768,0.7076768,0.7076768,0.7076768,0.7076768,0.7076768,0.7076768,0.7076768,0.7076768,0.7076768,0.7076768,0.7076768,0.7076768,0.7076768,0.7076768,0.7076768,0.7076768,0.7076768,0.7076768,0.7076768,0.7076768,0.7076768,0.7076768,0.7076768,0.7076768,0.7076768,0.7076768,0.7076768,0.7076768,0.7076768,0.7076768,0.7076768,0.7076768,0.7076768,0.7076768,0.7076768,0.7076768,0.7076768,0.7076768,0.7076768,0.7076768,0.7076768,0.7076768,0.7076768,0.7076768,0.7076768,0.7076768,0.7076768,0.7076768,0.7076768,0.7076768,0.7076768,0.7076768,0.7076768,0.7076768,0.7076768,0.7076768,0.7076768,0.7076768,0.7076768,0.7076768,0.7076768,0.7076768,0.7076768,0.7076768,0.7076768,0.7076768,0.7076768,0.7076768,0.7076768,0.7076768,0.7076768,0.7076768,0.7076768,0.7076768,0.7076768,0.7076768,0.7076768,0.7076768,0.7076768,0.7076768,0.7076768,0.7076768,0.7076768,0.7076768,0.7076768,0.7076768,0.7076768,0.7076768,0.7076768,0.7076768,0.7076768,0.7076768,0.7076768,0.7076768,0.7076768,0.7076768,0.7076768,0.7076768,0.7076768,0.7076768,0.7076768,0.7076768,0.7076768,0.7076768,0.7076768,0.7076768,0.7076768,0.7076768,0.7076768,0.7076768,0.7076768,0.7076768,0.7076768,0.7076768,0.7076768,0.7076768,0.7076768,0.7076768,0.7076768,0.7076768,0.7076768,0.7076768,0.7076768,0.7076768,0.7076768,0.7076768,0.7076768,0.7076768,0.7076768,0.7076768,0.7076768,0.7076768,0.7076768,0.7076768,0.7076768,0.7076768,0.7076768,0.7076768,0.7076768,0.7076768,0.7076768,0.7076768,0.7076768,0.7076768,0.7076768,0.7076768,0.7076768,0.7076768,0.7076768,0.7076768,0.7076768,0.7076768,0.7076768,0.7076768,0.7076768,0.7076768,0
0,0.7076768,0.7076768,0.7076768,0.7076768,0.7076768,0.7076768,0.7076768,0.7076768,0.7076768,0.7076768,0.7076768,0.7076768,0.7076768,0.7076768,0.7076768,0.7076768,0.7076768,0.7076768,0.7076768,0.7076768,0.7076768,0.7076768,0.7076768,0.7076768,0.7076768,0.7076768,0.7076768,0.7076768,0.7076768,0.7076768,0.7076768,0.7076768,0.7076768,0.7076768,0.7076768,0.7076768,0.7076768,0.7076768,0.7076768,0.7076768,0.7076768,0.7076768,0.7076768,0.7076768,0.7076768,0.7076768,0.7076768,0.7076768,0.7076768,0.7076768,0.7076768,0.7076768,0.7076768,0.7076768,0.7076768,0.7076768,0.7076768,0.7076768,0.7076768,0.7076768,0.7076768,0.7076768,0.7076768,0.7076768,0.7076768,0.7076768,0.7076768,0.7076768,0.7076768,0.7076768,0.7076768,0.7076768,0.7076768,0.7076768,0.7076768,0.7076768,0.7076768,0.7076768,0.7076768,0.7076768,0.7076768,0.7076768,0.7076768,0.7076768,0.7076768,0.7076768,0.7076768,0.7076768,0.7076768,0.7076768,0.7076768,0.7076768,0.7076768,0.7076768,0.7076768,0.7076768,0.7076768,0.7076768,0.7076768,0.7076768,0.7076768,0.7076768,0.7076768,0.7076768,0.7076768,0.7076768,0.7076768,0.7076768,0.7076768,0.7076768,0.7076768,0.7076768,0.7076768,0.7076768,0.7076768,0.7076768,0.7076768,0.7076768,0.7076768,0.7076768,0.7076768,0.7076768,0.7076768,0.7076768,0.7076768,0.7076768,0.7076768,0.7076768,0.7076768,0.7076768,0.7076768,0.7076768,0.7076768,0.7076768,0.7076768,0.7076768,0.7076768,0.7076768,0.7076768,0.7076768,0.7076768,0.7076768,0.7076768,0.7076768,0.7076768,0.7076768,0.7076768,0.7076768,0.7076768,0.7076768,0.7076768,0.7076768,0.7076768,0.7076768,0.7076768,0.7076768,0.7076768,0.7076768,0.7076768,0.7076768,0.7076768,0.7076768,0.7076768,0.7076768,0.7076768,0.7076768,0.7076768,0.7076768,0.7076768,0.7076768,0.7076768,0.7076768,0.7076768,0.7076768,0.7076768,0.7076768,0.7076768,0.7076768,0.7076768,0.7076768,0.7076768,0.7076768,0.7076768,0.7076768,0.7076768,0.7076768,0.7076768,0.7076768,0.7076768,0.7076768,0.7076768,0.7076768,0.7076768,0.7076768,0.7076768,0.7076768,0
0,0.7076768,0.7076768,0.7076768,0,0,0,0,0,0,0,0,0,0,0,0,0,0,0,0,0,0,0,0,0,0,0,0,0,0,0,0,0,0,0,0,0,0,0,0,0,0,0,0,0,0,0,0,0,0,0,0,0,0,0,0,0,0,0,0,0,0,0,0,0,0,0,0,0,0,0,0,0,0,0,0,0,0,0,0,0,0,0,0,0,0,0,0,0,0,0,0,0,0,0,0,0,0,0,0,0,0,0,0,0,0,0,0,0,0,0,0,0,0,0,0,0,0,0,0,0,0,0,0,0,0,0,0,0,0,0,0,0,0,0,0,0,0,0,0,0,0,0,0,0,0,0,0,0,0,0,0,0,0,0,0,0,0,0,0,0,0,0,0,0,0,0,0,0,0,0,0,0,0,0,0,0,0,0,0,0,0,0,0,0,0,0,0,0,0,0,0,0,0,0,0,0,0
0,0,0,0,0,0,0,0,0,0,0,0,0,0,0,0,0,0,0,0,0,0,0,0,0,0,0,0,0,0,0,0,0,0,0,0,0,0,0,0,0,0,0,0,0,0,0,0,0,0,0,0,0,0,0,0,0,0,0,0,0,0,0,0,0,0,0,0,0,0,0,0,0,0,0,0,0,0,0,0,0,0,0,0,0,0,0,0,0,0,0,0,0,0,0,0,0,0,0,0,0,0,0,0,0,0,0,0,0,0,0,0,0,0,0,0,0,0,0,0,0,0,0,0,0,0,0,0,0,0,0,0,0,0,0,0,0,0,0,0,0,0,0,0,0,0,0,0,0,0,0,0,0,0,0,0,0,0,0,0,0,0,0,0,0,0,0,0,0,0,0,0,0,0,0,0,0,0,0,0,0,0,0,0,0,0,0,0,0,0,0,0,0,0,0,0,0,0
0,0,0,0,0,0,0,0,0,0,0,0,0,0,0,0,0,0,0,0,0,0,0,0,0,0,0,0,0,0,0,0,0,0,0,0,0,0,0,0,0,0,0,0,0,0,0,0,0,0,0,0,0,0,0,0,0,0,0,0,0,0,0,0,0,0,0,0,0,0,0,0,0,0,0,0,0,0,0,0,0,0,0,0,0,0,0,0,0,0,0,0,0,0,0,0,0,0,0,0,0,0,0,0,0,0,0,0,0,0,0,0,0,0,0,0,0,0,0,0,0,0,0,0,0,0,0,0,0,0,0,0,0,0,0,0,0,0,0,0,0,0,0,0,0,0,0,0,0,0,0,0,0,0,0,0,0,0,0,0,0,0,0,0,0,0,0,0,0,0,0,0,0,0,0,0,0,0,0,0,0,0,0,0,0,0,0,0,0,0,0,0,0,0,0,0,0,0
0,0,0,0,0,0,0,0,0,0,0,0,0,0,0,0,0,0,0,0,0,0,0,0,0,0,0,0,0,0,0,0,0,0,0,0,0,0,0,0,0,0,0,0,0,0,0,0,0,0,0,0,0,0,0,0,0,0,0,0,0,0,0,0,0,0,0,0,0,0,0,0,0,0,0,0,0,0,0,0,0,0,0,0,0,0,0,0,0,0,0,0,0,0,0,0,0,0,0,0,0,0,0,0,0,0,0,0,0,0,0,0,0,0,0,0,0,0,0,0,0,0,0,0,0,0,0,0,0,0,0,0,0,0,0,0,0,0,0,0,0,0,0,0,0,0,0,0,0,0,0,0,0,0,0,0,0,0,0,0,0,0,0,0,0,0,0,0,0,0,0,0,0,0,0,0,0,0,0,0,0,0,0,0,0,0,0,0,0,0,0,0,0,0,0,0,0,0
0,0,0,0,0,0,0,0,0,0,0,0,0,0,0,0,0,0,0,0,0,0,0,0,0,0,0,0,0,0,0,0,0,0,0,0,0,0,0,0,0,0,0,0,0,0,0,0,0,0,0,0,0,0,0,0,0,0,0,0,0,0,0,0,0,0,0,0,0,0,0,0,0,0,0,0,0,0,0,0,0,0,0,0,0,0,0,0,0,0,0,0,0,0,0,0,0,0,0,0,0,0,0,0,0,0,0,0,0,0,0,0,0,0,0,0,0,0,0,0,0,0,0,0,0,0,0,0,0,0,0,0,0,0,0,0,0,0,0,0,0,0,0,0,0,0,0,0,0,0,0,0,0,0,0,0,0,0,0,0,0,0,0,0,0,0,0,0,0,0,0,0,0,0,0,0,0,0,0,0,0,0,0,0,0,0,0,0,0,0,0,0,0,0,0,0,0,0
0,0,0,0,0,0,0,0,0,0,0,0,0,0,0,0,0,0,0,0,0,0,0,0,0,0,0,0,0,0,0,0,0,0,0,0,0,0,0,0,0,0,0,0,0,0,0,0,0,0,0,0,0,0,0,0,0,0,0,0,0,0,0,0,0,0,0,0,0,0,0,0,0,0,0,0,0,0,0,0,0,0,0,0,0,0,0,0,0,0,0,0,0,0,0,0,0,0,0,0,0,0,0,0,0,0,0,0,0,0,0,0,0,0,0,0,0,0,0,0,0,0,0,0,0,0,0,0,0,0,0,0,0,0,0,0,0,0,0,0,0,0,0,0,0,0,0,0,0,0,0,0,0,0,0,0,0,0,0,0,0,0,0,0,0,0,0,0,0,0,0,0,0,0,0,0,0,0,0,0,0,0,0,0,0,0,0,0,0,0,0,0,0,0,0,0,0,0
0,0,0,0,0,0,0,0,0,0,0,0,0,0,0,0,0,0,0,0,0,0,0,0,0,0,0,0,0,0,0,0,0,0,0,0,0,0,0,0,0,0,0,0,0,0,0,0,0,0,0,0,0,0,0,0,0,0,0,0,0,0,0,0,0,0,0,0,0,0,0,0,0,0,0,0,0,0,0,0,0,0,0,0,0,0,0,0,0,0,0,0,0,0,0,0,0,0,0,0,0,0,0,0,0,0,0,0,0,0,0,0,0,0,0,0,0,0,0,0,0,0,0,0,0,0,0,0,0,0,0,0,0,0,0,0,0,0,0,0,0,0,0,0,0,0,0,0,0,0,0,0,0,0,0,0,0,0,0,0,0,0,0,0,0,0,0,0,0,0,0,0,0,0,0,0,0,0,0,0,0,0,0,0,0,0,0,0,0,0,0,0,0,0,0,0,0,0
0,0,0,0,0,0,0,0,0,0,0,0,0,0,0,0,0,0,0,0,0,0,0,0,0,0,0,0,0,0,0,0,0,0,0,0,0,0,0,0,0,0,0,0,0,0,0,0,0,0,0,0,0,0,0,0,0,0,0,0,0,0,0,0,0,0,0,0,0,0,0,0,0,0,0,0,0,0,0,0,0,0,0,0,0,0,0,0,0,0,0,0,0,0,0,0,0,0,0,0,0,0,0,0,0,0,0,0,0,0,0,0,0,0,0,0,0,0,0,0,0,0,0,0,0,0,0,0,0,0,0,0,0,0,0,0,0,0,0,0,0,0,0,0,0,0,0,0,0,0,0,0,0,0,0,0,0,0,0,0,0,0,0,0,0,0,0,0,0,0,0,0,0,0,0,0,0,0,0,0,0,0,0,0,0,0,0,0,0,0,0,0,0,0,0,0,0,0
0,0,0,0,0,0,0,0,0,0,0,0,0,0,0,0,0,0,0,0,0,0,0,0,0,0,0,0,0,0,0,0,0,0,0,0,0,0,0,0,0,0,0,0,0,0,0,0,0,0,0,0,0,0,0,0,0,0,0,0,0,0,0,0,0,0,0,0,0,0,0,0,0,0,0,0,0,0,0,0,0,0,0,0,0,0,0,0,0,0,0,0,0,0,0,0,0,0,0,0,0,0,0,0,0,0,0,0,0,0,0,0,0,0,0,0,0,0,0,0,0,0,0,0,0,0,0,0,0,0,0,0,0,0,0,0,0,0,0,0,0,0,0,0,0,0,0,0,0,0,0,0,0,0,0,0,0,0,0,0,0,0,0,0,0,0,0,0,0,0,0,0,0,0,0,0,0,0,0,0,0,0,0,0,0,0,0,0,0,0,0,0,0,0,0,0,0,0
0,0,0,0,0,0,0,0,0,0,0,0,0,0,0,0,0,0,0,0,0,0,0,0,0,0,0,0,0,0,0,0,0,0,0,0,0,0,0,0,0,0,0,0,0,0,0,0,0,0,0,0,0,0,0,0,0,0,0,0,0,0,0,0,0,0,0,0,0,0,0,0,0,0,0,0,0,0,0,0,0,0,0,0,0,0,0,0,0,0,0,0,0,0,0,0,0,0,0,0,0,0,0,0,0,0,0,0,0,0,0,0,0,0,0,0,0,0,0,0.5999064,0.5999064,0.5999064,0.5999064,0.5999064,0.5999064,0.5999064,0.5999064,0.5999064,0.5999064,0.5999064,0.5999064,0.5999064,0.5999064,0.5999064,0.5999064,0.5999064,0.5999064,0.5999064,0.5999064,0.5999064,0.5999064,0.5999064,0.5999064,0.5999064,0.5999064,0.5999064,0.5999064,0.5999064,0.5999064,0.5999064,0.5999064,0.5999064,0.5999064,0.5999064,0.5999064,0.5999064,0.5999064,0.5999064,0.5999064,0.5999064,0.5999064,0.5999064,0.5999064,0.5999064,0.5999064,0.5999064,0.5999064,0.5999064,0.5999064,0.5999064,0.5999064,0.5999064,0.5999064,0.5999064,0.5999064,0.5999064,0.5999064,0.5999064,0.5999064,0.5999064,0.5999064,0.5999064,0.5999064,0.5999064,0.5999064,0.5999064,0.5999064,0.5999064,0.5999064,0.5999064,0.5999064,0.5999064,0.5999064,0.5999064,0.5999064,0.5999064,0.5999064,0
0,0.5999064,0.5999064,0.5999064,0.5999064,0.5999064,0.5999064,0.5999064,0.5999064,0.5999064,0.5999064,0.5999064,0.5999064,0.5999064,0.5999064,0.5999064,0.5999064,0.5999064,0.5999064,0.5999064,0.5999064,0.5999064,0.5999064,0.5999064,0.5999064,0.5999064,0.5999064,0.5999064,0.5999064,0.5999064,0.5999064,0.5999064,0.5999064,0.5999064,0.5999064,0.5999064,0.5999064,0.5999064,0.5999064,0.5999064,0.5999064,0.5999064,0.5999064,0.5999064,0.5999064,0.5999064,0.5999064,0.5999064,0.5999064,0.5999064,0.5999064,0.5999064,0.5999064,0.5999064,0.5999064,0.5999064,0.5999064,0.5999064,0.5999064,0.5999064,0.5999064,0.5999064,0.5999064,0.5999064,0.5999064,0.5999064,0.5999064,0.5999064,0.5999064,0.5999064,0.5999064,0.5999064,0.5999064,0.5999064,0.5999064,0.5999064,0.5999064,0.5999064,0.5999064,0.5999064,0.5999064,0.5999064,0.5999064,0.5999064,0.5999064,0.5999064,0.5999064,0.5999064,0.5999064,0.5999064,0.5999064,0.5999064,0.5999064,0.5999064,0.5999064,0.5999064,0.5999064,0.5999064,0.5999064,0.5999064,0.5999064,0.5999064,0.5999064,0.5999064,0.5999064,0.5999064,0.5999064,0.5999064,0.5999064,0.5999064,0.5999064,0.5999064,0.5999064,0.5999064,0.5999064,0.5999064,0.5999064,0.5999064,0.5999064,0.5999064,0.5999064,0.5999064,0.5999064,0.5999064,0.5999064,0.5999064,0.5999064,0.5999064,0.5999064,0.5999064,0.5999064,0.5999064,0.5999064,0.5999064,0.5999064,0.5999064,0.5999064,0.5999064,0.5999064,0.5999064,0.5999064,0.5999064,0.5999064,0.5999064,0.5999064,0.5999064,0.5999064,0.5999064,0.5999064,0.5999064,0.5999064,0.5999064,0.5999064,0.5999064,0.5999064,0.5999064,0.5999064,0.5999064,0.5999064,0.5999064,0.5999064,0.5999064,0.5999064,0.5999064,0.5999064,0.5999064,0.5999064,0.5999064,0.5999064,0.5999064,0.5999064,0.5999064,0.5999064,0.5999064,0.5999064,0.5999064,0.5999064,0.5999064,0.5999064,0.5999064,0.5999064,0.5999064,0.5999064,0.5999064,0.5999064,0.5999064,0.5999064,0.5999064,0.5999064,0.5999064,0.5999064,0.5999064,0.5999064,0.5999064,0.5999064,0.5999064,0.5999064,0
0,0.5999064,0.5999064,0.5999064,0.5999064,0.5999064,0.5999064,0.5999064,0.5999064,0.5999064,0.5999064,0.5999064,0.5999064,0.5999064,0.5999064,0.5999064,0.5999064,0.5999064,0.5999064,0.5999064,0.5999064,0.5999064,0.5999064,0.5999064,0.5999064,0.5999064,0.5999064,0.5999064,0.5999064,0.5999064,0.5999064,0.5999064,0.5999064,0.5999064,0.5999064,0.5999064,0.5999064,0.5999064,0.5999064,0.5999064,0.5999064,0.5999064,0.5999064,0.5999064,0.5999064,0.5999064,0.5999064,0.5999064,0.5999064,0.5999064,0.5999064,0.5999064,0.5999064,0.5999064,0.5999064,0.5999064,0.5999064,0.5999064,0.5999064,0.5999064,0.5999064,0.5999064,0.5999064,0.5999064,0.5999064,0.5999064,0.5999064,0.5999064,0.5999064,0.5999064,0.5999064,0.5999064,0.5999064,0.5999064,0.5999064,0.5999064,0.5999064,0.5999064,0.5999064,0.5999064,0.5999064,0.5999064,0.5999064,0.5999064,0.5999064,0.5999064,0.5999064,0.5999064,0.5999064,0.5999064,0.5999064,0.5999064,0.5999064,0.5999064,0.5999064,0.5999064,0.5999064,0.5999064,0.5999064,0.5999064,0.5999064,0.5999064,0.5999064,0.5999064,0.5999064,0.5999064,0.5999064,0.5999064,0.5999064,0.5999064,0.5999064,0.5999064,0.5999064,0.5999064,0.5999064,0.5999064,0.5999064,0.5999064,0.5999064,0.5999064,0.5999064,0.5999064,0.5999064,0.5999064,0.5999064,0.5999064,0.5999064,0.5999064,0.5999064,0.5999064,0.5999064,0.5999064,0.5999064,0.5999064,0.5999064,0.5999064,0.5999064,0.5999064,0.5999064,0.5999064,0.5999064,0.5999064,0.5999064,0.5999064,0.5999064,0.5999064,0.5999064,0.5999064,0.5999064,0.5999064,0.5999064,0.5999064,0.5999064,0.5999064,0.5999064,0.5999064,0.5999064,0.5999064,0.5999064,0.5999064,0.5999064,0.5999064,0.5999064,0.5999064,0.5999064,0.5999064,0.5999064,0.5999064,0.5999064,0.5999064,0.5999064,0.5999064,0.5999064,0.5999064,0.5999064,0.5999064,0.5999064,0.5999064,0.5999064,0.5999064,0.5999064,0.5999064,0.5999064,0.5999064,0.5999064,0.5999064,0.5999064,0.5999064,0.5999064,0.5999064,0.5999064,0.5999064,0.5999064,0.5999064,0.5999064,0.5999064,0.5999064,0
0,0.5999064,0.5999064,0.5999064,0.5999064,0.5999064,0.5999064,0.5999064,0.5999064,0.5999064,0.5999064,0.5999064,0.5999064,0.5999064,0.5999064,0.5999064,0.5999064,0.5999064,0.5999064,0.5999064,0.5999064,0.5999064,0.5999064,0.5999064,0.5999064,0.5999064,0.5999064,0.5999064,0.5999064,0.5999064,0.5999064,0.5999064,0.5999064,0.5999064,0.5999064,0.5999064,0.5999064,0.5999064,0.5999064,0.5999064,0.5999064,0.5999064,0.5999064,0.5999064,0.5999064,0.5999064,0.5999064,0.5999064,0.5999064,0.5999064,0.5999064,0.5999064,0.5999064,0.5999064,0.5999064,0.5999064,0.5999064,0.5999064,0.5999064,0.5999064,0.5999064,0.5999064,0.5999064,0.5999064,0.5999064,0.5999064,0.5999064,0.5999064,0.5999064,0.5999064,0.5999064,0.5999064,0.5999064,0.5999064,0.5999064,0.5999064,0.5999064,0.5999064,0.5999064,0.5999064,0.5999064,0.5999064,0.5999064,0.5999064,0.5999064,0.5999064,0.5999064,0.5999064,0.5999064,0.5999064,0.5999064,0.5999064,0.5999064,0.5999064,0.5999064,0.5999064,0.5999064,0.5999064,0.5999064,0.5999064,0.5999064,0.5999064,0.5999064,0.5999064,0.5999064,0.5999064,0.5999064,0.5999064,0.5999064,0.5999064,0.5999064,0.5999064,0.5999064,0.5999064,0.5999064,0.5999064,0.5999064,0.5999064,0.5999064,0.5999064,0.5999064,0.5999064,0.5999064,0.5999064,0.5999064,0.5999064,0.5999064,0.5999064,0.5999064,0.5999064,0.5999064,0.5999064,0.5999064,0.5999064,0.5999064,0.5999064,0.5999064,0.5999064,0.5999064,0.5999064,0.5999064,0.5999064,0.5999064,0.5999064,0.5999064,0.5999064,0.5999064,0.5999064,0.5999064,0.5999064,0.5999064,0.5999064,0.5999064,0.5999064,0.5999064,0.5999064,0.5999064,0.5999064,0.5999064,0.5999064,0.5999064,0.5999064,0.5999064,0.5999064,0.5999064,0.5999064,0.5999064,0.5999064,0.5999064,0.5999064,0.5999064,0.5999064,0.5999064,0.5999064,0.5999064,0.5999064,0.5999064,0.5999064,0.5999064,0.5999064,0.5999064,0.5999064,0.5999064,0.5999064,0.5999064,0.5999064,0.5999064,0.5999064,0.5999064,0.5999064,0.5999064,0.5999064,0.5999064,0.5999064,0.5999064,0.5999064,0.5999064,0
0,0.5999064,0.5999064,0.5999064,0.5999064,0.5999064,0.5999064,0.5999064,0.5999064,0.5999064,0.5999064,0.5999064,0.5999064,0.5999064,0.5999064,0.5999064,0.5999064,0.5999064,0.5999064,0.5999064,0.5999064,0.5999064,0.5999064,0.5999064,0.5999064,0.5999064,0.5999064,0.5999064,0.5999064,0.5999064,0.5999064,0.5999064,0.5999064,0.5999064,0.5999064,0.5999064,0.5999064,0.5999064,0.5999064,0.5999064,0.5999064,0.5999064,0.5999064,0.5999064,0.5999064,0.5999064,0.5999064,0.5999064,0.5999064,0.5999064,0.5999064,0.5999064,0.5999064,0.5999064,0.5999064,0.5999064,0.5999064,0.5999064,0.5999064,0.5999064,0.5999064,0.5999064,0.5999064,0.5999064,0.5999064,0.5999064,0.5999064,0.5999064,0.5999064,0.5999064,0.5999064,0.5999064,0.5999064,0.5999064,0.5999064,0.5999064,0.5999064,0.5999064,0.5999064,0.5999064,0.5999064,0.5999064,0.5999064,0.5999064,0.5999064,0.5999064,0.5999064,0.5999064,0.5999064,0.5999064,0.5999064,0.5999064,0.5999064,0.5999064,0.5999064,0.5999064,0.5999064,0.5999064,0.5999064,0.5999064,0.5999064,0.5999064,0.5999064,0.5999064,0.5999064,0.5999064,0.5999064,0.5999064,0.5999064,0.5999064,0.5999064,0.5999064,0.5999064,0.5999064,0.5999064,0.5999064,0.5999064,0.5999064,0.5999064,0.5999064,0.5999064,0.5999064,0.5999064,0.5999064,0.5999064,0.5999064,0.5999064,0.5999064,0.5999064,0.5999064,0.5999064,0.5999064,0.5999064,0.5999064,0.5999064,0.5999064,0.5999064,0.5999064,0.5999064,0.5999064,0.5999064,0.5999064,0.5999064,0.5999064,0.5999064,0.5999064,0.5999064,0.5999064,0.5999064,0.5999064,0.5999064,0.5999064,0.5999064,0.5999064,0.5999064,0.5999064,0.5999064,0.5999064,0.5999064,0.5999064,0.5999064,0.5999064,0.5999064,0.5999064,0.5999064,0.5999064,0.5999064,0.5999064,0.5999064,0.5999064,0.5999064,0.5999064,0.5999064,0.5999064,0.5999064,0.5999064,0.5999064,0.5999064,0.5999064,0.5999064,0.5999064,0.5999064,0.5999064,0.5999064,0.5999064,0.5999064,0.5999064,0.5999064,0.5999064,0.5999064,0.5999064,0.5999064,0.5999064,0.5999064,0.5999064,0.5999064,0.5999064,0
0,0.5999064,0.5999064,0.5999064,0.5999064,0.5999064,0.5999064,0.5999064,0.5999064,0.5999064,0.5999064,0.5999064,0.5999064,0.5999064,0.5999064,0.5999064,0.5999064,0.5999064,0.5999064,0.5999064,0.5999064,0.5999064,0.5999064,0.5999064,0.5999064,0.5999064,0.5999064,0.5999064,0.5999064,0.5999064,0.5999064,0.5999064,0.5999064,0.5999064,0.5999064,0.5999064,0.5999064,0.5999064,0.5999064,0.5999064,0.5999064,0.5999064,0.5999064,0.5999064,0.5999064,0.5999064,0.5999064,0.5999064,0.5999064,0.5999064,0.5999064,0.5999064,0.5999064,0.5999064,0.5999064,0.5999064,0.5999064,0.5999064,0.5999064,0.5999064,0.5999064,0.5999064,0.5999064,0.5999064,0.5999064,0.5999064,0.5999064,0.5999064,0,0,0,0,0,0,0,0,0,0,0,0,0,0,0,0,0,0,0,0,0,0,0,0,0,0,0,0,0,0,0,0,0,0,0,0,0,0,0,0,0,0,0,0,0,0,0,0,0,0,0,0,0,0,0,0,0,0,0,0,0,0,0,0,0,0,0,0,0,0,0,0,0,0,0,0,0,0,0,0,0,0,0,0,0,0,0,0,0,0,0,0,0,0,0,0,0,0,0,0,0,0,0,0,0,0,0,0,0,0,0,0,0,0,0,0,0,0,0,0,0,0,0,0,0,0,0,0,0,0
0,0,0,0,0,0,0,0,0,0,0,0,0,0,0,0,0,0,0,0,0,0,0,0,0,0,0,0,0,0,0,0,0,0,0,0,0,0,0,0,0,0,0,0,0,0,0,0,0,0,0,0,0,0,0,0,0,0,0,0,0,0,0,0,0,0,0,0,0,0,0,0,0,0,0,0,0,0,0,0,0,0,0,0,0,0,0,0,0,0,0,0,0,0,0,0,0,0,0,0,0,0,0,0,0,0,0,0,0,0,0,0,0,0,0,0,0,0,0,0,0,0,0,0,0,0,0,0,0,0,0,0,0,0,0,0,0,0,0,0,0,0,0,0,0,0,0,0,0,0,0,0,0,0,0,0,0,0,0,0,0,0,0,0,0,0,0,0,0,0,0,0,0,0,0,0,0,0,0,0,0,0,0,0,0,0,0,0,0,0,0,0,0,0,0,0,0,0
0,0,0,0,0,0,0,0,0,0,0,0,0,0,0,0,0,0,0,0,0,0,0,0,0,0,0,0,0,0,0,0,0,0,0,0,0,0,0,0,0,0,0,0,0,0,0,0,0,0,0,0,0,0,0,0,0,0,0,0,0,0,0,0,0,0,0,0,0,0,0,0,0,0,0,0,0,0,0,0,0,0,0,0,0,0,0,0,0,0,0,0,0,0,0,0,0,0,0,0,0,0,0,0,0,0,0,0,0,0,0,0,0,0,0,0,0,0,0,0,0,0,0,0,0,0,0,0,0,0,0,0,0,0,0,0,0,0,0,0,0,0,0,0,0,0,0,0,0,0,0,0,0,0,0,0,0,0,0,0,0,0,0,0,0,0,0,0,0,0,0,0,0,0,0,0,0,0,0,0,0,0,0,0,0,0,0,0,0,0,0,0,0,0,0,0,0,0
0,0,0,0,0,0,0,0,0,0,0,0,0,0,0,0,0,0,0,0,0,0,0,0,0,0,0,0,0,0,0,0,0,0,0,0,0,0,0,0,0,0,0,0,0,0,0,0,0,0,0,0,0,0,0,0,0,0,0,0,0,0,0,0,0,0,0,0,0,0,0,0,0,0,0,0,0,0,0,0,0,0,0,0,0,0,0,0,0,0,0,0,0,0,0,0,0,0,0,0,0,0,0,0,0,0,0,0,0,0,0,0,0,0,0,0,0,0,0,0,0,0,0,0,0,0,0,0,0,0,0,0,0,0,0,0,0,0,0,0,0,0,0,0,0,0,0,0,0,0,0,0,0,0,0,0,0,0,0,0,0,0,0,0,0,0,0,0,0,0,0,0,0,0,0,0,0,0,0,0,0,0,0,0,0,0,0,0,0,0,0,0,0,0,0,0,0,0
0,0,0,0,0,0,0,0,0,0,0,0,0,0,0,0,0,0,0,0,0,0,0,0,0,0,0,0,0,0,0,0,0,0,0,0,0,0,0,0,0,0,0,0,0,0,0,0,0,0,0,0,0,0,0,0,0,0,0,0,0,0,0,0,0,0,0,0,0,0,0,0,0,0,0,0,0,0,0,0,0,0,0,0,0,0,0,0,0,0,0,0,0,0,0,0,0,0,0,0,0,0,0,0,0,0,0,0,0,0,0,0,0,0,0,0,0,0,0,0,0,0,0,0,0,0,0,0,0,0,0,0,0,0,0,0,0,0,0,0,0,0,0,0,0,0,0,0,0,0,0,0,0,0,0,0,0,0,0,0,0,0,0,0,0,0,0,0,0,0,0,0,0,0,0,0,0,0,0,0,0,0,0,0,0,0,0,0,0,0,0,0,0,0,0,0,0,0
0,0,0,0,0,0,0,0,0,0,0,0,0,0,0,0,0,0,0,0,0,0,0,0,0,0,0,0,0,0,0,0,0,0,0,0,0,0,0,0,0,0,0,0,0,0,0,0,0,0,0,0,0,0,0,0,0,0,0,0,0,0,0,0,0,0,0,0,0,0,0,0,0,0,0,0,0,0,0,0,0,0,0,0,0,0,0,0,0,0,0,0,0,0,0,0,0,0,0,0,0,0,0,0,0,0,0,0,0,0,0,0,0,0,0,0,0,0,0,0,0,0,0,0,0,0,0,0,0,0,0,0,0,0,0,0,0,0,0,0,0,0,0,0,0,0,0,0,0,0,0,0,0,0,0,0,0,0,0,0,0,0,0,0,0,0,0,0,0,0,0,0,0,0,0,0,0,0,0,0,0,0,0,0,0,0,0,0,0,0,0,0,0,0,0,0,0,0
0,0,0,0,0,0,0,0,0,0,0,0,0,0,0,0,0,0,0,0,0,0,0,0,0,0,0,0,0,0,0,0,0,0,0,0,0,0,0,0,0,0,0,0,0,0,0,0,0,0,0,0,0,0,0,0,0,0,0,0,0,0,0,0,0,0,0,0,0,0,0,0,0,0,0,0,0,0,0,0,0,0,0,0,0,0,0,0,0,0,0,0,0,0,0,0,0,0,0,0,0,0,0,0,0,0,0,0,0,0,0,0,0,0,0,0,0,0,0,0,0,0,0,0,0,0,0,0,0,0,0,0,0,0,0,0,0,0,0,0,0,0,0,0,0,0,0,0,0,0,0,0,0,0,0,0,0,0,0,0,0,0,0,0,0,0,0,0,0,0,0,0,0,0,0,0,0,0,0,0,0,0,0,0,0,0,0,0,0,0,0,0,0,0,0,0,0,0
0,0,0,0,0,0,0,0,0,0,0,0,0,0,0,0,0,0,0,0,0,0,0,0,0,0,0,0,0,0,0,0,0,0,0,0,0,0,0,0,0,0,0,0,0,0,0,0,0,0,0,0,0,0,0,0,0,0,0,0,0,0,0,0,0,0,0,0,0,0,0,0,0,0,0,0,0,0,0,0,0,0,0,0,0,0,0,0,0,0,0,0,0,0,0,0,0,0,0,0,0,0,0,0,0,0,0,0,0,0,0,0,0,0,0,0,0,0,0,0,0,0,0,0,0,0,0,0,0,0,0,0,0,0,0,0,0,0,0,0,0,0,0,0,0,0,0,0,0,0,0,0,0,0,0,0,0,0,0,0,0,0,0,0,0,0,0,0,0,0,0,0,0,0,0,0,0,0,0,0,0,0,0,0,0,0,0,0,0,0,0,0,0,0,0,0,0,0
0,0,0,0,0,0,0,0,0,0,0,0,0,0,0,0,0,0,0,0,0,0,0,0,0,0,0,0,0,0,0,0,0,0,0,0,0,0,0,0,0,0,0,0,0,0,0,0,0,0,0,0,0,0,0,0,0,0,0,0,0,0,0,0,0,0,0,0,0,0,0,0,0,0,0,0,0,0,0,0,0,0,0,0,0,0,0,0,0,0,0,0,0,0,0,0,0,0,0,0,0,0,0,0,0,0,0,0,0,0,0,0,0,0,0,0,0,0,0,0,0,0,0,0,0,0,0,0,0,0,0,0,0,0,0,0,0,0,0,0,0,0,0,0,0,0,0,0,0,0,0,0,0,0,0,0,0,0,0,0,0,0,0,0,0,0,0,0,0,0,0,0,0,0,0,0,0,0,0,0,0,0,0,0,0,0,0,0,0,0,0,0,0,0,0,0,0,0
0,0,0,0,0,0,0,0,0,0,0,0,0,0,0,0,0,0,0,0,0,0,0,0,0,0,0,0,0,0,0,0,0,0,0,0,0,0,0,0,0,0,0,0,0,0,0,0,0,0,0,0,0,0,0,0,0,0,0,0,0,0,0,0,0,0,0,0,0,0,0,0,0,0,0,0,0,0,0,0,0,0,0,0,0,0,0,0,0,0,0,0,0,0,0,0,0,0,0,0,0,0,0,0,0,0,0,0,0,0,0,0,0,0,0,0,0,0,0,0,0,0,0,0,0,0,0,0,0,0,0,0,0,0,0,0,0,0,0,0,0,0,0,0,0,0,0,0,0,0,0,0,0,0,0,0,0,0,0,0,0,0,0,0,0,0,0,0,0,0,0,0,0,0,0,0,0,0,0,0,0,0,0,0,0,0,0,0,0,0,0,0,0,0,0,0,0,0
0,0,0,0,0,0,0,0,0,0,0,0,0,0,0,0,0,0,0,0,0,0,0,0,0,0,0,0,0,0,0,0,0,0,0,0,0,0,0,0,0,0,0,0,0,0,0,0,0,0,0,0,0,0,0,0,0,0,0,0,0,0,0,0,0,0,0,0,0,0,0,0,0,0,0,0,0,0,0,0,0,0,0,0,0,0,0,0,0,0,0,0,0,0,0,0,0,0,0,0,0,0,0,0,0,0,0,0,0,0,0,0,0,0,0,0,0,0,0,0,0,0,0,0,0,0,0,0,0,0,0,0,0,0,0,0,0,0,0,0,0,0,0,0,0,0,0,0,0,0,0,0,0,0,0,0,0,0,0,0,0,0,0,0,0,0,0,0,0,0,0,0,0,0,0,0,0,0,0,0,0,0,0,0,0,0,0,0,0,0,0,0,0,0,0,0,0,0
0,0,0,0,0,0,0,0,0,0,0,0,0,0,0,0,0,0,0,0,0,0,0,0,0,0,0,0,0,0,0,0,0,0,0,0,0,0,0,0,0,0,0,0,0,0,0,0,0,0,0,0,0,0,0,0,0,0,0,0,0,0,0,0,0,0,0,0,0,0,0,0,0,0,0,0,0,0,0,0,0,0,0,0,0,0,0,0,0,0,0,0,0,0,0,0,0,0,0,0,0,0,0,0,0,0,0,0,0,0,0,0,0,0,0,0,0,0,0,0,0,0,0,0,0,0,0,0,0,0,0,0,0,0,0,0,0,0,0,0,0,0,0,0,0,0,0,0,0,0,0,0,0,0,0,0,0,0,0,0,0,0,0,0,0,0,0,0,0,0,0,0,0,0,0,0,0,0,0,0,0,0,0,0,0,0,0,0,0,0,0,0,0,0,0,0,0,0
0,0,0,0,0,0,0,0,0,0,0,0,0,0,0,0,0,0,0,0,0,0,0,0,0,0,0,0,0,0,0,0,0,0,0,0,0,0,0,0,0,0,0,0,0,0,0,0,0,0,0,0,0,0,0,0,0,0,0,0,0,0,0,0,0,0,0,0,0,0,0,0,0,0,0,0,0,0,0,0,0,0,0,0,0,0,0,0,0,0,0,0,0,0,0,0,0,0,0,0,0,0,0,0,0,0,0,0,0,0,0,0,0,0,0,0,0,0,0,0,0,0,0,0,0,0,0,0,0,0,0,0,0,0,0,0,0,0,0,0,0,0,0,0,0,0,0,0,0,0,0,0,0,0,0,0,0,0,0,0,0,0,0,0,0,0,0,0,0,0,0,0,0,0,0,0,0,0,0,0,0,0,0,0,0,0,0,0,0,0,0,0,0,0,0,0,0,0
0,0,0,0,0,0,0,0,0,0,0,0,0,0,0,0,0,0,0,0,0,0,0,0,0,0,0,0,0,0,0,0,0,0,0,0,0,0,0,0,0,0,0,0,0,0,0,0,0,0,0,0,0,0,0,0,0,0,0,0,0,0,0,0,0,0,0,0,0,0,0,0,0,0,0,0,0,0,0,0,0,0,0,0,0,0,0,0,0,0,0,0,0,0,0,0,0,0,0,0,0,0,0,0,0,0,0,0,0,0,0,0,0,0,0,0,0,0,0,0,0,0,0,0,0,0,0,0,0,0,0,0,0,0,0,0,0,0,0,0,0,0,0,0,0,0,0,0,0,0,0,0,0,0,0,0,0,0,0,0,0,0,0,0,0,0,0,0,0,0,0,0,0,0,0,0,0,0,0,0,0,0,0,0,0,0,0,0,0,0,0,0,0,0,0,0,0,0
0,0,0,0,0,0,0,0,0,0,0,0,0,0,0,0,0,0,0,0,0,0,0,0,0,0,0,0,0,0,0,0,0,0,0,0,0,0,0,0,0,0,0,0,0,0,0,0,0,0,0,0,0,0,0,0,0,0,0,0,0,0,0,0,0,0,0,0,0,0,0,0,0,0,0,0,0,0,0,0,0,0,0,0,0,0,0,0,0,0,0,0,0,0,0,0,0,0,0,0,0,0,0,0,0,0,0,0,0,0,0,0,0,0,0,0,0,0,0,0,0,0,0,0,0,0,0,0,0,0,0,0,0,0,0,0,0,0,0,0,0,0,0,0,0,0,0,0,0,0,0,0,0,0,0,0,0,0,0,0,0,0,0,0,0,0,0,0,0,0,0,0,0,0,0,0,0,0,0,0,0,0,0,0,0,0,0,0,0,0,0,0,0,0,0,0,0,0
0,0,0,0,0,0,0,0,0,0,0,0,0,0,0,0,0,0,0,0,0,0,0,0,0,0,0,0,0,0,0,0,0,0,0,0,0,0,0,0,0,0,0,0,0,0,0,0,0,0,0,0,0,0,0,0,0,0,0,0,0,0,0,0,0,0,0,0,0,0,0,0,0,0,0,0,0,0,0,0,0,0,0,0,0,0,0,0,0,0,0,0,0,0,0,0,0,0,0,0,0,0,0,0,0,0,0,0,0,0,0,0,0,0,0,0,0,0,0,0,0,0,0,0,0,0,0,0,0,0,0,0,0,0,0,0,0,0,0,0,0,0,0,0,0,0,0,0,0,0,0,0,0,0,0,0,0,0,0,0,0,0,0,0,0,0,0,0,0,0,0,0,0,0,0,0,0,0,0,0,0,0,0,0,0,0,0,0,0,0,0,0,0,0,0,0,0,0
0,0,0,0,0,0,0,0,0,0,0,0,0,0,0,0,0,0,0,0,0,0,0,0,0,0,0,0,0,0,0,0,0,0,0,0,0,0,0,0,0,0,0,0,0,0,0,0,0,0,0,0,0,0,0,0,0,0,0,0,0,0,0,0,0,0,0,0,0,0,0,0,0,0,0,0,0,0,0,0,0,0,0,0,0,0,0,0,0,0,0,0,0,0,0,0,0,0,0,0,0,0,0,0,0,0,0,0,0,0,0,0,0,0,0,0,0,0,0,0,0,0,0,0,0,0,0,0,0,0,0,0,0,0,0,0,0,0,0,0,0,0,0,0,0,0,0,0,0,0,0,0,0,0,0,0,0,0,0,0,0,0,0,0,0,0,0,0,0,0,0,0,0,0,0,0,0,0,0,0,0,0,0,0,0,0,0,0,0,0,0,0,0,0,0,0,0,0
0,0,0,0,0,0,0,0,0,0,0,0,0,0,0,0,0,0,0,0,0,0,0,0,0,0,0,0,0,0,0,0,0,0,0,0,0,0,0,0,0,0,0,0,0,0,0,0,0,0,0,0,0,0,0,0,0,0,0,0,0,0,0,0,0,0,0,0,0,0,0,0,0,0,0,0,0,0,0,0,0,0,0,0,0,0,0,0,0,0,0,0,0,0,0,0,0,0,0,0,0,0,0,0,0,0,0,0,0,0,0,0,0,0,0,0,0,0,0,0,0,0,0,0,0,0,0,0,0,0,0,0,0,0,0,0,0,0,0,0,0,0,0,0,0,0,0,0,0,0,0,0,0,0,0,0,0,0,0,0,0,0,0,0,0,0,0,0,0,0,0,0,0,0,0,0,0,0,0,0,0,0,0,0,0,0,0,0,0,0,0,0,0,0,0,0,0,0
0,0,0,0,0,0,0,0,0,0,0,0,0,0,0,0,0,0,0,0,0,0,0,0,0,0,0,0,0,0,0,0,0,0,0,0,0,0,0,0,0,0,0,0,0,0,0,0,0,0,0,0,0,0,0,0,0,0,0,0,0,0,0,0,0,0,0,0,0,0,0,0,0,0,0,0,0,0,0,0,0,0,0,0,0,0,0,0,0,0,0,0,0,0,0,0,0,0,0,0,0,0,0,0,0,0,0,0,0,0,0,0,0,0,0,0,0,0,0,0,0,0,0,0,0,0,0,0,0,0,0,0,0,0,0,0,0,0,0,0,0,0,0,0,0,0,0,0,0,0,0,0,0,0,0,0,0,0,0,0,0,0,0,0,0,0,0,0,0,0,0,0,0,0,0,0,0,0,0,0,0,0,0,0,0,0,0,0,0,0,0,0,0,0,0,0,0,0
0,0,0,0,0,0,0,0,0,0,0,0,0,0,0,0,0,0,0,0,0,0,0,0,0,0,0,0,0,0,0,0,0,0,0,0,0,0,0,0,0,0,0,0,0,0,0,0,0,0,0,0,0,0,0,0,0,0,0,0,0,0,0,0,0,0,0,0,0,0,0,0,0,0,0,0,0,0,0,0,0,0,0,0,0,0,0,0,0,0,0,0,0,0,0,0,0,0,0,0,0,0,0,0,0,0,0,0,0,0,0,0,0,0,0,0,0,0,0,0,0,0,0,0,0,0,0,0,0,0,0,0,0,0,0,0,0,0,0,0,0,0,0,0,0,0,0,0,0,0,0,0,0,0,0,0,0,0,0,0,0,0,0,0,0,0,0,0,0,0,0,0,0,0,0,0,0,0,0,0,0,0,0,0,0,0,0,0,0,0,0,0,0,0,0,0,0,0
0,0,0,0,0,0,0,0,0,0,0,0,0,0,0,0,0,0,0,0,0,0,0,0,0,0,0,0,0,0,0,0,0,0,0,0,0,0,0,0,0,0,0,0,0,0,0,0,0,0,0,0,0,0,0,0,0,0,0,0,0,0,0,0,0,0,0,0,0,0,0,0,0,0,0,0,0,0,0,0,0,0,0,0,0,0,0,0,0,0,0,0,0,0,0,0,0,0,0,0,0,0,0,0,0,0,0,0,0,0,0,0,0,0,0,0,0,0,0,0,0,0,0,0,0,0,0,0,0,0,0,0,0,0,0,0,0,0,0,0,0,0,0,0,0,0,0,0,0,0,0,0,0,0,0,0,0,0,0,0,0,0,0,0,0,0,0,0,0,0,0,0,0,0,0,0,0,0,0,0,0,0,0,0,0,0,0,0,0,0,0,0,0,0,0,0,0,0
0,0,0,0,0,0,0,0,0,0,0,0,0,0,0,0,0,0,0,0,0,0,0,0,0,0,0,0,0,0,0,0,0,0,0,0,0,0,0,0,0,0,0,0,0,0,0,0,0,0,0,0,0,0,0,0,0,0,0,0,0,0,0,0,0,0,0,0,0,0,0,0,0,0,0,0,0,0,0,0,0,0,0,0,0,0,0,0,0,0,0,0,0,0,0,0,0,0,0,0,0,0,0,0,0,0,0,0,0,0,0,0,0,0,0,0,0,0,0,0,0,0,0,0,0,0,0,0,0,0,0.716194,0.716194,0.716194,0.716194,0.716194,0.716194,0.716194,0.716194,0.716194,0.716194,0.716194,0.716194,0.716194,0.716194,0.716194,0.716194,0.716194,0.716194,0.716194,0.716194,0.716194,0.716194,0.716194,0.716194,0.716194,0.716194,0.716194,0.716194,0.716194,0.716194,0.716194,0.716194,0.716194,0.716194,0.716194,0.716194,0.716194,0.716194,0.716194,0.716194,0.716194,0.716194,0.716194,0.716194,0.716194,0.716194,0.716194,0.716194,0.716194,0.716194,0.716194,0.716194,0.716194,0.716194,0.716194,0.716194,0.716194,0.716194,0.716194,0.716194,0.716194,0.716194,0.716194,0.716194,0.716194,0.716194,0.716194,0
0,0.716194,0.716194,0.716194,0.716194,0.716194,0.716194,0.716194,0.716194,0.716194,0.716194,0.716194,0.716194,0.716194,0.716194,0.716194,0.716194,0.716194,0.716194,0.716194,0.716194,0.716194,0.716194,0.716194,0.716194,0.716194,0.716194,0.716194,0.716194,0.716194,0.716194,0.716194,0.716194,0.716194,0.716194,0.716194,0.716194,0.716194,0.716194,0.716194,0.716194,0.716194,0.716194,0.716194,0.716194,0.716194,0.716194,0.716194,0.716194,0.716194,0.716194,0.716194,0.716194,0.716194,0.716194,0.716194,0.716194,0.716194,0.716194,0.716194,0.716194,0.716194,0.716194,0.716194,0.716194,0.716194,0.716194,0.716194,0.716194,0.716194,0.716194,0.716194,0.716194,0.716194,0.716194,0.716194,0.716194,0.716194,0.716194,0.716194,0.716194,0.716194,0.716194,0.716194,0.716194,0.716194,0.716194,0.716194,0.716194,0.716194,0.716194,0.716194,0.716194,0.716194,0.716194,0.716194,0.716194,0.716194,0.716194,0.716194,0.716194,0.716194,0.716194,0.716194,0.716194,0.716194,0.716194,0.716194,0.716194,0.716194,0.716194,0.716194,0.716194,0.716194,0.716194,0.716194,0.716194,0.716194,0.716194,0.716194,0.716194,0.716194,0.716194,0.716194,0.716194,0.716194,0.716194,0.716194,0.716194,0.716194,0.716194,0.716194,0.716194,0.716194,0.716194,0.716194,0.716194,0.716194,0.716194,0.716194,0.716194,0.716194,0.716194,0.716194,0.716194,0.716194,0.716194,0.716194,0.716194,0.716194,0.716194,0.716194,0.716194,0.716194,0.716194,0.716194,0.716194,0.716194,0.716194,0.716194,0.716194,0.716194,0.716194,0.716194,0.716194,0.716194,0.716194,0.716194,0.716194,0.716194,0.716194,0.716194,0.716194,0.716194,0.716194,0.716194,0.716194,0.716194,0.716194,0.716194,0.716194,0.716194,0.716194,0.716194,0.716194,0.716194,0.716194,0.716194,0.716194,0.716194,0.716194,0.716194,0.716194,0.716194,0.716194,0.716194,0.716194,0
0,0.716194,0.716194,0.716194,0.716194,0.716194,0.716194,0.716194,0.716194,0.716194,0.716194,0.716194,0.716194,0.716194,0.716194,0.716194,0.716194,0.716194,0.716194,0.716194,0.716194,0.716194,0.716194,0.716194,0.716194,0.716194,0.716194,0.716194,0.716194,0.716194,0.716194,0.716194,0.716194,0.716194,0.716194,0.716194,0.716194,0.716194,0.716194,0.716194,0.716194,0.716194,0.716194,0.716194,0.716194,0.716194,0.716194,0.716194,0.716194,0.716194,0.716194,0.716194,0.716194,0.716194,0.716194,0.716194,0.716194,0.716194,0.716194,0.716194,0.716194,0.716194,0.716194,0.716194,0.716194,0.716194,0.716194,0.716194,0.716194,0.716194,0.716194,0.716194,0.716194,0.716194,0.716194,0.716194,0.716194,0.716194,0.716194,0.716194,0.716194,0.716194,0.716194,0.716194,0.716194,0.716194,0.716194,0.716194,0.716194,0.716194,0.716194,0.716194,0.716194,0.716194,0.716194,0.716194,0.716194,0.716194,0.716194,0.716194,0.716194,0.716194,0.716194,0.716194,0.716194,0.716194,0.716194,0.716194,0.716194,0.716194,0.716194,0.716194,0.716194,0.716194,0.716194,0.716194,0.716194,0.716194,0.716194,0.716194,0.716194,0.716194,0.716194,0.716194,0.716194,0.716194,0.716194,0.716194,0.716194,0.716194,0.716194,0.716194,0.716194,0.716194,0.716194,0.716194,0.716194,0.716194,0.716194,0.716194,0.716194,0.716194,0.716194,0.716194,0.716194,0.716194,0.716194,0.716194,0.716194,0.716194,0.716194,0.716194,0.716194,0.716194,0.716194,0.716194,0.716194,0.716194,0.716194,0.716194,0.716194,0.716194,0.716194,0.716194,0.716194,0.716194,0.716194,0.716194,0.716194,0.716194,0.716194,0.716194,0.716194,0.716194,0.716194,0.716194,0.716194,0.716194,0.716194,0.716194,0.716194,0.716194,0.716194,0.716194,0.716194,0.716194,0.716194,0.716194,0.716194,0.716194,0.716194,0.716194,0.716194,0.716194,0.716194,0.716194,0.716194,0
0,0.716194,0.716194,0.716194,0.716194,0.716194,0.716194,0.716194,0.716194,0.716194,0.716194,0.716194,0.716194,0.716194,0.716194,0.716194,0.716194,0.716194,0.716194,0.716194,0.716194,0.716194,0.716194,0.716194,0.716194,0.716194,0.716194,0.716194,0.716194,0.716194,0.716194,0.716194,0.716194,0.716194,0.716194,0.716194,0.716194,0.716194,0.716194,0.716194,0.716194,0.716194,0.716194,0.716194,0.716194,0.716194,0.716194,0.716194,0.716194,0.716194,0.716194,0.716194,0.716194,0.716194,0.716194,0.716194,0.716194,0.716194,0.716194,0.716194,0.716194,0.716194,0.716194,0.716194,0.716194,0.716194,0.716194,0.716194,0.716194,0.716194,0.716194,0.716194,0.716194,0.716194,0.716194,0.716194,0.716194,0.716194,0.716194,0.716194,0.716194,0.716194,0.716194,0.716194,0.716194,0.716194,0.716194,0.716194,0.716194,0.716194,0.716194,0.716194,0.716194,0.716194,0.716194,0.716194,0.716194,0.716194,0.716194,0.716194,0.716194,0.716194,0.716194,0.716194,0.716194,0.716194,0.716194,0.716194,0.716194,0.716194,0.716194,0.716194,0.716194,0.716194,0.716194,0.716194,0.716194,0.716194,0.716194,0.716194,0.716194,0.716194,0.716194,0.716194,0.716194,0.716194,0.716194,0.716194,0.716194,0.716194,0.716194,0.716194,0.716194,0.716194,0.716194,0.716194,0.716194,0.716194,0.716194,0.716194,0.716194,0.716194,0.716194,0.716194,0.716194,0.716194,0.716194,0.716194,0.716194,0.716194,0.716194,0.716194,0.716194,0.716194,0.716194,0.716194,0.716194,0.716194,0.716194,0.716194,0.716194,0.716194,0.716194,0.716194,0.716194,0.716194,0.716194,0.716194,0.716194,0.716194,0.716194,0.716194,0.716194,0.716194,0.716194,0.716194,0.716194,0.716194,0.716194,0.716194,0.716194,0.716194,0.716194,0.716194,0.716194,0.716194,0.716194,0.716194,0.716194,0.716194,0.716194,0.716194,0.716194,0.716194,0.716194,0.716194,0.716194,0
0,0.716194,0.716194,0.716194,0.716194,0.716194,0.716194,0.716194,0.716194,0.716194,0.716194,0.716194,0.716194,0.716194,0.716194,0.716194,0.716194,0.716194,0.716194,0.716194,0.716194,0.716194,0.716194,0.716194,0.716194,0.716194,0.716194,0.716194,0.716194,0.716194,0.716194,0.716194,0.716194,0.716194,0.716194,0.716194,0.716194,0.716194,0.716194,0.716194,0.716194,0.716194,0.716194,0.716194,0.716194,0.716194,0.716194,0.716194,0.716194,0.716194,0.716194,0.716194,0.716194,0.716194,0.716194,0.716194,0.716194,0.716194,0.716194,0.716194,0.716194,0.716194,0.716194,0.716194,0.716194,0.716194,0.716194,0.716194,0.716194,0.716194,0.716194,0.716194,0.716194,0.716194,0.716194,0.716194,0.716194,0.716194,0.716194,0.716194,0.716194,0.716194,0.716194,0.716194,0.716194,0.716194,0.716194,0.716194,0.716194,0.716194,0.716194,0.716194,0.716194,0.716194,0.716194,0.716194,0.716194,0.716194,0.716194,0.716194,0.716194,0.716194,0.716194,0.716194,0.716194,0.716194,0.716194,0.716194,0.716194,0.716194,0.716194,0.716194,0.716194,0.716194,0.716194,0.716194,0.716194,0.716194,0.716194,0.716194,0.716194,0.716194,0.716194,0.716194,0.716194,0.716194,0.716194,0.716194,0.716194,0.716194,0.716194,0.716194,0.716194,0.716194,0.716194,0.716194,0.716194,0.716194,0.716194,0.716194,0.716194,0.716194,0.716194,0.716194,0.716194,0.716194,0.716194,0.716194,0.716194,0.716194,0.716194,0.716194,0.716194,0.716194,0.716194,0.716194,0.716194,0.716194,0.716194,0.716194,0.716194,0.716194,0.716194,0.716194,0.716194,0.716194,0.716194,0.716194,0.716194,0.716194,0.716194,0.716194,0.716194,0.716194,0.716194,0.716194,0.716194,0.716194,0.716194,0.716194,0.716194,0.716194,0.716194,0.716194,0.716194,0.716194,0.716194,0.716194,0.716194,0.716194,0.716194,0.716194,0.716194,0.716194,0.716194,0.716194,0.716194,0
0,0.716194,0.716194,0.716194,0.716194,0.716194,0.716194,0.716194,0.716194,0.716194,0.716194,0.716194,0.716194,0.716194,0.716194,0.716194,0.716194,0.716194,0.716194,0.716194,0.716194,0.716194,0.716194,0.716194,0.716194,0.716194,0.716194,0.716194,0.716194,0.716194,0.716194,0.716194,0.716194,0.716194,0.716194,0.716194,0.716194,0.716194,0.716194,0.716194,0.716194,0.716194,0.716194,0.716194,0.716194,0.716194,0.716194,0.716194,0.716194,0.716194,0.716194,0.716194,0.716194,0.716194,0.716194,0.716194,0.716194,0.716194,0.716194,0.716194,0.716194,0.716194,0.716194,0.716194,0.716194,0.716194,0.716194,0.716194,0.716194,0.716194,0.716194,0.716194,0.716194,0.716194,0.716194,0.716194,0.716194,0.716194,0.716194,0.716194,0.716194,0.716194,0.716194,0.716194,0.716194,0.716194,0.716194,0.716194,0.716194,0.716194,0.716194,0.716194,0.716194,0.716194,0.716194,0.716194,0.716194,0.716194,0.716194,0.716194,0.716194,0.716194,0.716194,0.716194,0.716194,0.716194,0.716194,0.716194,0.716194,0.716194,0.716194,0.716194,0.716194,0.716194,0.716194,0.716194,0.716194,0.716194,0.716194,0.716194,0.716194,0.716194,0.716194,0.716194,0.716194,0.716194,0.716194,0.716194,0.716194,0.716194,0.716194,0.716194,0.716194,0.716194,0.716194,0.716194,0.716194,0.716194,0.716194,0.716194,0.716194,0.716194,0.716194,0.716194,0.716194,0.716194,0.716194,0.716194,0.716194,0.716194,0.716194,0.716194,0.716194,0.716194,0.716194,0.716194,0.716194,0.716194,0.716194,0.716194,0.716194,0.716194,0.716194,0.716194,0.716194,0.716194,0.716194,0.716194,0.716194,0.716194,0.716194,0.716194,0.716194,0.716194,0.716194,0.716194,0.716194,0.716194,0.716194,0.716194,0.716194,0.716194,0.716194,0.716194,0.716194,0.716194,0.716194,0.716194,0.716194,0.716194,0.716194,0.716194,0.716194,0.716194,0.716194,0.716194,0.716194,0
0,0.716194,0.716194,0.716194,0.716194,0.716194,0.716194,0.716194,0.716194,0.716194,0.716194,0.716194,0.716194,0.716194,0.716194,0.716194,0.716194,0.716194,0.716194,0.716194,0.716194,0.716194,0.716194,0.716194,0.716194,0.716194,0.716194,0.716194,0.716194,0.716194,0.716194,0.716194,0.716194,0.716194,0.716194,0.716194,0.716194,0.716194,0.716194,0.716194,0.716194,0.716194,0.716194,0.716194,0.716194,0.716194,0.716194,0.716194,0.716194,0.716194,0.716194,0.716194,0.716194,0.716194,0.716194,0.716194,0.716194,0.716194,0.716194,0.716194,0.716194,0.716194,0.716194,0.716194,0.716194,0.716194,0.716194,0.716194,0.716194,0.716194,0.716194,0.716194,0.716194,0.716194,0.716194,0.716194,0.716194,0.716194,0.716194,0.716194,0.716194,0.716194,0.716194,0.716194,0.716194,0.716194,0.716194,0.716194,0.716194,0.716194,0.716194,0.716194,0.716194,0.716194,0.716194,0.716194,0.716194,0.716194,0.716194,0.716194,0.716194,0.716194,0.716194,0.716194,0.716194,0.716194,0.716194,0.716194,0.716194,0.716194,0.716194,0.716194,0.716194,0.716194,0.716194,0.716194,0.716194,0.716194,0.716194,0.716194,0.716194,0.716194,0.716194,0.716194,0.716194,0.716194,0.716194,0.716194,0.716194,0.716194,0.716194,0.716194,0.716194,0.716194,0.716194,0.716194,0.716194,0.716194,0.716194,0.716194,0.716194,0.716194,0.716194,0.716194,0.716194,0.716194,0.716194,0.716194,0.716194,0.716194,0.716194,0.716194,0.716194,0.716194,0.716194,0.716194,0.716194,0.716194,0.716194,0.716194,0.716194,0.716194,0.716194,0.716194,0.716194,0.716194,0.716194,0.716194,0.716194,0.716194,0.716194,0.716194,0.716194,0.716194,0.716194,0.716194,0.716194,0.716194,0.716194,0.716194,0.716194,0.716194,0.716194,0.716194,0.716194,0.716194,0.716194,0.716194,0.716194,0.716194,0.716194,0.716194,0.716194,0.716194,0.716194,0.716194,0.716194,0
0,0.716194,0.716194,0.716194,0.716194,0.716194,0.716194,0.716194,0.716194,0.716194,0.716194,0.716194,0.716194,0.716194,0.716194,0.716194,0.716194,0.716194,0.716194,0.716194,0.716194,0.716194,0.716194,0.716194,0.716194,0.716194,0.716194,0.716194,0.716194,0.716194,0.716194,0.716194,0.716194,0.716194,0.716194,0.716194,0.716194,0.716194,0.716194,0.716194,0.716194,0.716194,0.716194,0.716194,0.716194,0.716194,0.716194,0.716194,0.716194,0.716194,0.716194,0.716194,0.716194,0.716194,0.716194,0.716194,0.716194,0.716194,0.716194,0.716194,0.716194,0.716194,0.716194,0.716194,0.716194,0.716194,0.716194,0.716194,0.716194,0.716194,0.716194,0.716194,0.716194,0.716194,0.716194,0.716194,0.716194,0.716194,0.716194,0.716194,0.716194,0.716194,0.716194,0.716194,0.716194,0.716194,0.716194,0.716194,0.716194,0.716194,0.716194,0.716194,0.716194,0.716194,0.716194,0.716194,0.716194,0.716194,0.716194,0.716194,0.716194,0.716194,0.716194,0.716194,0.716194,0.716194,0.716194,0.716194,0.716194,0.716194,0.716194,0.716194,0.716194,0.716194,0.716194,0.716194,0.716194,0.716194,0.716194,0.716194,0.716194,0.716194,0.716194,0.716194,0.716194,0.716194,0.716194,0.716194,0.716194,0.716194,0.716194,0.716194,0.716194,0.716194,0.716194,0.716194,0.716194,0.716194,0.716194,0.716194,0.716194,0.716194,0.716194,0.716194,0.716194,0.716194,0.716194,0.716194,0.716194,0.716194,0.716194,0.716194,0.716194,0.716194,0.716194,0.716194,0.716194,0.716194,0.716194,0.716194,0.716194,0.716194,0.716194,0.716194,0.716194,0.716194,0.716194,0.716194,0.716194,0.716194,0.716194,0.716194,0.716194,0.716194,0.716194,0.716194,0.716194,0.716194,0.716194,0.716194,0.716194,0.716194,0.716194,0.716194,0.716194,0.716194,0.716194,0.716194,0.716194,0.716194,0.716194,0.716194,0.716194,0.716194,0.716194,0.716194,0.716194,0
0,0.716194,0.716194,0.716194,0.716194,0.716194,0.716194,0.716194,0.716194,0.716194,0.716194,0.716194,0.716194,0.716194,0.716194,0.716194,0.716194,0.716194,0.716194,0.716194,0.716194,0.716194,0.716194,0.716194,0.716194,0.716194,0.716194,0.716194,0.716194,0.716194,0.716194,0.716194,0.716194,0.716194,0.716194,0.716194,0.716194,0.716194,0.716194,0.716194,0.716194,0.716194,0.716194,0.716194,0.716194,0.716194,0.716194,0.716194,0.716194,0.716194,0.716194,0.716194,0.716194,0.716194,0.716194,0.716194,0.716194,0.716194,0.716194,0.716194,0.716194,0.716194,0.716194,0.716194,0.716194,0.716194,0.716194,0.716194,0.716194,0.716194,0.716194,0.716194,0.716194,0.716194,0.716194,0.716194,0.716194,0.716194,0.716194,0.716194,0.716194,0.716194,0.716194,0.716194,0.716194,0.716194,0.716194,0.716194,0.716194,0.716194,0.716194,0.716194,0.716194,0.716194,0.716194,0.716194,0.716194,0.716194,0.716194,0.716194,0.716194,0.716194,0.716194,0.716194,0.716194,0.716194,0.716194,0.716194,0.716194,0.716194,0.716194,0.716194,0.716194,0.716194,0.716194,0.716194,0.716194,0.716194,0.716194,0.716194,0.716194,0.716194,0.716194,0.716194,0.716194,0.716194,0.716194,0.716194,0.716194,0.716194,0.716194,0.716194,0.716194,0.716194,0.716194,0.716194,0.716194,0.716194,0.716194,0.716194,0.716194,0.716194,0.716194,0.716194,0.716194,0.716194,0.716194,0.716194,0.716194,0.716194,0.716194,0.716194,0.716194,0.716194,0.716194,0.716194,0.716194,0.716194,0.716194,0.716194,0.716194,0.716194,0.716194,0.716194,0.716194,0.716194,0.716194,0.716194,0.716194,0.716194,0.716194,0.716194,0.716194,0.716194,0.716194,0.716194,0.716194,0.716194,0.716194,0.716194,0.716194,0.716194,0.716194,0.716194,0.716194,0.716194,0.716194,0.716194,0.716194,0.716194,0.716194,0.716194,0.716194,0.716194,0.716194,0.716194,0.716194,0
0,0.716194,0.716194,0.716194,0.716194,0.716194,0.716194,0.716194,0.716194,0.716194,0.716194,0.716194,0.716194,0.716194,0.716194,0.716194,0.716194,0.716194,0.716194,0.716194,0.716194,0.716194,0.716194,0.716194,0.716194,0.716194,0.716194,0.716194,0.716194,0.716194,0.716194,0.716194,0.716194,0.716194,0.716194,0.716194,0.716194,0.716194,0.716194,0.716194,0.716194,0.716194,0.716194,0.716194,0.716194,0.716194,0.716194,0.716194,0.716194,0.716194,0.716194,0.716194,0.716194,0.716194,0.716194,0.716194,0.716194,0.716194,0.716194,0.716194,0.716194,0.716194,0.716194,0.716194,0.716194,0.716194,0.716194,0.716194,0.716194,0.716194,0.716194,0.716194,0.716194,0.716194,0.716194,0.716194,0.716194,0.716194,0.716194,0.716194,0.716194,0.716194,0.716194,0.716194,0.716194,0.716194,0.716194,0.716194,0.716194,0.716194,0.716194,0.716194,0.716194,0.716194,0.716194,0.716194,0.716194,0.716194,0.716194,0.716194,0.716194,0.716194,0.716194,0.716194,0.716194,0.716194,0.716194,0.716194,0.716194,0.716194,0.716194,0.716194,0.716194,0.716194,0.716194,0.716194,0.716194,0.716194,0.716194,0.716194,0.716194,0.716194,0.716194,0.716194,0.716194,0.716194,0.716194,0.716194,0.716194,0.716194,0.716194,0.716194,0.716194,0.716194,0.716194,0.716194,0.716194,0.716194,0.716194,0.716194,0.716194,0.716194,0.716194,0.716194,0.716194,0.716194,0.716194,0.716194,0.716194,0.716194,0.716194,0.716194,0.716194,0.716194,0.716194,0.716194,0.716194,0.716194,0.716194,0.716194,0.716194,0.716194,0.716194,0.716194,0.716194,0.716194,0.716194,0.716194,0.716194,0.716194,0.716194,0.716194,0.716194,0.716194,0.716194,0.716194,0.716194,0.716194,0.716194,0.716194,0.716194,0.716194,0.716194,0.716194,0.716194,0.716194,0.716194,0.716194,0.716194,0.716194,0.716194,0.716194,0.716194,0.716194,0.716194,0.716194,0.716194,0
0,0.716194,0.716194,0.716194,0.716194,0.716194,0.716194,0.716194,0.716194,0.716194,0.716194,0.716194,0.716194,0.716194,0.716194,0.716194,0.716194,0.716194,0.716194,0.716194,0.716194,0.716194,0.716194,0.716194,0.716194,0.716194,0.716194,0.716194,0.716194,0.716194,0.716194,0.716194,0.716194,0.716194,0.716194,0.716194,0.716194,0.716194,0.716194,0.716194,0.716194,0.716194,0.716194,0.716194,0.716194,0.716194,0.716194,0.716194,0.716194,0.716194,0.716194,0.716194,0.716194,0.716194,0.716194,0.716194,0.716194,0.716194,0.716194,0.716194,0.716194,0.716194,0.716194,0.716194,0.716194,0.716194,0.716194,0.716194,0.716194,0.716194,0.716194,0.716194,0.716194,0.716194,0.716194,0.716194,0.716194,0.716194,0.716194,0.716194,0.716194,0.716194,0.716194,0.716194,0.716194,0.716194,0.716194,0.716194,0.716194,0.716194,0.716194,0.716194,0.716194,0.716194,0.716194,0,0,0,0,0,0,0,0,0,0,0,0,0,0,0,0,0,0,0,0,0,0,0,0,0,0,0,0,0,0,0,0,0,0,0,0,0,0,0,0,0,0,0,0,0,0,0,0,0,0,0,0,0,0,0,0,0,0,0,0,0,0,0,0,0,0,0,0,0,0,0,0,0,0,0,0,0,0,0,0,0,0,0,0,0,0,0,0,0,0,0,0,0,0,0,0,0,0,0,0,0,0,0
0,0,0,0,0,0,0,0,0,0,0,0,0,0,0,0,0,0,0,0,0,0,0,0,0,0,0,0,0,0,0,0,0,0,0,0,0,0,0,0,0,0,0,0,0,0,0,0,0,0,0,0,0,0,0,0,0,0,0,0,0,0,0,0,0,0,0,0,0,0,0,0,0,0,0,0,0,0,0,0,0,0,0,0,0,0,0,0,0,0,0,0,0,0,0,0,0,0,0,0,0,0,0,0,0,0,0,0,0,0,0,0,0,0,0,0,0,0,0,0,0,0,0,0,0,0,0,0,0,0,0,0,0,0,0,0,0,0,0,0,0,0,0,0,0,0,0,0,0,0,0,0,0,0,0,0,0,0,0,0,0,0,0,0,0,0,0,0,0,0,0,0,0,0,0,0,0,0,0,0,0,0,0,0,0,0,0,0,0,0,0,0,0,0,0,0,0,0
0,0,0,0,0,0,0,0,0,0,0,0,0,0,0,0,0,0,0,0,0,0,0,0,0,0,0,0,0,0,0,0,0,0,0,0,0,0,0,0,0,0,0,0,0,0,0,0,0,0,0,0,0,0,0,0,0,0,0,0,0,0,0,0,0,0,0,0,0,0,0,0,0,0,0,0,0,0,0,0,0,0,0,0,0,0,0,0,0,0,0,0,0,0,0,0,0,0,0,0,0,0,0,0,0,0,0,0,0,0,0,0,0,0,0,0,0,0,0,0,0,0,0,0,0,0,0,0,0,0,0,0,0,0,0,0,0,0,0,0,0,0,0,0,0,0,0,0,0,0,0,0,0,0,0,0,0,0,0,0,0,0,0,0,0,0,0,0,0,0,0,0,0,0,0,0,0,0,0,0,0,0,0,0,0,0,0,0,0,0,0,0,0,0,0,0,0,0
0,0,0,0,0,0,0,0,0,0,0,0,0,0,0,0,0,0,0,0,0,0,0,0,0,0,0,0,0,0,0,0,0,0,0,0,0,0,0,0,0,0,0,0,0,0,0,0,0,0,0,0,0,0,0,0,0,0,0,0,0,0,0,0,0,0,0,0,0,0,0,0,0,0,0,0,0,0,0,0,0,0,0,0,0,0,0,0,0,0,0,0,0,0,0,0,0,0,0,0,0,0,0,0,0,0,0,0,0,0,0,0,0,0,0,0,0,0,0,0,0,0,0,0,0,0,0,0,0,0,0,0,0,0,0,0,0,0,0,0,0,0,0,0,0,0,0,0,0,0,0,0,0,0,0,0,0,0,0,0,0,0,0,0,0,0,0,0,0,0,0,0,0,0,0,0,0,0,0,0,0,0,0,0,0,0,0,0,0,0,0,0,0,0,0,0,0,0
0,0,0,0,0,0,0,0,0,0,0,0,0,0,0,0,0,0,0,0,0,0,0,0,0,0,0,0,0,0,0,0,0,0,0,0,0,0,0,0,0,0,0,0,0,0,0,0,0,0,0,0,0,0,0,0,0,0,0,0,0,0,0,0,0,0,0,0,0,0,0,0,0,0,0,0,0,0,0,0,0,0,0,0,0,0,0,0,0,0,0,0,0,0,0,0,0,0,0,0,0,0,0,0,0,0,0,0,0,0,0,0,0,0,0,0,0,0,0,0,0,0,0,0,0,0,0,0,0,0,0,0,0,0,0,0,0,0,0,0,0,0,0,0,0,0,0,0,0,0,0,0,0,0,0,0,0,0,0,0,0,0,0,0,0,0,0,0,0,0,0,0,0,0,0,0,0,0,0,0,0,0,0,0,0,0,0,0,0,0,0,0,0,0,0,0,0,0
0,0,0,0,0,0,0,0,0,0,0,0,0,0,0,0,0,0,0,0,0,0,0,0,0,0,0,0,0,0,0,0,0,0,0,0,0,0,0,0,0,0,0,0,0,0,0,0,0,0,0,0,0,0,0,0,0,0,0,0,0,0,0,0,0,0,0,0,0,0,0,0,0,0,0,0,0,0,0,0,0,0,0,0,0,0,0,0,0,0,0,0,0,0,0,0,0,0,0,0,0,0,0,0,0,0,0,0,0,0,0,0,0,0,0,0,0,0,0,0,0,0,0,0,0,0,0,0,0,0,0,0,0,0,0,0,0,0,0,0,0,0,0,0,0,0,0,0,0,0,0,0,0,0,0,0,0,0,0,0,0,0,0,0,0,0,0,0,0,0,0,0,0,0,0,0,0,0,0,0,0,0,0,0,0,0,0,0,0,0,0,0,0,0,0,0,0,0
0,0,0,0,0,0,0,0,0,0,0,0,0,0,0,0,0,0,0,0,0,0,0,0,0,0,0,0,0,0,0,0,0,0,0,0,0,0,0,0,0,0,0,0,0,0,0,0,0,0,0,0,0,0,0,0,0,0,0,0,0,0,0,0,0,0,0,0,0,0,0,0,0,0,0,0,0,0,0,0,0,0,0,0,0,0,0,0,0,0,0,0,0,0,0,0,0,0,0,0,0,0,0,0,0,0,0,0,0,0,0,0,0,0,0,0,0,0,0,0,0,0,0,0,0,0,0,0,0,0,0,0,0,0,0,0,0,0,0,0,0,0,0,0,0,0,0,0,0,0,0,0,0,0,0,0,0,0,0,0,0,0,0,0,0,0,0,0,0,0,0,0,0,0,0,0,0,0,0,0,0,0,0,0,0,0,0,0,0,0,0,0,0,0,0,0,0,0
0,0,0,0,0,0,0,0,0,0,0,0,0,0,0,0,0,0,0,0,0,0,0,0,0,0,0,0,0,0,0,0,0,0,0,0,0,0,0,0,0,0,0,0,0,0,0,0,0,0,0,0,0,0,0,0,0,0,0,0,0,0,0,0,0,0,0,0,0,0,0,0,0,0,0,0,0,0,0,0,0,0,0,0,0,0,0,0,0,0,0,0,0,0,0,0,0,0,0,0,0,0,0,0,0,0,0,0,0,0,0,0,0,0,0,0,0,0,0,0,0,0,0,0,0,0,0,0,0,0,0,0,0,0,0,0,0,0,0,0,0,0,0,0,0,0,0,0,0,0,0,0,0,0,0,0,0,0,0,0,0,0,0,0,0,0,0,0,0,0,0,0,0,0,0,0,0,0,0,0,0,0,0,0,0,0,0,0,0,0,0,0,0,0,0,0,0,0
0,0,0,0,0,0,0,0,0,0,0,0,0,0,0,0,0,0,0,0,0,0,0,0,0,0,0,0,0,0,0,0,0,0,0,0,0,0,0,0,0,0,0,0,0,0,0,0,0,0,0,0,0,0,0,0,0,0,0,0,0,0,0,0,0,0,0,0,0,0,0,0,0,0,0,0,0,0,0,0,0,0,0,0,0,0,0,0,0,0,0,0,0,0,0,0,0,0,0,0,0,0,0,0,0,0,0,0,0,0,0,0,0,0,0,0,0,0,0,0,0,0,0,0,0,0,0,0,0,0,0,0,0,0,0,0,0,0,0,0,0,0,0,0,0,0,0,0,0,0,0,0,0,0,0,0,0,0,0,0,0,0,0,0,0,0,0,0,0,0,0,0,0,0,0,0,0,0,0,0,0,0,0,0,0,0,0,0,0,0,0,0,0,0,0,0,0,0
0,0,0,0,0,0,0,0,0,0,0,0,0,0,0,0,0,0,0,0,0,0,0,0,0,0,0,0,0,0,0,0,0,0,0,0,0,0,0,0,0,0,0,0,0,0,0,0,0,0,0,0,0,0,0,0,0,0,0,0,0,0,0,0,0,0,0,0,0,0,0,0,0,0,0,0,0,0,0,0,0,0,0,0,0,0,0,0,0,0,0,0,0,0,0,0,0,0,0,0,0,0,0,0,0,0,0,0,0,0,0,0,0,0,0,0,0,0,0,0,0,0,0,0,0,0,0,0,0,0,0,0,0,0,0,0,0,0,0,0,0,0,0,0,0,0,0,0,0,0,0,0,0,0,0,0,0,0,0,0,0,0,0,0,0,0,0,0,0,0,0,0,0,0,0,0,0,0,0,0,0,0,0,0,0,0,0,0,0,0,0,0,0,0,0,0,0,0
0,0,0,0,0,0,0,0,0,0,0,0,0,0,0,0,0,0,0,0,0,0,0,0,0,0,0,0,0,0,0,0,0,0,0,0,0,0,0,0,0,0,0,0,0,0,0,0,0,0,0,0,0,0,0,0,0,0,0,0,0,0,0,0,0,0,0,0,0,0,0,0,0,0,0,0,0,0,0,0,0,0,0,0,0,0,0,0,0,0,0,0,0,0,0,0,0,0,0,0,0,0,0,0,0,0,0,0,0,0,0,0,0,0,0,0,0,0,0,0,0,0,0,0,0,0,0,0,0,0,0,0,0,0,0,0,0,0,0,0,0,0,0,0,0,0,0,0,0,0,0,0,0,0,0,0,0,0,0,0,0,0,0,0,0,0,0,0,0,0,0,0,0,0,0,0,0,0,0,0,0,0,0,0,0,0,0,0,0,0,0,0,0,0,0,0,0,0
0,0,0,0,0,0,0,0,0,0,0,0,0,0,0,0,0,0,0,0,0,0,0,0,0,0,0,0,0,0,0,0,0,0,0,0,0,0,0,0,0,0,0,0,0,0,0,0,0,0,0,0,0,0,0,0,0,0,0,0,0,0,0,0,0,0,0,0,0,0,0,0,0,0,0,0,0,0,0,0,0,0,0,0,0,0,0,0,0,0,0,0,0,0,0,0,0,0,0,0,0,0,0,0,0,0,0,0,0,0,0,0,0,0,0,0,0,0,0,0,0,0,0,0,0,0,0,0,0,0,0,0,0,0,0,0,0,0,0,0,0,0,0,0,0,0,0,0,0,0,0,0,0,0,0,0,0,0,0,0,0,0,0,0,0,0,0,0,0,0,0,0,0,0,0,0,0,0,0,0,0,0,0,0,0,0,0,0,0,0,0,0,0,0,0,0,0,0
0,0,0,0,0,0,0,0,0,0,0,0,0,0,0,0,0,0,0,0,0,0,0,0,0,0,0,0,0,0,0,0,0,0,0,0,0,0,0,0,0,0,0,0,0,0,0,0,0,0,0,0,0,0,0,0,0,0,0,0,0,0,0,0,0,0,0,0,0,0,0,0,0,0,0,0,0,0,0,0,0,0,0,0,0,0,0,0,0,0,0,0,0,0,0,0,0,0,0,0,0,0,0,0,0,0,0,0,0,0,0,0,0,0,0,0,0,0,0,0,0,0,0,0,0,0,0,0,0,0,0,0,0,0,0,0,0,0,0,0,0,0,0,0,0,0,0,0,0,0,0,0,0,0,0,0,0,0,0,0,0,0,0,0,0,0,0,0,0,0,0,0,0,0,0,0,0,0,0,0,0,0,0,0,0,0,0,0,0,0,0,0,0,0,0,0,0,0
0,0,0,0,0,0,0,0,0,0,0,0,0,0,0,0,0,0,0,0,0,0,0,0,0,0,0,0,0,0,0,0,0,0,0,0,0,0,0,0,0,0,0,0,0,0,0,0,0,0,0,0,0,0,0,0,0,0,0,0,0,0,0,0,0,0,0,0,0,0,0,0,0,0,0,0,0,0,0,0,0,0,0,0,0,0,0,0,0,0,0,0,0,0,0,0,0,0,0,0,0,0,0,0,0,0,0,0,0,0,0,0,0,0,0,0,0,0,0,0,0,0,0,0,0,0,0,0,0,0,0,0,0,0,0,0,0,0,0,0,0,0,0,0,0,0,0,0,0,0,0,0,0,0,0,0,0,0,0,0,0,0,0,0,0,0,0,0,0,0,0,0,0,0,0,0,0,0,0,0,0,0,0,0,0,0,0,0,0,0,0,0,0,0,0,0,0,0
0,0,0,0,0,0,0,0,0,0,0,0,0,0,0,0,0,0,0,0,0,0,0,0,0,0,0,0,0,0,0,0,0,0,0,0,0,0,0,0,0,0,0,0,0,0,0,0,0,0,0,0,0,0,0,0,0,0,0,0,0,0,0,0,0,0,0,0,0,0,0,0,0,0,0,0,0,0,0,0,0,0,0,0,0,0,0,0,0,0,0,0,0,0,0,0,0,0,0,0,0,0,0,0,0,0,0,0,0,0,0,0,0,0,0,0,0,0,0,0,0,0,0,0,0,0,0,0,0,0,0,0,0,0,0,0,0,0,0,0,0,0,0,0,0,0,0,0,0,0,0,0,0,0,0,0,0,0,0,0,0,0,0,0,0,0,0,0,0,0,0,0,0,0,0,0,0,0,0,0,0,0,0,0,0,0,0,0,0,0,0,0,0,0,0,0,0,0
0,0,0,0,0,0,0,0,0,0,0,0,0,0,0,0,0,0,0,0,0,0,0,0,0,0,0,0,0,0,0,0,0,0,0,0,0,0,0,0,0,0,0,0,0,0,0,0,0,0,0,0,0,0,0,0,0,0,0,0,0,0,0,0,0,0,0,0,0,0,0,0,0,0,0,0,0,0,0,0,0,0,0,0,0,0,0,0,0,0,0,0,0,0,0,0,0,0,0,0,0,0,0,0,0,0,0,0,0,0,0,0,0,0,0,0,0,0,0,0,0,0,0,0,0,0,0,0,0,0,0,0,0,0,0,0,0,0,0,0,0,0,0,0,0,0,0,0,0,0,0,0,0,0,0,0,0,0,0,0,0,0,0,0,0,0,0,0,0,0,0,0,0,0,0,0,0,0,0,0,0,0,0,0,0,0,0,0,0,0,0,0,0,0,0,0,0,0
0,0,0,0,0,0,0,0,0,0,0,0,0,0,0,0,0,0,0,0,0,0,0,0,0,0,0,0,0,0,0,0,0,0,0,0,0,0,0,0,0,0,0,0,0,0,0,0,0,0,0,0,0,0,0,0,0,0,0,0,0,0,0,0,0,0,0,0,0,0,0,0,0,0,0,0,0,0,0,0,0,0,0,0,0,0,0,0,0,0,0,0,0,0,0,0,0,0,0,0,0,0,0,0,0,0,0,0,0,0,0,0,0,0,0,0,0,0,0,0,0,0,0,0,0,0,0,0,0,0,0,0,0,0,0,0,0,0,0,0,0,0,0,0,0,0,0,0,0,0,0,0,0,0,0,0,0,0,0,0,0,0,0,0,0,0,0,0,0,0,0,0,0,0,0,0,0,0,0,0,0,0,0,0,0,0,0,0,0,0,0,0,0,0,0,0,0,0
0,0,0,0,0,0,0,0,0,0,0,0,0,0,0,0,0,0,0,0,0,0,0,0,0,0,0,0,0,0,0,0,0,0,0,0,0,0,0,0,0,0,0,0,0,0,0,0,0,0,0,0,0,0,0,0,0,0,0,0,0,0,0,0,0,0,0,0,0,0,0,0,0,0,0,0,0,0,0,0,0,0,0,0,0,0,0,0,0,0,0,0,0,0,0,0,0,0,0,0,0,0,0,0,0,0,0,0,0,0,0,0,0,0,0,0,0,0,0,0,0,0,0,0,0,0,0,0,0,0,0,0,0,0,0,0,0,0,0,0,0,0,0,0,0,0,0,0,0,0,0,0,0,0,0,0,0,0,0,0,0,0,0,0,0,0,0,0,0,0,0,0,0,0,0,0,0,0,0,0,0,0,0,0,0,0,0,0,0,0,0,0,0,0,0,0,0,0
0,0,0,0,0,0,0,0,0,0,0,0,0,0,0,0,0,0,0,0,0,0,0,0,0,0,0,0,0,0,0,0,0,0,0,0,0,0,0,0,0,0,0,0,0,0,0,0,0,0,0,0,0,0,0,0,0,0,0,0,0,0,0,0,0,0,0,0,0,0,0,0,0,0,0,0,0,0,0,0,0,0,0,0,0,0,0,0,0,0,0,0,0,0,0,0,0,0,0,0,0,0,0,0,0,0,0,0,0,0,0,0,0,0,0,0,0,0,0,0,0,0,0,0,0,0,0,0,0,0,0,0,0,0,0,0,0,0,0,0,0,0,0,0,0,0,0,0,0,0,0,0,0,0,0,0,0,0,0,0,0,0,0,0,0,0,0,0,0,0,0,0,0,0,0,0,0,0,0,0,0,0,0,0,0,0,0,0,0,0,0,0,0,0,0,0,0,0
0,0,0,0,0,0,0,0,0,0,0,0,0,0,0,0,0,0,0,0,0,0,0,0,0,0,0,0,0,0,0,0,0,0,0,0,0,0,0,0,0,0,0,0,0,0,0,0,0,0,0,0,0,0,0,0,0,0,0,0,0,0,0,0,0,0,0,0,0,0,0,0,0,0,0,0,0,0,0,0,0,0,0,0,0,0,0,0,0,0,0,0,0,0,0,0,0,0,0,0,0,0,0,0,0,0,0,0,0,0,0,0,0,0,0,0,0,0,0,0,0,0,0,0,0,0,0,0,0,0,0,0,0,0,0,0,0,0,0,0,0,0,0,0,0,0,0,0,0,0,0,0,0,0,0,0,0,0,0,0,0,0,0,0,0,0,0,0,0,0,0,0,0,0,0,0,0,0,0,0,0,0,0,0,0,0,0,0,0,0,0,0,0,0,0,0,0,0
0,0,0,0,0,0,0,0,0,0,0,0,0,0,0,0,0,0,0,0,0,0,0,0,0,0,0,0,0,0,0,0,0,0,0,0,0,0,0,0,0,0,0,0,0,0,0,0,0,0,0,0,0,0,0,0,0,0,0,0,0,0,0,0,0,0,0,0,0,0,0,0,0,0,0,0,0,0,0,0,0,0,0,0,0,0,0,0,0,0,0,0,0,0,0,0,0,0,0,0,0,0,0,0,0,0,0,0,0,0,0,0,0,0,0,0,0,0,0,0,0,0,0,0,0,0,0,0,0,0,0,0,0,0,0,0,0,0,0,0,0,0,0,0,0,0,0,0,0,0,0,0,0,0,0,0,0,0,0,0,0,0,0,0,0,0,0,0,0,0,0,0,0,0,0,0,0,0,0,0,0,0,0,0,0,0,0,0,0,0,0,0,0,0,0,0,0,0
0,0,0,0,0,0,0,0,0,0,0,0,0,0,0,0,0,0,0,0,0,0,0,0,0,0,0,0,0,0,0,0,0,0,0,0,0,0,0,0,0,0,0,0,0,0,0,0,0,0,0,0,0,0,0,0,0,0,0,0,0,0,0,0,0,0,0,0,0,0,0,0,0,0,0,0,0,0,0,0,0,0,0,0,0,0,0,0,0,0,0,0,0,0,0,0,0,0,0,0,0,0,0,0,0,0,0,0,0,0,0,0,0,0,0,0,0,0,0,0,0,0,0,0,0,0,0,0,0,0,0,0,0,0,0,0,0,0,0,0,0,0,0,0,0,0,0,0,0,0,0,0,0,0,0,0,0,0,0,0,0,0,0,0,0,0,0,0,0,0,0,0,0,0,0,0,0,0,0,0,0,0,0,0,0,0,0,0,0,0,0,0,0,0,0,0,0,0
0,0,0,0,0,0,0,0,0,0,0,0,0,0,0,0,0,0,0,0,0,0,0,0,0,0,0,0,0,0,0,0,0,0,0,0,0,0,0,0,0,0,0,0,0,0,0,0,0,0,0,0,0,0,0,0,0,0,0,0,0,0,0,0,0,0,0,0,0,0,0,0,0,0,0,0,0,0,0,0,0,0,0,0,0,0,0,0,0,0,0,0,0,0,0,0,0,0,0,0,0,0,0,0,0,0,0,0,0,0,0,0,0,0,0,0,0,0,0,0,0,0,0,0,0,0,0,0,0,0,0,0,0,0,0,0,0,0,0,0,0,0,0,0,0,0,0,0,0,0,0,0,0,0,0,0,0,0,0,0,0,0,0,0,0,0,0,0,0,0,0,0,0,0,0,0,0,0,0,0,0,0,0,0,0,0,0,0,0,0,0,0,0,0,0,0,0,0
0,0,0,0,0,0,0,0,0,0,0,0,0,0,0,0,0,0,0,0,0,0,0,0,0,0,0,0,0,0,0,0,0,0,0,0,0,0,0,0,0,0,0,0,0,0,0,0,0,0,0,0,0,0,0,0,0,0,0,0,0,0,0,0,0,0,0,0,0,0,0,0,0,0,0,0,0,0,0,0,0,0,0,0,0,0,0,0,0,0,0,0,0,0,0,0,0,0,0,0,0,0,0,0,0,0,0,0,0,0,0,0,0,0,0,0,0,0,0,0,0,0,0,0,0,0,0,0,0,0,0,0,0,0,0,0,0,0,0,0,0,0,0,0,0,0,0,0,0,0,0,0,0,0,0,0,0,0,0,0,0,0,0,0,0,0,0,0,0,0,0,0,0,0,0,0,0,0,0,0,0,0,0,0,0,0,0,0,0,0,0,0,0,0,0,0,0,0
0,0,0,0,0,0,0,0,0,0,0,0,0,0,0,0,0,0,0,0,0,0,0,0,0,0,0,0,0,0,0,0,0,0,0,0,0,0,0,0,0,0,0,0,0,0,0,0,0,0,0,0,0,0,0,0,0,0,0,0,0,0,0,0,0,0,0,0,0,0,0,0,0,0,0,0,0,0,0,0,0,0,0,0,0,0,0,0,0,0,0,0,0,0,0,0,0,0,0,0,0,0,0,0,0,0,0,0,0,0,0,0,0,0,0,0,0,0,0,0,0,0,0,0,0,0,0,0,0,0,0,0,0,0,0,0,0,0,0,0,0,0,0,0,0,0,0,0,0,0,0,0,0,0,0,0,0,0,0,0,0,0,0,0,0,0,0,0,0,0,0,0,0,0,0,0,0,0,0,0,0,0,0,0,0,0,0,0,0,0,0,0,0,0,0,0,0,0
0,0,0,0,0,0,0,0,0,0,0,0,0,0,0,0,0,0,0,0,0,0,0,0,0,0,0,0,0,0,0,0,0,0,0,0,0,0,0,0,0,0,0,0,0,0,0,0,0,0,0,0,0,0,0,0,0,0,0,0,0,0,0,0,0,0,0,0,0,0,0,0,0,0,0,0,0,0,0,0,0,0,0,0,0,0,0,0,0,0,0,0,0,0,0,0,0,0,0,0,0,0,0,0,0,0,0,0,0,0,0,0,0,0,0,0,0,0,0,0,0,0,0,0,0,0,0,0,0,0,0,0,0,0,0,0,0,0,0,0,0,0,0,0,0,0,0,0,0,0,0,0,0,0,0,0,0,0,0,0,0,0,0,0,0,0,0,0,0,0,0,0,0,0,0,0,0,0,0,0,0,0,0,0,0,0,0,0,0,0,0,0,0,0,0,0,0,0
0,0,0,0,0,0,0,0,0,0,0,0,0,0,0,0,0,0,0,0,0,0,0,0,0,0,0,0,0,0,0,0,0,0,0,0,0,0,0,0,0,0,0,0,0,0,0,0,0,0,0,0,0,0,0,0,0,0,0,0,0,0,0,0,0,0,0,0,0,0,0,0,0,0,0,0,0,0,0,0,0,0,0,0,0,0,0,0,0,0,0,0,0,0,0,0,0,0,0,0,0,0,0,0,0,0,0,0,0,0,0,0,0,0,0,0,0,0,0,0,0,0,0,0,0,0,0,0,0,0,0,0,0,0,0,0,0,0,0,0,0,0,0,0,0,0,0,0,0,0,0,0,0,0,0,0,0,0,0,0,0,0,0,0,0,0,0,0,0,0,0,0,0,0,0,0,0,0,0,0,0,0,0,0,0,0,0,0,0,0,0,0,0,0,0,0,0,0
0,0,0,0,0,0,0,0,0,0,0,0,0,0,0,0,0,0,0,0,0,0,0,0,0,0,0,0,0,0,0,0,0,0,0,0,0,0,0,0,0,0,0,0,0,0,0,0,0,0,0,0,0,0,0,0,0,0,0,0,0,0,0,0,0,0,0,0,0,0,0,0,0,0,0,0,0,0,0,0,0,0,0,0,0,0,0,0,0,0,0,0,0,0,0,0,0,0,0,0,0,0,0,0,0,0,0,0,0,0,0,0,0,0,0,0,0,0,0,0,0,0,0,0,0,0,0,0,0,0,0,0,0,0,0,0,0,0,0,0,0,0,0,0,0,0,0,0,0,0,0,0,0,0,0,0,0,0,0,0,0,0,0,0,0,0,0,0,0,0,0,0,0,0,0,0,0,0,0,0,0,0,0,0,0,0,0,0,0,0,0,0,0,0,0,0,0,0
0,0,0,0,0,0,0,0,0,0,0,0,0,0,0,0,0,0,0,0,0,0,0,0,0,0,0,0,0,0,0,0,0,0,0,0,0,0,0,0,0,0,0,0,0,0,0,0,0,0,0,0,0,0,0,0,0,0,0,0,0,0,0,0,0,0,0,0,0,0,0,0,0,0,0,0,0,0,0,0,0,0,0,0,0,0,0,0,0,0,0,0,0,0,0,0,0,0,0.5779207,0.5779207,0.5779207,0.5779207,0.5779207,0.5779207,0.5779207,0.5779207,0.5779207,0.5779207,0.5779207,0.5779207,0.5779207,0.5779207,0.5779207,0.5779207,0.5779207,0.5779207,0.5779207,0.5779207,0.5779207,0.5779207,0.5779207,0.5779207,0.5779207,0.5779207,0.5779207,0.5779207,0.5779207,0.5779207,0.5779207,0.5779207,0.5779207,0.5779207,0.5779207,0.5779207,0.5779207,0.5779207,0.5779207,0.5779207,0.5779207,0.5779207,0.5779207,0.5779207,0.5779207,0.5779207,0.5779207,0.5779207,0.5779207,0.5779207,0.5779207,0.5779207,0.5779207,0.5779207,0.5779207,0.5779207,0.5779207,0.5779207,0.5779207,0.5779207,0.5779207,0.5779207,0.5779207,0.5779207,0.5779207,0.5779207,0.5779207,0.5779207,0.5779207,0.5779207,0.5779207,0.5779207,0.5779207,0.5779207,0.5779207,0.5779207,0.5779207,0.5779207,0.5779207,0.5779207,0.5779207,0.5779207,0.5779207,0.5779207,0.5779207,0.5779207,0.5779207,0.5779207,0.5779207,0.5779207,0.5779207,0.5779207,0.5779207,0.5779207,0.5779207,0.5779207,0.5779207,0.5779207,0.5779207,0
0,0.5779207,0.5779207,0.5779207,0.5779207,0.5779207,0.5779207,0.5779207,0.5779207,0.5779207,0.5779207,0.5779207,0.5779207,0.5779207,0.5779207,0.5779207,0.5779207,0.5779207,0.5779207,0.5779207,0.5779207,0.5779207,0.5779207,0.5779207,0.5779207,0.5779207,0.5779207,0.5779207,0.5779207,0.5779207,0.5779207,0.5779207,0.5779207,0.5779207,0.5779207,0.5779207,0.5779207,0.5779207,0.5779207,0.5779207,0.5779207,0.5779207,0.5779207,0.5779207,0.5779207,0.5779207,0.5779207,0.5779207,0.5779207,0.5779207,0.5779207,0.5779207,0.5779207,0.5779207,0.5779207,0.5779207,0.5779207,0.5779207,0.5779207,0.5779207,0.5779207,0.5779207,0.5779207,0.5779207,0.5779207,0.5779207,0.5779207,0.5779207,0.5779207,0.5779207,0.5779207,0.5779207,0.5779207,0.5779207,0.5779207,0.5779207,0.5779207,0.5779207,0.5779207,0.5779207,0.5779207,0.5779207,0.5779207,0.5779207,0.5779207,0.5779207,0.5779207,0.5779207,0.5779207,0.5779207,0.5779207,0.5779207,0.5779207,0.5779207,0.5779207,0.5779207,0.5779207,0.5779207,0.5779207,0.5779207,0.5779207,0.5779207,0.5779207,0.5779207,0.5779207,0.5779207,0.5779207,0.5779207,0.5779207,0.5779207,0.5779207,0.5779207,0.5779207,0.5779207,0.5779207,0.5779207,0.5779207,0.5779207,0.5779207,0.5779207,0.5779207,0.5779207,0.5779207,0.5779207,0.5779207,0.5779207,0.5779207,0.5779207,0.5779207,0.5779207,0.5779207,0.5779207,0.5779207,0.5779207,0.5779207,0.5779207,0.5779207,0.5779207,0.5779207,0.5779207,0.5779207,0.5779207,0.5779207,0.5779207,0.5779207,0.5779207,0.5779207,0.5779207,0.5779207,0.5779207,0.5779207,0.5779207,0.5779207,0.5779207,0.5779207,0.5779207,0.5779207,0.5779207,0.5779207,0.5779207,0.5779207,0.5779207,0.5779207,0.5779207,0.5779207,0.5779207,0.5779207,0.5779207,0.5779207,0.5779207,0.5779207,0.5779207,0.5779207,0.5779207,0.5779207,0.5779207,0.5779207,0.5779207,0.5779207,0.5779207,0.5779207,0.5779207,0.5779207,0.5779207,0.5779207,0.5779207,0.5779207,0.5779207,0.5779207,0.5779207,0.5779207,0.5779207,0.5779207,0.5779207,0.5779207,0.5779207,0.5779207,0
0,0.5779207,0.5779207,0.5779207,0.5779207,0.5779207,0.5779207,0.5779207,0.5779207,0.5779207,0.5779207,0.5779207,0.5779207,0.5779207,0.5779207,0.5779207,0.5779207,0.5779207,0.5779207,0.5779207,0.5779207,0.5779207,0.5779207,0.5779207,0.5779207,0.5779207,0.5779207,0.5779207,0.5779207,0.5779207,0.5779207,0.5779207,0.5779207,0.5779207,0.5779207,0.5779207,0.5779207,0.5779207,0.5779207,0.5779207,0.5779207,0.5779207,0.5779207,0.5779207,0.5779207,0.5779207,0.5779207,0.5779207,0.5779207,0.5779207,0.5779207,0.5779207,0.5779207,0.5779207,0.5779207,0.5779207,0.5779207,0.5779207,0.5779207,0.5779207,0.5779207,0.5779207,0.5779207,0.5779207,0.5779207,0.5779207,0.5779207,0.5779207,0.5779207,0.5779207,0.5779207,0.5779207,0.5779207,0.5779207,0.5779207,0.5779207,0.5779207,0.5779207,0.5779207,0.5779207,0.5779207,0.5779207,0.5779207,0.5779207,0.5779207,0.5779207,0.5779207,0.5779207,0.5779207,0.5779207,0.5779207,0.5779207,0.5779207,0.5779207,0.5779207,0.5779207,0.5779207,0.5779207,0.5779207,0.5779207,0.5779207,0.5779207,0.5779207,0.5779207,0.5779207,0.5779207,0.5779207,0.5779207,0.5779207,0.5779207,0.5779207,0.5779207,0.5779207,0.5779207,0.5779207,0.5779207,0.5779207,0.5779207,0.5779207,0.5779207,0.5779207,0.5779207,0.5779207,0.5779207,0.5779207,0.5779207,0.5779207,0.5779207,0.5779207,0.5779207,0.5779207,0.5779207,0.5779207,0.5779207,0.5779207,0.5779207,0.5779207,0.5779207,0.5779207,0.5779207,0.5779207,0.5779207,0.5779207,0.5779207,0.5779207,0.5779207,0.5779207,0.5779207,0.5779207,0.5779207,0.5779207,0.5779207,0.5779207,0.5779207,0.5779207,0.5779207,0.5779207,0.5779207,0.5779207,0.5779207,0.5779207,0.5779207,0.5779207,0.5779207,0.5779207,0.5779207,0.5779207,0.5779207,0.5779207,0.5779207,0.5779207,0.5779207,0.5779207,0.5779207,0.5779207,0.5779207,0.5779207,0.5779207,0.5779207,0.5779207,0.5779207,0.5779207,0.5779207,0.5779207,0.5779207,0.5779207,0.5779207,0.5779207,0.5779207,0.5779207,0.5779207,0.5779207,0.5779207,0.5779207,0.5779207,0.5779207,0.5779207,0
0,0.5779207,0.5779207,0.5779207,0.5779207,0.5779207,0.5779207,0.5779207,0.5779207,0.5779207,0.5779207,0.5779207,0.5779207,0.5779207,0.5779207,0.5779207,0.5779207,0.5779207,0.5779207,0.5779207,0.5779207,0.5779207,0.5779207,0.5779207,0.5779207,0.5779207,0.5779207,0.5779207,0.5779207,0.5779207,0.5779207,0.5779207,0.5779207,0.5779207,0.5779207,0.5779207,0.5779207,0.5779207,0.5779207,0.5779207,0.5779207,0.5779207,0.5779207,0.5779207,0.5779207,0.5779207,0.5779207,0.5779207,0.5779207,0.5779207,0.5779207,0.5779207,0.5779207,0.5779207,0.5779207,0.5779207,0.5779207,0.5779207,0.5779207,0.5779207,0.5779207,0.5779207,0.5779207,0.5779207,0.5779207,0.5779207,0.5779207,0.5779207,0.5779207,0.5779207,0.5779207,0.5779207,0.5779207,0.5779207,0.5779207,0.5779207,0.5779207,0.5779207,0.5779207,0.5779207,0.5779207,0.5779207,0.5779207,0.5779207,0.5779207,0.5779207,0.5779207,0.5779207,0.5779207,0.5779207,0.5779207,0.5779207,0.5779207,0.5779207,0.5779207,0.5779207,0.5779207,0.5779207,0.5779207,0.5779207,0.5779207,0.5779207,0.5779207,0.5779207,0.5779207,0.5779207,0.5779207,0.5779207,0.5779207,0.5779207,0.5779207,0.5779207,0.5779207,0.5779207,0.5779207,0.5779207,0.5779207,0.5779207,0.5779207,0.5779207,0.5779207,0.5779207,0.5779207,0.5779207,0.5779207,0.5779207,0.5779207,0.5779207,0.5779207,0.5779207,0.5779207,0.5779207,0.5779207,0.5779207,0.5779207,0.5779207,0.5779207,0.5779207,0.5779207,0.5779207,0.5779207,0.5779207,0.5779207,0.5779207,0.5779207,0.5779207,0.5779207,0.5779207,0.5779207,0.5779207,0.5779207,0.5779207,0.5779207,0.5779207,0.5779207,0.5779207,0.5779207,0.5779207,0.5779207,0.5779207,0.5779207,0.5779207,0.5779207,0.5779207,0.5779207,0.5779207,0.5779207,0.5779207,0.5779207,0.5779207,0.5779207,0.5779207,0.5779207,0.5779207,0.5779207,0.5779207,0.5779207,0.5779207,0.5779207,0.5779207,0.5779207,0.5779207,0.5779207,0.5779207,0.5779207,0.5779207,0.5779207,0.5779207,0.5779207,0.5779207,0.5779207,0.5779207,0.5779207,0.5779207,0.5779207,0.5779207,0.5779207,0
0,0.5779207,0.5779207,0.5779207,0.5779207,0.5779207,0.5779207,0.5779207,0.5779207,0.5779207,0.5779207,0.5779207,0.5779207,0.5779207,0.5779207,0.5779207,0.5779207,0.5779207,0.5779207,0.5779207,0.5779207,0.5779207,0.5779207,0.5779207,0.5779207,0.5779207,0.5779207,0.5779207,0.5779207,0.5779207,0.5779207,0.5779207,0.5779207,0.5779207,0.5779207,0.5779207,0.5779207,0.5779207,0.5779207,0.5779207,0.5779207,0.5779207,0.5779207,0.5779207,0.5779207,0.5779207,0.5779207,0.5779207,0.5779207,0.5779207,0.5779207,0.5779207,0.5779207,0.5779207,0.5779207,0.5779207,0.5779207,0.5779207,0.5779207,0.5779207,0.5779207,0.5779207,0.5779207,0.5779207,0.5779207,0.5779207,0.5779207,0.5779207,0.5779207,0.5779207,0.5779207,0.5779207,0.5779207,0.5779207,0.5779207,0.5779207,0.5779207,0.5779207,0.5779207,0.5779207,0.5779207,0.5779207,0.5779207,0.5779207,0.5779207,0.5779207,0.5779207,0.5779207,0.5779207,0.5779207,0.5779207,0.5779207,0.5779207,0.5779207,0.5779207,0.5779207,0.5779207,0.5779207,0.5779207,0.5779207,0.5779207,0.5779207,0.5779207,0.5779207,0.5779207,0.5779207,0.5779207,0.5779207,0.5779207,0.5779207,0.5779207,0.5779207,0.5779207,0.5779207,0.5779207,0.5779207,0.5779207,0.5779207,0.5779207,0.5779207,0.5779207,0.5779207,0.5779207,0.5779207,0.5779207,0.5779207,0.5779207,0.5779207,0.5779207,0.5779207,0.5779207,0.5779207,0.5779207,0.5779207,0.5779207,0.5779207,0.5779207,0.5779207,0.5779207,0.5779207,0.5779207,0.5779207,0.5779207,0.5779207,0.5779207,0.5779207,0.5779207,0.5779207,0.5779207,0.5779207,0.5779207,0.5779207,0.5779207,0.5779207,0.5779207,0.5779207,0.5779207,0.5779207,0.5779207,0.5779207,0.5779207,0.5779207,0.5779207,0.5779207,0.5779207,0.5779207,0.5779207,0.5779207,0.5779207,0.5779207,0.5779207,0.5779207,0.5779207,0.5779207,0.5779207,0.5779207,0.5779207,0.5779207,0.5779207,0.5779207,0.5779207,0.5779207,0.5779207,0.5779207,0.5779207,0.5779207,0.5779207,0.5779207,0.5779207,0.5779207,0.5779207,0.5779207,0.5779207,0.5779207,0.5779207,0.5779207,0.5779207,0
0,0.5779207,0.5779207,0.5779207,0.5779207,0.5779207,0.5779207,0.5779207,0.5779207,0.5779207,0.5779207,0.5779207,0.5779207,0.5779207,0.5779207,0.5779207,0.5779207,0.5779207,0.5779207,0.5779207,0.5779207,0.5779207,0.5779207,0.5779207,0.5779207,0.5779207,0.5779207,0.5779207,0.5779207,0.5779207,0.5779207,0.5779207,0.5779207,0.5779207,0.5779207,0.5779207,0.5779207,0.5779207,0.5779207,0.5779207,0.5779207,0.5779207,0.5779207,0.5779207,0.5779207,0.5779207,0.5779207,0.5779207,0.5779207,0.5779207,0.5779207,0.5779207,0.5779207,0.5779207,0.5779207,0.5779207,0.5779207,0.5779207,0.5779207,0.5779207,0.5779207,0.5779207,0.5779207,0.5779207,0.5779207,0.5779207,0.5779207,0.5779207,0.5779207,0.5779207,0.5779207,0.5779207,0.5779207,0.5779207,0.5779207,0.5779207,0.5779207,0.5779207,0.5779207,0.5779207,0.5779207,0.5779207,0.5779207,0.5779207,0.5779207,0.5779207,0.5779207,0.5779207,0.5779207,0.5779207,0.5779207,0.5779207,0.5779207,0.5779207,0.5779207,0.5779207,0.5779207,0.5779207,0.5779207,0.5779207,0.5779207,0.5779207,0.5779207,0.5779207,0.5779207,0.5779207,0.5779207,0.5779207,0.5779207,0.5779207,0.5779207,0.5779207,0.5779207,0.5779207,0.5779207,0.5779207,0.5779207,0.5779207,0.5779207,0.5779207,0.5779207,0.5779207,0.5779207,0.5779207,0.5779207,0.5779207,0.5779207,0.5779207,0.5779207,0.5779207,0.5779207,0.5779207,0.5779207,0.5779207,0.5779207,0.5779207,0.5779207,0.5779207,0.5779207,0.5779207,0.5779207,0.5779207,0.5779207,0.5779207,0.5779207,0.5779207,0.5779207,0.5779207,0.5779207,0.5779207,0.5779207,0.5779207,0.5779207,0.5779207,0.5779207,0.5779207,0.5779207,0,0,0,0,0,0,0,0,0,0,0,0,0,0,0,0,0,0,0,0,0,0,0,0,0,0,0,0,0,0,0,0,0,0,0,0,0,0,0,0,0
0,0,0,0,0,0,0,0,0,0,0,0,0,0,0,0,0,0,0,0,0,0,0,0,0,0,0,0,0,0,0,0,0,0,0,0,0,0,0,0,0,0,0,0,0,0,0,0,0,0,0,0,0,0,0,0,0,0,0,0,0,0,0,0,0,0,0,0,0,0,0,0,0,0,0,0,0,0,0,0,0,0,0,0,0,0,0,0,0,0,0,0,0,0,0,0,0,0,0,0,0,0,0,0,0,0,0,0,0,0,0,0,0,0,0,0,0,0,0,0,0,0,0,0,0,0,0,0,0,0,0,0,0,0,0,0,0,0,0,0,0,0,0,0,0,0,0,0,0,0,0,0,0,0,0,0,0,0,0,0,0,0,0,0,0,0,0,0,0,0,0,0,0,0,0,0,0,0,0,0,0,0,0,0,0,0,0,0,0,0,0,0,0,0,0,0,0,0
0,0,0,0,0,0,0,0,0,0,0,0,0,0,0,0,0,0,0,0,0,0,0,0,0,0,0,0,0,0,0,0,0,0,0,0,0,0,0,0,0,0,0,0,0,0,0,0,0,0,0,0,0,0,0,0,0,0,0,0,0,0,0,0,0,0,0,0,0,0,0,0,0,0,0,0,0,0,0,0,0,0,0,0,0,0,0,0,0,0,0,0,0,0,0,0,0,0,0,0,0,0,0,0,0,0,0,0,0,0,0,0,0,0,0,0,0,0,0,0,0,0,0,0,0,0,0,0,0,0,0,0,0,0,0,0,0,0,0,0,0,0,0,0,0,0,0,0,0,0,0,0,0,0,0,0,0,0,0,0,0,0,0,0,0,0,0,0,0,0,0,0,0,0,0,0,0,0,0,0,0,0,0,0,0,0,0,0,0,0,0,0,0,0,0,0,0,0
0,0,0,0,0,0,0,0,0,0,0,0,0,0,0,0,0,0,0,0,0,0,0,0,0,0,0,0,0,0,0,0,0,0,0,0,0,0,0,0,0,0,0,0,0,0,0,0,0,0,0,0,0,0,0,0,0,0,0,0,0,0,0,0,0,0,0,0,0,0,0,0,0,0,0,0,0,0,0,0,0,0,0,0,0,0,0,0,0,0,0,0,0,0,0,0,0,0,0,0,0,0,0,0,0,0,0,0,0,0,0,0,0,0,0,0,0,0,0,0,0,0,0,0,0,0,0,0,0,0,0,0,0,0,0,0,0,0,0,0,0,0,0,0,0,0,0,0,0,0,0,0,0,0,0,0,0,0,0,0,0,0,0,0,0,0,0,0,0,0,0,0,0,0,0,0,0,0,0,0,0,0,0,0,0,0,0,0,0,0,0,0,0,0,0,0,0,0
0,0,0,0,0,0,0,0,0,0,0,0,0,0,0,0,0,0,0,0,0,0,0,0,0,0,0,0,0,0,0,0,0,0,0,0,0,0,0,0,0,0,0,0,0,0,0,0,0,0,0,0,0,0,0,0,0,0,0,0,0,0,0,0,0,0,0,0,0,0,0,0,0,0,0,0,0,0,0,0,0,0,0,0,0,0,0,0,0,0,0,0,0,0,0,0,0,0,0,0,0,0,0,0,0,0,0,0,0,0,0,0,0,0,0,0,0,0,0,0,0,0,0,0,0,0,0,0,0,0,0,0,0,0,0,0,0,0,0,0,0,0,0,0,0,0,0,0,0,0,0,0,0,0,0,0,0,0,0,0,0,0,0,0,0,0,0,0,0,0,0,0,0,0,0,0,0,0,0,0,0,0,0,0,0,0,0,0,0,0,0,0,0,0,0,0,0,0
0,0,0,0,0,0,0,0,0,0,0,0,0,0,0,0,0,0,0,0,0,0,0,0,0,0,0,0,0,0,0,0,0,0,0,0,0,0,0,0,0,0,0,0,0,0,0,0,0,0,0,0,0,0,0,0,0,0,0,0,0,0,0,0,0,0,0,0,0,0,0,0,0,0,0,0,0,0,0,0,0,0,0,0,0,0,0,0,0,0,0,0,0,0,0,0,0,0,0,0,0,0,0,0,0,0,0,0,0,0,0,0,0,0,0,0,0,0,0,0,0,0,0,0,0,0,0,0,0,0,0,0,0,0,0,0,0,0,0,0,0,0,0,0,0,0,0,0,0,0,0,0,0,0,0,0,0,0,0,0,0,0,0,0,0,0,0,0,0,0,0,0,0,0,0,0,0,0,0,0,0,0,0,0,0,0,0,0,0,0,0,0,0,0,0,0,0,0
0,0,0,0,0,0,0,0,0,0,0,0,0,0,0,0,0,0,0,0,0,0,0,0,0,0,0,0,0,0,0,0,0,0,0,0,0,0,0,0,0,0,0,0,0,0,0,0,0,0,0,0,0,0,0,0,0,0,0,0,0,0,0,0,0,0,0,0,0,0,0,0,0,0,0,0,0,0,0,0,0,0,0,0,0,0,0,0,0,0,0,0,0,0,0,0,0,0,0,0,0,0,0,0,0,0,0,0,0,0,0,0,0,0,0,0,0,0,0,0,0,0,0,0,0,0,0,0,0,0,0,0,0,0,0,0,0,0,0,0,0,0,0,0,0,0,0,0,0,0,0,0,0,0,0,0,0,0,0,0,0,0,0,0,0,0,0,0,0,0,0,0,0,0,0,0,0,0,0,0,0,0,0,0,0,0,0,0,0,0,0,0,0,0,0,0,0,0
0,0,0,0,0,0,0,0,0,0,0,0,0,0,0,0,0,0,0,0,0,0,0,0,0,0,0,0,0,0,0,0,0,0,0,0,0,0,0,0,0,0,0,0,0,0,0,0,0,0,0,0,0,0,0,0,0,0,0,0,0,0,0,0,0,0,0,0,0,0,0,0,0,0,0,0,0,0,0,0,0,0,0,0,0,0,0,0,0,0,0,0,0,0,0,0,0,0,0,0,0,0,0,0,0,0,0,0,0,0,0,0,0,0,0,0,0,0,0,0,0,0,0,0,0,0,0,0,0,0,0,0,0,0,0,0,0,0,0,0,0,0,0,0,0,0,0,0,0,0,0,0,0,0,0,0,0,0,0,0,0,0,0,0,0,0,0,0,0,0,0,0,0,0,0,0,0,0,0,0,0,0,0,0,0,0,0,0,0,0,0,0,0,0,0,0,0,0
0,0,0,0,0,0,0,0,0,0,0,0,0,0,0,0,0,0,0,0,0,0,0,0,0,0,0,0,0,0,0,0,0,0,0,0,0,0,0,0,0,0,0,0,0,0,0,0,0,0,0,0,0,0,0,0,0,0,0,0,0,0,0,0,0,0,0,0,0,0,0,0,0,0,0,0,0,0,0,0,0,0,0,0,0,0,0,0,0,0,0,0,0,0,0,0,0,0,0,0,0,0,0,0,0,0,0,0,0,0,0,0,0,0,0,0,0,0,0,0,0,0,0,0,0,0,0,0,0,0,0,0,0,0,0,0,0,0,0,0,0,0,0,0,0,0,0,0,0,0,0,0,0,0,0,0,0,0,0,0,0,0,0,0,0,0,0,0,0,0,0,0,0,0,0,0,0,0,0,0,0,0,0,0,0,0,0,0,0,0,0,0,0,0,0,0,0,0
0,0,0,0,0,0,0,0,0,0,0,0,0,0,0,0,0,0,0,0,0,0,0,0,0,0,0,0,0,0,0,0,0,0,0,0,0,0,0,0,0,0,0,0,0,0,0,0,0,0,0,0,0,0,0,0,0,0,0,0,0,0,0,0,0,0,0,0,0,0,0,0,0,0,0,0,0,0,0,0,0,0,0,0,0,0,0,0,0,0,0,0,0,0,0,0,0,0,0,0,0,0,0,0,0,0,0,0,0,0,0,0,0,0,0,0,0,0,0,0,0,0,0,0,0,0,0,0,0,0,0,0,0,0,0,0,0,0,0,0,0,0,0,0,0,0,0,0,0,0,0,0,0,0,0,0,0,0,0,0,0,0,0,0,0,0,0,0,0,0,0,0,0,0,0,0,0,0,0,0,0,0,0,0,0,0,0,0,0,0,0,0,0,0,0,0,0,0
0,0,0,0,0,0,0,0,0,0,0,0,0,0,0,0,0,0,0,0,0,0,0,0,0,0,0,0,0,0,0,0,0,0,0,0,0,0,0,0,0,0,0,0,0,0,0,0,0,0,0,0,0,0,0,0,0,0,0,0,0,0,0,0,0,0,0,0,0,0,0,0,0,0,0,0,0,0,0,0,0,0,0,0,0,0,0,0,0,0,0,0,0,0,0,0,0,0,0,0,0,0,0,0,0,0,0,0,0,0,0,0,0,0,0,0,0,0,0,0,0,0,0,0,0,0,0,0,0,0,0,0,0,0,0,0,0,0,0,0,0,0,0,0,0,0,0,0,0,0,0,0,0,0,0,0,0,0,0,0,0,0,0,0,0,0,0,0,0,0,0,0,0,0,0,0,0,0,0,0,0,0,0,0,0,0,0,0,0,0,0,0,0,0,0,0,0,0
0,0,0,0,0,0,0,0,0,0,0,0,0,0,0,0,0,0,0,0,0,0,0,0,0,0,0,0,0,0,0,0,0,0,0,0,0,0,0,0,0,0,0,0,0,0,0,0,0,0,0,0,0,0,0,0,0,0,0,0,0,0,0,0,0,0,0,0,0,0,0,0,0,0,0,0,0,0,0,0,0,0,0,0,0,0,0,0,0,0,0,0,0,0,0,0,0,0,0,0,0,0,0,0,0,0,0,0,0,0,0,0,0,0,0,0,0,0,0,0,0,0,0,0,0,0,0,0,0,0,0,0,0,0,0,0,0,0,0,0,0,0,0,0,0,0,0,0,0,0,0,0,0,0,0,0,0,0,0,0,0,0,0,0,0,0,0,0,0,0,0,0,0,0,0,0,0,0,0,0,0,0,0,0,0,0,0,0,0,0,0,0,0,0,0,0,0,0
0,0,0,0,0,0,0,0,0,0,0,0,0,0,0,0,0,0,0,0,0,0,0,0,0,0,0,0,0,0,0,0,0,0,0,0,0,0,0,0,0,0,0,0,0,0,0,0,0,0,0,0,0,0,0,0,0,0,0,0,0,0,0,0,0,0,0,0,0,0,0,0,0,0,0,0,0,0,0,0,0,0,0,0,0,0,0,0,0,0,0,0,0,0,0,0,0,0,0,0,0,0,0,0,0,0,0,0,0,0,0,0,0,0,0,0,0,0,0,0,0,0,0,0,0,0,0,0,0,0,0,0,0,0,0,0,0,0,0,0,0,0,0,0,0,0,0,0,0,0,0,0,0,0,0,0,0,0,0,0,0,0,0,0,0,0,0,0,0,0,0,0,0,0,0,0,0,0,0,0,0,0,0,0,0,0,0,0,0,0,0,0,0,0,0,0,0,0
0,0,0,0,0,0,0,0,0,0,0,0,0,0,0,0,0,0,0,0,0,0,0,0,0,0,0,0,0,0,0,0,0,0,0,0,0,0,0,0,0,0,0,0,0,0,0,0,0,0,0,0,0,0,0,0,0,0,0,0,0,0,0,0,0,0,0,0,0,0,0,0,0,0,0,0,0,0,0,0,0,0,0,0,0,0,0,0,0,0,0,0,0,0,0,0,0,0,0,0,0,0,0,0,0,0,0,0,0,0,0,0,0,0,0,0,0,0,0,0,0,0,0,0,0,0,0,0,0,0,0,0,0,0,0,0,0,0,0,0,0,0,0,0,0,0,0,0,0,0,0,0,0,0,0,0,0,0,0,0,0,0,0,0,0,0,0,0,0,0,0,0,0,0,0,0,0,0,0,0,0,0,0,0,0,0,0,0,0,0,0,0,0,0,0,0,0,0
0,0,0,0,0,0,0,0,0,0,0,0,0,0,0,0,0,0,0,0,0,0,0,0,0,0,0,0,0,0,0,0,0,0,0,0,0,0,0,0,0,0,0,0,0,0,0,0,0,0,0,0,0,0,0,0,0,0,0,0,0,0,0,0,0,0,0,0,0,0,0,0,0,0,0,0,0,0,0,0,0,0,0,0,0,0,0,0,0,0,0,0,0,0,0,0,0,0,0,0,0,0,0,0,0,0,0,0,0,0,0,0,0,0,0,0,0,0,0,0,0,0,0,0,0,0,0,0,0,0,0,0,0,0,0,0,0,0,0,0,0,0,0,0,0,0,0,0,0,0,0,0,0,0,0,0,0,0,0,0,0,0,0,0,0,0,0,0,0,0,0,0,0,0,0,0,0,0,0,0,0,0,0,0,0,0,0,0,0,0,0,0,0,0,0,0,0,0
0,0,0,0,0,0,0,0,0,0,0,0,0,0,0,0,0,0,0,0,0,0,0,0,0,0,0,0,0,0,0,0,0,0,0,0,0,0,0,0,0,0,0,0,0,0,0,0,0,0,0,0,0,0,0,0,0,0,0,0,0,0,0,0,0,0,0,0,0,0,0,0,0,0,0,0,0,0,0,0,0,0,0,0,0,0,0,0,0,0,0,0,0,0,0,0,0,0,0,0,0,0,0,0,0,0,0,0,0,0,0,0,0,0,0,0,0,0,0,0,0,0,0,0,0,0,0,0,0,0,0,0,0,0,0,0,0,0,0,0,0,0,0,0,0,0,0,0,0,0,0,0,0,0,0,0,0,0,0,0,0,0,0,0,0,0,0,0,0,0,0,0,0,0,0,0,0,0,0,0,0,0,0,0,0,0,0,0,0,0,0,0,0,0,0,0,0,0
0,0,0,0,0,0,0,0,0,0,0,0,0,0,0,0,0,0,0,0,0,0,0,0,0,0,0,0,0,0,0,0,0,0,0,0,0,0,0,0,0,0,0,0,0,0,0,0,0,0,0,0,0,0,0,0,0,0,0,0,0,0,0,0,0,0,0,0,0,0,0,0,0,0,0,0,0,0,0,0,0,0,0,0,0,0,0,0,0,0,0,0,0,0,0,0,0,0,0,0,0,0,0,0,0,0,0,0,0,0,0,0,0,0,0,0,0,0,0,0,0,0,0,0,0,0,0,0,0,0,0,0,0,0,0,0,0,0,0,0,0,0,0,0,0,0,0,0,0,0,0,0,0,0,0,0,0,0,0,0,0,0,0,0,0,0,0,0,0,0,0,0,0,0,0,0,0,0,0,0,0,0,0,0,0,0,0,0,0,0,0,0,0,0,0,0,0,0
0,0,0,0,0,0,0,0,0,0,0,0,0,0,0,0,0,0,0,0,0,0,0,0,0,0,0,0,0,0,0,0,0,0,0,0,0,0,0,0,0,0,0,0,0,0,0,0,0,0,0,0,0,0,0,0,0,0,0,0,0,0,0,0,0,0,0,0,0,0,0,0,0,0,0,0,0,0,0,0,0,0,0,0,0,0,0,0,0,0,0,0,0,0,0,0,0,0,0,0,0,0,0,0,0,0,0,0,0,0,0,0,0,0,0,0,0,0,0,0,0,0,0,0,0,0,0,0,0,0,0,0,0,0,0,0,0,0,0,0,0,0,0,0,0,0,0,0,0,0,0,0,0,0,0,0,0,0,0,0,0,0,0,0,0,0,0,0,0,0,0,0,0,0,0,0,0,0,0,0,0,0,0,0,0,0,0,0,0,0,0,0,0,0,0,0,0,0
0,0,0,0,0,0,0,0,0,0,0,0,0,0,0,0,0,0,0,0,0,0,0,0,0,0,0,0,0,0,0,0,0,0,0,0,0,0,0,0,0,0,0,0,0,0,0,0,0,0,0,0,0,0,0,0,0,0,0,0,0,0,0,0,0,0,0,0,0,0,0,0,0,0,0,0,0,0,0,0,0,0,0,0,0,0,0,0,0,0,0,0,0,0,0,0,0,0,0,0,0,0,0,0,0,0,0,0,0,0,0,0,0,0,0,0,0,0,0,0,0,0,0,0,0,0,0,0,0,0,0,0,0,0,0,0,0,0,0,0,0,0,0,0,0,0,0,0,0,0,0,0,0,0,0,0,0,0,0,0,0,0,0,0,0,0,0,0,0,0,0,0,0,0,0,0,0,0,0,0,0,0,0,0,0,0,0,0,0,0,0,0,0,0,0,0,0,0
0,0,0,0,0,0,0,0,0,0,0,0,0,0,0,0,0,0,0,0,0,0,0,0,0,0,0,0,0,0,0,0,0,0,0,0,0,0,0,0,0,0,0,0,0,0,0,0,0,0,0,0,0,0,0,0,0,0,0,0,0,0,0,0,0,0,0,0,0,0,0,0,0,0,0,0,0,0,0,0,0,0,0,0,0,0,0,0,0,0,0,0,0,0,0,0,0,0,0,0,0,0,0,0,0,0,0,0,0,0,0,0,0,0,0,0,0,0,0,0,0,0,0,0,0,0,0,0,0,0,0,0,0,0,0,0,0,0,0,0,0,0,0,0,0,0,0,0,0,0,0,0,0,0,0,0,0,0,0,0,0,0,0,0,0,0,0,0,0,0,0,0,0,0,0,0,0,0,0,0,0,0,0,0,0,0,0,0,0,0,0,0,0,0,0,0,0,0
0,0,0,0,0,0,0,0,0,0,0,0,0,0,0,0,0,0,0,0,0,0,0,0,0,0,0,0,0,0,0,0,0,0,0,0,0,0,0,0,0,0,0,0,0,0,0,0,0,0,0,0,0,0,0,0,0,0,0,0,0,0,0,0,0,0,0,0,0,0,0,0,0,0,0,0,0,0,0,0,0,0,0,0,0,0,0,0,0,0,0,0,0,0,0,0,0,0,0,0,0,0,0,0,0,0,0,0,0,0,0,0,0,0,0,0,0,0,0,0,0,0,0,0,0,0,0,0,0,0,0,0,0,0,0,0,0,0,0,0,0,0,0,0,0,0,0,0,0,0,0,0,0,0,0,0,0,0,0,0,0,0,0,0,0,0,0,0,0,0,0,0,0,0,0,0,0,0,0,0,0,0,0,0,0,0,0,0,0,0,0,0,0,0,0,0,0,0
0,0,0,0,0,0,0,0,0,0,0,0,0,0,0,0,0,0,0,0,0,0,0,0,0,0,0,0,0,0,0,0,0,0,0,0,0,0,0,0,0,0,0,0,0,0,0,0,0,0,0,0,0,0,0,0,0,0,0,0,0,0,0,0,0,0,0,0,0,0,0,0,0,0,0,0,0,0,0,0,0,0,0,0,0,0,0,0,0,0,0,0,0,0,0,0,0,0,0,0,0,0,0,0,0,0,0,0,0,0,0,0,0,0,0,0,0,0,0,0,0,0,0,0,0,0,0,0,0,0,0,0,0,0,0,0,0,0,0,0,0,0,0,0,0,0,0,0,0,0,0,0,0,0,0,0,0,0,0,0,0,0,0,0,0,0,0,0,0,0,0,0,0,0,0,0,0,0,0,0,0,0,0,0,0,0,0,0,0,0,0,0,0,0,0,0,0,0
0,0,0,0,0,0,0,0,0,0,0,0,0,0,0,0,0,0,0,0,0,0,0,0,0,0,0,0,0,0,0,0,0,0,0,0,0,0,0,0,0,0,0,0,0,0,0,0,0,0,0,0,0,0,0,0,0,0,0,0,0,0,0,0,0,0,0,0,0,0,0,0,0,0,0,0,0,0,0,0,0,0,0,0,0,0,0,0,0,0,0,0,0,0,0,0,0,0,0,0,0,0,0,0,0,0,0,0,0,0,0,0,0,0,0,0,0,0,0,0,0,0,0,0,0,0,0,0,0,0,0,0,0,0,0,0,0,0,0,0,0,0,0,0,0,0,0,0,0,0,0,0,0,0,0,0,0,0,0,0,0,0,0,0,0,0,0,0,0,0,0,0,0,0,0,0,0,0,0,0,0,0,0,0,0,0,0,0,0,0,0,0,0,0,0,0,0,0
0,0,0,0,0,0,0,0,0,0,0,0,0,0,0,0,0,0,0,0,0,0,0,0,0,0,0,0,0,0,0,0,0,0,0,0,0,0,0,0,0,0,0,0,0,0,0,0,0,0,0,0,0,0,0,0,0,0,0,0,0,0,0,0,0,0,0,0,0,0,0,0,0,0,0,0,0,0,0,0,0,0,0,0,0,0,0,0,0,0,0,0,0,0,0,0,0,0,0,0,0,0,0,0,0,0,0,0,0,0,0,0,0,0,0,0,0,0,0,0,0,0,0,0,0,0,0,0,0,0,0,0,0,0,0,0,0,0,0,0,0,0,0,0,0,0,0,0,0,0,0,0,0,0,0,0,0,0,0,0,0,0,0,0,0,0,0,0,0,0,0,0,0,0,0,0,0,0,0,0,0,0,0,0,0,0,0,0,0,0,0,0,0,0,0,0,0,0
0,0,0,0,0,0,0,0,0,0,0,0,0,0,0,0,0,0,0,0,0,0,0,0,0,0,0,0,0,0,0,0,0,0,0,0,0,0,0,0,0,0,0,0,0,0,0,0,0,0,0,0,0,0,0,0,0,0,0,0,0,0,0,0,0,0,0,0,0,0,0,0,0,0,0,0,0,0,0,0,0,0,0,0,0,0,0,0,0,0,0,0,0,0,0,0,0,0,0,0,0,0,0,0,0,0,0,0,0,0,0,0,0,0,0,0,0,0,0,0,0,0,0,0,0,0,0,0,0,0,0,0,0,0,0,0,0,0,0,0,0,0,0,0,0,0,0,0,0,0,0,0,0,0,0,0,0,0,0,0,0,0,0,0,0,0,0,0,0,0,0,0,0,0,0,0,0,0,0,0,0,0,0,0,0,0,0,0,0,0,0,0,0,0,0,0,0,0
0,0,0,0,0,0,0,0,0,0,0,0,0,0,0,0,0,0,0,0,0,0,0,0,0,0,0,0,0,0,0,0,0,0,0,0,0,0,0,0,0,0,0,0,0,0,0,0,0,0,0,0,0,0,0,0,0,0,0,0,0,0,0,0,0,0,0,0,0,0,0,0,0,0,0,0,0,0,0,0,0,0,0,0,0,0,0,0,0,0,0,0,0,0,0,0,0,0,0,0,0,0,0,0,0,0,0,0,0,0,0,0,0,0,0,0,0,0,0,0,0,0,0,0,0,0,0,0,0,0,0,0,0,0,0,0,0,0,0,0,0,0,0,0,0,0,0,0,0,0,0,0,0,0,0,0,0,0,0,0,0,0,0,0,0,0,0,0,0,0,0,0,0,0,0,0,0,0,0,0,0,0,0,0,0,0,0,0,0,0,0,0,0,0,0,0,0,0
0,0,0,0,0,0,0,0,0,0,0,0,0,0,0,0,0,0,0,0,0,0,0,0,0,0,0,0,0,0,0,0,0,0,0,0,0,0,0,0,0,0,0,0,0,0,0,0,0,0,0,0,0,0,0,0,0,0,0,0,0,0,0,0,0,0,0,0,0,0,0,0,0,0,0,0,0,0,0,0,0,0,0,0,0,0,0,0,0,0,0,0,0,0,0,0,0,0,0,0,0,0,0,0,0,0,0,0,0,0,0,0,0,0,0,0,0,0,0,0,0,0,0,0,0,0,0,0,0,0,0,0,0,0,0,0,0,0,0,0,0,0,0,0,0,0,0,0,0,0,0,0,0,0,0,0,0,0,0,0,0,0,0,0,0,0,0,0,0,0,0,0,0,0,0,0,0,0,0,0,0,0,0,0,0,0,0,0,0,0,0,0,0,0,0,0,0,0
0,0,0,0,0,0,0,0,0,0,0,0,0,0,0,0,0,0,0,0,0,0,0,0,0,0,0,0,0,0,0,0,0,0,0,0,0,0,0,0,0,0,0,0,0,0,0,0,0,0,0,0,0,0,0,0,0,0,0,0,0,0,0,0,0,0,0,0,0,0,0,0,0,0,0,0,0,0,0,0,0,0,0,0,0,0,0,0,0,0,0,0,0,0,0,0,0,0,0,0,0,0,0,0,0,0,0,0,0,0,0,0,0,0,0,0,0,0,0,0,0,0,0,0,0,0,0,0,0,0,0,0,0,0,0,0,0,0,0,0,0,0,0,0,0,0,0,0,0,0,0,0,0,0,0,0,0,0,0,0,0,0,0,0,0,0,0,0,0,0,0,0,0,0,0,0,0,0,0,0,0,0,0,0,0,0,0,0,0,0,0,0,0,0,0,0,0,0
0,0,0,0,0,0,0,0,0,0,0,0,0,0,0,0,0,0,0,0,0,0,0,0,0,0,0,0,0,0,0,0,0,0,0,0,0,0,0,0,0,0,0,0,0,0,0,0,0,0,0,0,0,0,0,0,0,0,0,0,0,0,0,0,0,0,0,0,0,0,0,0,0,0,0,0,0,0,0,0,0,0,0,0,0,0,0,0,0,0,0,0,0,0,0,0,0,0,0,0,0,0,0,0,0,0,0,0,0,0,0,0,0,0,0,0,0,0,0,0,0,0,0,0,0,0,0,0,0,0,0,0,0,0,0,0,0,0,0,0,0,0,0,0,0,0,0,0,0,0,0,0,0,0,0,0,0,0,0,0,0,0,0,0,0,0,0,0,0,0,0,0,0,0,0,0,0,0,0,0,0,0,0,0,0,0,0,0,0,0,0,0,0,0,0,0,0,0
0,0,0,0,0,0,0,0,0,0,0,0,0,0,0,0,0,0,0,0,0,0,0,0,0,0,0,0,0,0,0,0,0,0,0,0,0,0,0,0,0,0,0,0,0,0,0,0,0,0,0,0,0,0,0,0,0,0,0,0,0,0,0,0,0,0,0,0,0,0,0,0,0,0,0,0,0,0,0,0,0,0,0,0,0,0,0,0,0,0,0,0,0,0,0,0,0,0,0,0,0,0,0,0,0,0,0,0,0,0,0,0,0,0,0,0,0,0,0,0,0,0,0,0,0,0,0,0,0,0,0,0,0,0,0,0,0,0,0,0,0,0,0,0,0,0,0,0,0,0,0,0,0,0,0,0,0,0,0,0,0,0,0,0,0,0,0,0,0,0,0,0,0,0,0,0,0,0,0,0,0,0,0,0,0,0,0,0,0,0,0,0,0,0,0,0,0,0
0,0,0,0,0,0,0,0,0,0,0,0,0,0,0,0,0,0,0,0,0,0,0,0,0,0,0,0,0,0,0,0,0,0,0,0,0,0,0,0,0,0,0,0,0,0,0,0,0,0,0,0,0,0,0,0,0,0,0,0,0,0,0,0,0,0,0,0,0,0,0,0,0,0,0,0,0,0,0,0,0,0,0,0,0,0,0,0,0,0,0,0,0,0,0,0,0,0,0,0,0,0,0,0,0,0,0,0,0,0,0,0,0,0,0,0,0,0,0,0,0,0,0,0,0,0,0,0,0,0,0,0,0,0,0,0,0,0,0,0,0,0,0,0,0,0,0,0,0,0,0,0,0,0,0,0,0,0,0,0,0,0,0,0,0,0,0,0,0,0,0,0,0,0,0,0,0,0,0,0,0,0,0,0,0,0,0,0,0,0,0,0,0,0,0,0,0,0
0,0,0,0,0,0,0,0,0,0,0,0,0,0,0,0,0,0,0,0,0,0,0,0,0,0,0,0,0,0,0,0,0,0,0,0,0,0,0,0,0,0,0,0,0,0,0,0,0,0,0,0,0,0,0,0,0,0,0,0,0,0,0,0,0,0,0,0,0,0,0,0,0,0,0,0,0,0,0,0,0,0,0,0,0,0,0,0,0,0,0,0,0,0,0,0,0,0,0,0,0,0,0,0,0,0,0,0,0,0,0,0,0,0,0,0,0,0,0,0,0,0,0,0,0,0,0,0,0,0,0,0,0,0,0,0,0,0,0,0,0,0,0,0,0,0,0,0,0,0,0,0,0,0,0,0,0,0,0,0,0,0,0,0,0,0,0,0,0,0,0,0,0,0,0,0,0,0,0,0,0,0,0,0,0,0,0,0,0,0,0,0,0,0,0,0,0,0
0,0,0,0,0,0,0,0,0,0,0,0,0,0,0,0,0,0,0,0,0,0,0,0,0,0,0,0,0,0,0,0,0,0,0,0,0,0,0,0,0,0,0,0,0,0,0,0,0,0,0,0,0,0,0,0,0,0,0,0,0,0,0,0,0,0,0,0,0,0,0,0,0,0,0,0,0,0,0,0,0,0,0,0,0,0,0,0,0,0,0,0,0,0,0,0,0,0,0,0,0,0,0,0,0,0,0,0,0,0,0,0,0,0,0,0,0,0,0,0,0,0,0,0,0,0,0,0,0,0,0,0,0,0,0,0,0,0,0,0,0,0,0,0,0,0,0,0,0,0,0,0,0,0,0,0,0,0,0,0,0,0,0,0,0,0,0,0,0,0,0,0,0,0,0,0,0,0,0,0,0,0,0,0,0,0,0,0,0,0,0,0,0,0,0,0,0,0
0,0,0,0,0,0,0,0,0,0,0,0,0,0,0,0,0,0,0,0,0,0,0,0,0,0,0,0,0,0,0,0,0,0,0,0,0,0,0,0,0,0,0,0,0,0,0,0,0,0,0,0,0,0,0,0,0,0,0,0,0,0,0,0,0,0,0,0,0,0,0,0,0,0,0,0,0,0,0,0,0,0,0,0,0,0,0,0,0,0,0,0,0,0,0,0,0,0,0,0,0,0,0,0,0,0,0,0,0,0,0,0,0,0,0,0,0,0,0,0,0,0,0,0,0,0,0,0,0,0,0,0,0,0,0,0,0,0,0,0,0,0,0,0,0,0,0,0,0,0,0,0,0,0,0,0,0,0,0,0,0,0,0,0,0,0,0,0,0,0,0,0,0,0,0,0,0,0,0,0,0,0,0,0,0,0,0,0,0,0,0,0,0,0,0,0,0,0
0,0,0,0,0,0,0,0,0,0,0,0,0,0,0,0,0,0,0,0,0,0,0,0,0,0,0,0,0,0,0,0,0,0,0,0,0,0,0,0,0,0,0,0,0,0,0,0,0,0,0,0,0,0,0,0,0,0,0,0,0,0,0,0,0,0,0,0,0,0,0,0,0,0,0,0,0,0,0,0,0,0,0,0,0,0,0,0,0,0,0,0,0,0,0,0,0,0,0,0,0,0,0,0,0,0,0,0,0,0,0,0,0,0,0,0,0,0,0,0,0,0,0,0,0,0,0,0,0,0,0,0,0,0,0,0,0,0,0,0,0,0,0,0,0,0,0,0,0,0,0,0,0,0,0,0,0,0,0,0,0,0,0,0,0,0,0,0,0,0,0,0,0,0,0,0,0,0,0,0,0,0,0,0,0,0,0,0,0,0,0,0,0,0,0,0,0,0
0,0,0,0,0,0,0,0,0,0,0,0,0,0,0,0,0,0,0,0,0,0,0,0,0,0,0,0,0,0,0,0,0,0,0,0,0,0,0,0,0,0,0,0,0,0,0,0,0,0,0,0,0,0,0,0,0,0,0,0,0,0,0,0,0,0,0,0,0,0,0,0,0,0,0,0,0,0,0,0,0,0,0,0,0,0,0,0,0,0,0,0,0,0,0,0,0,0,0,0,0,0,0,0,0,0,0,0,0,0,0,0,0,0,0,0,0,0,0,0,0,0,0,0,0,0,0,0,0,0,0,0,0,0,0,0,0,0,0,0,0,0,0,0,0,0,0,0,0,0,0,0,0,0,0,0,0,0,0,0,0,0,0,0,0,0,0,0,0,0,0,0,0,0,0,0,0,0,0,0,0,0,0,0,0,0,0,0,0,0,0,0,0,0,0,0,0,0
0,0,0,0,0,0,0,0,0,0,0,0,0,0,0,0,0,0,0,0,0,0,0,0,0,0,0,0,0,0,0,0,0,0,0,0,0,0,0,0,0,0,0,0,0,0,0,0,0,0,0,0,0,0,0,0,0,0,0,0,0,0,0,0,0,0,0,0,0,0,0,0,0,0,0,0,0,0,0,0,0,0,0,0,0,0,0,0,0,0,0,0,0,0,0,0,0,0,0,0,0,0,0,0,0,0,0,0,0,0,0,0,0,0,0,0,0,0,0,0,0,0,0,0,0,0,0,0,0,0,0,0,0,0,0,0,0,0,0,0,0,0,0,0,0,0,0,0,0,0,0,0,0,0,0,0,0,0,0,0,0,0,0,0,0,0,0,0,0,0,0,0,0,0,0,0,0,0,0,0,0,0,0,0,0,0,0,0,0,0,0,0,0,0,0,0,0,0
0,0,0,0,0,0,0,0,0,0,0,0,0,0,0,0,0,0,0,0,0,0,0,0,0,0,0,0,0,0,0,0,0,0,0,0,0,0,0,0,0,0,0,0,0,0,0,0,0,0,0,0,0,0,0,0,0,0,0,0,0,0,0,0,0,0,0,0,0,0,0,0,0,0,0,0,0,0,0,0,0,0,0,0,0,0,0,0,0,0,0,0,0,0,0,0,0,0,0,0,0,0,0,0,0,0,0,0,0,0,0,0,0,0,0,0,0,0,0,0,0,0,0,0,0,0,0,0,0,0,0,0,0,0,0,0,0,0,0,0,0,0,0,0,0,0,0,0,0,0,0,0,0,0,0,0,0,0,0,0,0,0,0,0,0,0,0,0,0,0,0,0,0,0,0,0,0,0,0,0,0,0,0,0,0,0,0,0,0,0,0,0,0,0,0,0,0,0
0,0,0,0,0,0,0,0,0,0,0,0,0,0,0,0,0,0,0,0,0,0,0,0,0,0,0,0,0,0,0,0,0,0,0,0,0,0,0,0,0,0,0,0,0,0,0,0,0,0,0,0,0,0,0,0,0,0,0,0,0,0,0,0,0,0,0,0,0,0,0,0,0,0,0,0,0,0,0,0,0,0,0,0,0,0,0,0,0,0,0,0,0,0,0,0,0,0,0,0,0,0,0,0,0,0,0,0,0,0,0,0,0,0,0,0,0,0,0,0,0,0,0,0,0,0,0,0,0,0,0,0,0,0,0,0,0,0,0,0,0,0,0,0,0,0,0,0,0,0,0,0,0,0,0,0,0,0,0,0,0,0,0,0,0,0,0,0,0,0,0,0,0,0,0,0,0,0,0,0,0,0,0,0,0,0,0,0,0,0,0,0,0,0,0,0,0,0
0,0,0,0,0,0,0,0,0,0,0,0,0,0,0,0,0,0,0,0,0,0,0,0,0,0,0,0,0,0,0,0,0,0,0,0,0,0,0,0,0,0,0,0,0,0,0,0,0,0,0,0,0,0,0,0,0,0,0,0,0,0,0,0,0,0,0,0,0,0,0,0,0,0,0,0,0,0,0,0,0,0,0,0,0,0,0,0,0,0,0,0,0,0,0,0,0,0,0,0,0,0,0,0,0,0,0,0,0,0,0,0,0,0,0,0,0,0,0,0,0,0,0,0,0,0,0,0,0,0,0,0,0,0,0,0,0,0,0,0,0,0,0,0,0,0,0,0,0,0,0,0,0,0,0,0,0,0,0,0,0,0,0,0,0,0,0,0,0,0,0,0,0,0,0,0,0,0,0,0,0,0,0,0,0,0,0,0,0,0,0,0,0,0,0,0,0,0
0,0,0,0,0,0,0,0,0,0,0,0,0,0,0,0,0,0,0,0,0,0,0,0,0,0,0,0,0,0,0,0,0,0,0,0,0,0,0,0,0,0,0,0,0,0,0,0,0,0,0,0,0,0,0,0,0,0,0,0,0,0,0,0,0,0,0,0,0,0,0,0,0,0,0,0,0,0,0,0,0,0,0,0,0,0,0,0,0,0,0,0,0,0,0,0,0,0,0,0,0,0,0,0,0,0,0,0,0,0,0,0,0,0,0,0,0,0,0,0,0,0,0,0,0,0,0,0,0,0,0,0,0,0,0,0,0,0,0,0,0,0,0,0,0,0,0,0,0,0,0,0,0,0,0,0,0,0,0,0,0,0,0,0,0,0,0,0,0,0,0,0,0,0,0,0,0,0,0,0,0,0,0,0,0,0,0,0,0,0,0,0,0,0,0,0,0,0
0,0,0,0,0,0,0,0,0,0,0,0,0,0,0,0,0,0,0,0,0,0,0,0,0,0,0,0,0,0,0,0,0,0,0,0,0,0,0,0,0,0,0,0,0,0,0,0,0,0,0,0,0,0,0,0,0,0,0,0,0,0,0,0,0,0,0,0,0,0,0,0,0,0,0,0,0,0,0,0,0,0,0,0,0,0,0,0,0,0,0,0,0,0,0,0,0,0,0,0,0,0,0,0,0,0,0,0,0,0,0,0,0,0,0,0,0,0,0,0,0,0,0,0,0,0,0,0,0,0,0,0,0,0,0,0,0,0,0,0,0,0,0,0,0,0,0,0,0,0,0,0,0,0,0,0,0,0,0,0,0,0,0,0,0,0,0,0,0,0,0,0,0,0,0,0,0,0,0,0,0,0,0,0,0,0,0,0,0,0,0,0,0,0,0,0,0,0
0,0,0,0,0,0,0,0,0,0,0,0,0,0,0,0,0,0,0,0,0,0,0,0,0,0,0,0,0,0,0,0,0,0,0,0,0,0,0,0,0,0,0,0,0,0,0,0,0,0,0,0,0,0,0,0,0,0,0,0,0,0,0,0,0,0,0,0,0,0,0,0,0,0,0,0,0,0,0,0,0,0,0,0,0,0,0,0,0,0,0,0,0,0,0,0,0,0,0,0,0,0,0,0,0,0,0,0,0,0,0,0,0,0,0,0,0,0,0,0,0,0,0,0,0,0,0,0,0,0,0,0,0,0,0,0,0,0,0,0,0,0,0,0,0,0,0,0,0,0,0,0,0,0,0,0,0,0,0,0,0,0,0,0,0,0,0,0,0,0,0,0,0,0,0,0,0,0,0,0,0,0,0,0,0,0,0,0,0,0,0,0,0,0,0,0,0,0
0,0,0,0,0,0,0,0,0,0,0,0,0,0,0,0,0,0,0,0,0,0,0,0,0,0,0,0,0,0,0,0,0,0,0,0,0,0,0,0,0,0,0,0,0,0,0,0,0,0,0,0,0,0,0,0,0,0,0,0,0,0,0,0,0,0,0,0,0,0,0,0,0,0,0,0,0,0,0,0,0,0,0,0,0,0,0,0,0,0,0,0,0,0,0,0,0,0,0,0,0,0,0,0,0,0,0,0,0,0,0,0,0,0,0,0,0,0,0,0,0,0,0,0,0,0,0,0,0,0,0,0,0,0,0,0,0,0,0,0,0,0,0,0,0,0,0,0,0,0,0,0,0,0,0,0,0,0,0,0,0,0,0,0,0,0,0,0,0,0,0,0,0,0,0,0,0,0,0,0,0,0,0,0,0,0,0,0,0,0,0,0,0,0,0,0,0,0
0,0,0,0,0,0,0,0,0,0,0,0,0,0,0,0,0,0,0,0,0,0,0,0,0,0,0,0,0,0,0,0,0,0,0,0,0,0,0,0,0,0,0,0,0,0,0,0,0,0,0,0,0,0,0,0,0,0,0,0,0,0,0,0,0,0,0,0,0,0,0,0,0,0,0,0,0,0,0,0,0,0,0,0,0,0,0,0,0,0,0,0,0,0,0,0,0,0,0,0,0,0,0,0,0,0,0,0,0,0,0,0,0,0,0,0,0,0,0,0,0,0,0,0,0,0,0,0,0,0,0,0,0,0,0,0,0,0,0,0,0,0,0,0,0,0,0,0,0,0,0,0,0,0,0,0,0,0,0,0,0,0,0,0,0,0,0,0,0,0,0,0,0,0,0,0,0,0,0,0,0,0,0,0,0,0,0,0,0,0,0,0,0,0,0,0,0,0
0,0,0,0,0,0,0,0,0,0,0,0,0,0,0,0,0,0,0,0,0,0,0,0,0,0,0,0,0,0,0,0,0,0,0,0,0,0,0,0,0,0,0,0,0,0,0,0,0,0,0,0,0,0,0,0,0,0,0,0,0,0,0,0,0,0,0,0,0,0,0,0,0,0,0,0,0,0,0,0,0,0,0,0,0,0,0,0,0,0,0,0,0,0,0,0,0,0,0,0,0,0,0,0,0,0,0,0,0,0,0,0,0,0,0,0,0,0,0,0,0,0,0,0,0,0,0,0,0,0,0,0,0,0,0,0,0,0,0,0,0,0,0,0,0,0,0,0,0,0,0,0,0,0,0,0,0,0,0,0,0,0,0,0,0,0,0,0,0,0,0,0,0,0,0,0,0,0,0,0,0,0,0,0,0,0,0,0,0,0,0,0,0,0,0,0,0,0
0,0,0,0,0,0,0,0,0,0,0,0,0,0,0,0,0,0,0,0,0,0,0,0,0,0,0,0,0,0,0,0,0,0,0,0,0,0,0,0,0,0,0,0,0,0,0,0,0,0,0,0,0,0,0,0,0,0,0,0,0,0,0,0,0,0,0,0,0,0,0,0,0,0,0,0,0,0,0,0,0,0,0,0,0,0,0,0,0,0,0,0,0,0,0,0,0,0,0,0,0,0,0,0,0,0,0,0,0,0,0,0,0,0,0,0,0,0,0,0,0,0,0,0,0,0,0,0,0,0,0,0,0,0,0,0,0,0,0,0,0,0,0,0,0,0,0,0,0,0,0,0,0,0,0,0,0,0,0,0,0,0,0,0,0,0,0,0,0,0,0,0,0,0,0,0,0,0,0,0,0,0,0,0,0,0,0,0,0,0,0,0,0,0,0,0,0,0
0,0,0,0,0,0,0,0,0,0,0,0,0,0,0,0,0,0,0,0,0,0,0,0,0,0,0,0,0,0,0,0,0,0,0,0,0,0,0,0,0,0,0,0,0,0,0,0,0,0,0,0,0,0,0,0,0,0,0,0,0,0,0,0,0,0,0,0,0,0,0,0,0,0,0,0,0,0,0,0,0,0,0,0,0,0,0,0,0,0,0,0,0,0,0,0,0,0,0,0,0,0,0,0,0,0,0,0,0,0,0,0,0,0,0,0,0,0,0,0,0,0,0,0,0,0,0,0,0,0,0,0,0,0,0,0,0,0,0,0,0,0,0,0,0,0,0,0,0,0,0,0,0,0,0,0,0,0,0,0,0,0,0,0,0,0,0,0,0,0,0,0,0,0,0,0,0,0,0,0,0,0,0,0,0,0,0,0,0,0,0,0,0,0,0,0,0,0
0,0,0,0,0,0,0,0,0,0,0,0,0,0,0,0,0,0,0,0,0,0,0,0,0,0,0,0,0,0,0,0,0,0,0,0,0,0,0,0,0,0,0,0,0,0,0,0,0,0,0,0,0,0,0,0,0,0,0,0,0,0,0,0,0,0,0,0,0,0,0,0,0,0,0,0,0,0,0,0,0,0,0,0,0,0,0,0,0,0,0,0,0,0,0,0,0,0,0,0,0,0,0,0,0,0,0,0,0,0,0,0,0,0,0,0,0,0,0,0,0,0,0,0,0,0,0,0,0,0,0,0,0,0,0,0,0,0,0,0,0,0,0,0,0,0,0,0,0,0,0,0,0,0,0,0,0,0,0,0,0,0,0,0,0,0,0,0,0,0,0,0,0,0,0,0,0,0,0,0,0,0,0,0,0,0,0,0,0,0,0,0,0,0,0,0,0,0
0,0,0,0,0,0,0,0,0,0,0,0,0,0,0,0,0,0,0,0,0,0,0,0,0,0,0,0,0,0,0,0,0,0,0,0,0,0,0,0,0,0,0,0,0,0,0,0,0,0,0,0,0,0,0,0,0,0,0,0,0,0,0,0,0,0,0,0,0,0,0,0,0,0,0,0,0,0,0,0,0,0,0,0,0,0,0,0,0,0,0,0,0,0,0,0,0,0,0,0,0,0,0,0,0,0,0,0,0,0,0,0,0,0,0,0,0,0,0,0,0,0,0,0,0,0,0,0,0,0,0,0,0,0,0,0,0,0,0,0,0,0,0,0,0,0,0,0,0,0,0,0,0,0,0,0,0,0,0,0,0,0,0,0,0,0,0,0,0,0,0,0,0,0,0,0,0,0,0,0,0,0,0,0,0,0,0,0,0,0,0,0,0,0,0,0,0,0
0,0,0,0,0,0,0,0,0,0,0,0,0,0,0,0,0,0,0,0,0,0,0,0,0,0,0,0,0,0,0,0,0,0,0,0,0,0,0,0,0,0,0,0,0,0,0,0,0,0,0,0,0,0,0,0,0,0,0,0,0,0,0,0,0,0,0,0,0,0,0,0,0,0,0,0,0,0,0,0,0,0,0,0,0,0,0,0,0,0,0,0,0,0,0,0,0,0,0,0,0,0,0,0,0,0,0,0,0,0,0,0,0,0,0,0,0,0,0,0,0,0,0,0,0,0,0,0,0,0,0,0,0,0,0,0,0,0,0,0,0,0,0,0,0,0,0,0,0,0,0,0,0,0,0,0,0,0,0,0,0,0,0,0,0,0,0,0,0,0,0,0,0,0,0,0,0,0,0,0,0,0,0,0,0,0,0,0,0,0,0,0,0,0,0,0,0,0
0,0,0,0,0,0,0,0,0,0,0,0,0,0,0,0,0,0,0,0,0,0,0,0,0,0,0,0,0,0,0,0,0,0,0,0,0,0,0,0,0,0,0,0,0,0,0,0,0,0,0,0,0,0,0,0,0,0,0,0,0,0,0,0,0,0,0,0,0,0,0,0,0,0,0,0,0,0,0,0,0,0,0,0,0,0,0,0,0,0,0,0,0,0,0,0,0,0,0,0,0,0,0,0,0,0,0,0,0,0,0,0,0,0,0,0,0,0,0,0,0,0,0,0,0,0,0,0,0,0,0,0,0,0,0,0,0,0,0,0,0,0,0,0,0,0,0,0,0,0,0,0,0,0,0,0,0,0,0,0,0,0,0,0,0,0,0,0,0,0,0,0,0,0,0,0,0,0,0,0,0,0,0,0,0,0,0,0,0,0,0,0,0,0,0,0,0,0
0,0,0,0,0,0,0,0,0,0,0,0,0,0,0,0,0,0,0,0,0,0,0,0,0,0,0,0,0,0,0,0,0,0,0,0,0,0,0,0,0,0,0,0,0,0,0,0,0,0,0,0,0,0,0,0,0,0,0,0,0,0,0,0,0,0,0,0,0,0,0,0,0,0,0,0,0,0,0,0,0,0,0,0,0,0,0,0,0,0,0,0,0,0,0,0,0,0,0,0,0,0,0,0,0,0,0,0,0,0,0,0,0,0,0,0,0,0,0,0,0,0,0,0,0,0,0,0,0,0,0,0,0,0,0,0,0,0,0,0,0,0,0,0,0,0,0,0,0,0,0,0,0,0,0,0,0,0,0,0,0,0,0,0,0,0,0,0,0,0,0,0,0,0,0,0,0,0,0,0,0,0,0,0,0,0,0,0,0,0,0,0,0,0,0,0,0,0
0,0,0,0,0,0,0,0,0,0,0,0,0,0,0,0,0,0,0,0,0,0,0,0,0,0,0,0,0,0,0,0,0,0,0,0,0,0,0,0,0,0,0,0,0,0,0,0,0,0,0,0,0,0,0,0,0,0,0,0,0,0,0,0,0,0,0,0,0,0,0,0,0,0,0,0,0,0,0,0,0,0,0,0,0,0,0,0,0,0,0,0,0,0,0,0,0,0,0,0,0,0,0,0,0,0,0,0,0,0,0,0,0,0,0,0,0,0,0,0,0,0,0,0,0,0,0,0,0,0,0,0,0,0,0,0,0,0,0,0,0,0,0,0,0,0,0,0,0,0,0,0,0,0,0,0,0,0,0,0,0,0,0,0,0,0,0,0,0,0,0,0,0,0,0,0,0,0,0,0,0,0,0,0,0,0,0,0,0,0,0,0,0,0,0,0,0,0
0,0,0,0,0,0,0,0,0,0,0,0,0,0,0,0,0,0,0,0,0,0,0,0,0,0,0,0,0,0,0,0,0,0,0,0,0,0,0,0,0,0,0,0,0,0,0,0,0,0,0,0,0,0,0,0,0,0,0,0,0,0,0,0,0,0,0,0,0,0,0,0,0,0,0,0,0,0,0,0,0,0,0,0,0,0,0,0,0,0,0,0,0,0,0,0,0,0,0,0,0,0,0,0,0,0,0,0,0,0,0,0,0,0,0,0,0,0,0,0,0,0,0,0,0,0,0,0,0,0,0,0,0,0,0,0,0,0,0,0,0,0,0,0,0,0,0,0,0,0,0,0,0,0,0,0,0,0,0,0,0,0,0,0,0,0,0,0,0,0,0,0,0,0,0,0,0,0,0,0,0,0,0,0,0,0,0,0,0,0,0,0,0,0,0,0,0,0
0,0,0,0,0,0,0,0,0,0,0,0,0,0,0,0,0,0,0,0,0,0,0,0,0,0,0,0,0,0,0,0,0,0,0,0,0,0,0,0,0,0,0,0,0,0,0,0,0,0,0,0,0,0,0,0,0,0,0,0,0,0,0,0,0,0,0,0,0,0,0,0,0,0,0,0,0,0,0,0,0,0,0,0,0,0,0,0,0,0,0,0,0,0,0,0,0,0,0,0,0,0,0,0,0,0,0,0,0,0,0,0,0,0,0,0,0,0,0,0,0,0,0,0,0,0,0,0,0,0,0,0,0,0,0,0,0,0,0,0,0,0,0,0,0,0,0,0,0,0,0,0,0,0,0,0,0,0,0,0,0,0,0,0,0,0,0,0,0,0,0,0,0,0,0,0,0,0,0,0,0,0,0,0,0,0,0,0,0,0,0,0,0,0,0,0,0,0
0,0,0,0,0,0,0,0,0,0,0,0,0,0,0,0,0,0,0,0,0,0,0,0,0,0,0,0,0,0,0,0,0,0,0,0,0,0,0,0,0,0,0,0,0,0,0,0,0,0,0,0,0,0,0,0,0,0,0,0,0,0,0,0,0,0,0,0,0,0,0,0,0,0,0,0,0,0,0,0,0,0,0,0,0,0,0,0,0,0,0,0,0,0,0,0,0,0,0,0,0,0,0,0,0,0,0,0,0,0,0,0,0,0,0,0,0,0,0,0,0,0,0,0,0,0,0,0,0,0,0,0,0,0,0,0,0,0,0,0,0,0,0,0,0,0,0,0,0,0,0,0,0,0,0,0,0,0,0,0,0,0,0,0,0,0,0,0,0,0,0,0,0,0,0,0,0,0,0,0,0,0,0,0,0,0,0,0,0,0,0,0,0,0,0,0,0,0
0,0,0,0,0,0,0,0,0,0,0,0,0,0,0,0,0,0,0,0,0,0,0,0,0,0,0,0,0,0,0,0,0,0,0,0,0,0,0,0,0,0,0,0,0,0,0,0,0,0,0,0,0,0,0,0,0,0,0,0,0,0,0,0,0,0,0,0,0,0,0,0,0,0,0,0,0,0,0,0,0,0,0,0,0,0,0,0,0,0,0,0,0,0,0,0,0,0,0,0,0,0,0,0,0,0,0,0,0,0,0,0,0,0,0,0,0,0,0,0,0,0,0,0,0,0,0,0,0,0,0,0,0,0,0,0,0,0,0,0,0,0,0,0,0,0,0,0,0,0,0,0,0,0,0,0,0,0,0,0,0,0,0,0,0,0,0,0,0,0,0,0,0,0,0,0,0,0,0,0,0,0,0,0,0,0,0,0,0,0,0,0,0,0,0,0,0,0
0,0,0,0,0,0,0,0,0,0,0,0,0,0,0,0,0,0,0,0,0,0,0,0,0,0,0,0,0,0,0,0,0,0,0,0,0,0,0,0,0,0,0,0,0,0,0,0,0,0,0,0,0,0,0,0,0,0,0,0,0,0,0,0,0,0,0,0,0,0,0,0,0,0,0,0,0,0,0,0,0,0,0,0,0,0,0,0,0,0,0,0,0,0,0,0,0,0,0,0,0,0,0,0,0,0,0,0,0,0,0,0,0,0,0,0,0,0,0,0,0,0,0,0,0,0,0,0,0,0,0,0,0,0,0,0,0,0,0,0,0,0,0,0,0,0,0,0,0,0,0,0,0,0,0,0,0,0,0,0,0,0,0,0,0,0,0,0,0,0,0,0,0,0,0,0,0,0,0,0,0,0,0,0,0,0,0,0,0,0,0,0,0,0,0,0,0,0
0,0,0,0,0,0,0,0,0,0,0,0,0,0,0,0,0,0,0,0,0,0,0,0,0,0,0,0,0,0,0,0,0,0,0,0,0,0,0,0,0,0,0,0,0,0,0,0,0,0,0,0,0,0,0,0,0,0,0,0,0,0,0,0,0,0,0,0,0,0,0,0,0,0,0,0,0,0,0,0,0,0,0,0,0,0,0,0,0,0,0,0,0,0,0,0,0,0,0,0,0,0,0,0,0,0,0,0,0,0,0,0,0,0,0,0,0,0,0,0,0,0,0,0,0,0,0,0,0,0,0,0,0,0,0,0,0,0,0,0,0,0,0,0,0,0,0,0,0,0,0,0,0,0,0,0,0,0,0,0,0,0,0,0,0,0,0,0,0,0,0,0,0,0,0,0,0,0,0,0,0,0,0,0,0,0,0,0,0,0,0,0,0,0,0,0,0,0
0,0,0,0,0,0,0,0,0,0,0,0,0,0,0,0,0,0,0,0,0,0,0,0,0,0,0,0,0,0,0,0,0,0,0,0,0,0,0,0,0,0,0,0,0,0,0,0,0,0,0,0,0,0,0,0,0,0,0,0,0,0,0,0,0,0,0,0,0,0,0,0,0,0,0,0,0,0,0,0,0,0,0,0,0,0,0,0,0,0,0,0,0,0,0,0,0,0,0,0,0,0,0,0,0,0,0,0,0,0,0,0,0,0,0,0,0,0,0,0,0,0,0,0,0,0,0,0,0,0,0,0,0,0,0,0,0,0,0,0,0,0,0,0,0,0,0,0,0,0,0,0,0,0,0,0,0,0,0,0,0,0,0,0,0,0,0,0,0,0,0,0,0,0,0,0,0,0,0,0,0,0,0,0,0,0,0,0,0,0,0,0,0,0,0,0,0,0
0,0,0,0,0,0,0,0,0,0,0,0,0,0,0,0,0,0,0,0,0,0,0,0,0,0,0,0,0,0,0,0,0,0,0,0,0,0,0,0,0,0,0,0,0,0,0,0,0,0,0,0,0,0,0,0,0,0,0,0,0,0,0,0,0,0,0,0,0,0,0,0,0,0,0,0,0,0,0,0,0,0,0,0,0,0,0,0,0,0,0,0,0,0,0,0,0,0,0,0,0,0,0,0,0,0,0,0,0,0,0,0,0,0,0,0,0,0,0,0,0,0,0,0,0,0,0,0,0,0,0,0,0,0,0,0,0,0,0,0,0,0,0,0,0,0,0,0,0,0,0,0,0,0,0,0,0,0,0,0,0,0,0,0,0,0,0,0,0,0,0,0,0,0,0,0,0,0,0,0,0,0,0,0,0,0,0,0,0,0,0,0,0,0,0,0,0,0
0,0,0,0,0,0,0,0,0,0,0,0,0,0,0,0,0,0,0,0,0,0,0,0,0,0,0,0,0,0,0,0,0,0,0,0,0,0,0,0,0,0,0,0,0,0,0,0,0,0,0,0,0,0,0,0,0,0,0,0,0,0,0,0,0,0,0,0,0,0,0,0,0,0,0,0,0,0,0,0,0,0,0,0,0,0,0,0,0,0,0,0,0,0,0,0,0,0,0,0,0,0,0,0,0,0,0,0,0,0,0,0,0,0,0,0,0,0,0,0,0,0,0,0,0,0,0,0,0,0,0,0,0,0,0,0,0,0,0,0,0,0,0,0,0,0,0,0,0,0,0,0,0,0,0,0,0,0,0,0,0,0,0,0,0,0,0,0,0,0,0,0,0,0,0,0,0,0,0,0,0,0,0,0,0,0,0,0,0,0,0,0,0,0,0,0,0,0
0,0,0,0,0,0,0,0,0,0,0,0,0,0,0,0,0,0,0,0,0,0,0,0,0,0,0,0,0,0,0,0,0,0,0,0,0,0,0,0,0,0,0,0,0,0,0,0,0,0,0,0,0,0,0,0,0,0,0,0,0,0,0,0,0,0,0,0,0,0,0,0,0,0,0,0,0,0,0,0,0,0,0,0,0,0,0,0,0,0,0,0,0,0,0,0,0,0,0,0,0,0,0,0,0,0,0,0,0,0,0,0,0,0,0,0,0,0,0,0,0,0,0,0,0,0,0,0,0,0,0,0,0,0,0,0,0,0,0,0,0,0,0,0,0,0,0,0,0,0,0,0,0,0,0,0,0,0,0,0,0,0,0,0,0,0,0,0,0,0,0,0,0,0,0,0,0,0,0,0,0,0,0,0,0,0,0,0,0,0,0,0,0,0,0,0,0,0
0,0,0,0,0,0,0,0,0,0,0,0,0,0,0,0,0,0,0,0,0,0,0,0,0,0,0,0,0,0,0,0,0,0,0,0,0,0,0,0,0,0,0,0,0,0,0,0,0,0,0,0,0,0,0,0,0,0,0,0,0,0,0,0,0,0,0,0,0,0,0,0,0,0,0,0,0,0,0,0,0,0,0,0,0,0,0,0,0,0,0,0,0,0,0,0,0,0,0,0,0,0,0,0,0,0,0,0,0,0,0,0,0,0,0,0,0,0,0,0,0,0,0,0,0,0,0,0,0,0,0,0,0,0,0,0,0,0,0,0,0,0,0,0,0,0,0,0,0,0,0,0,0,0,0,0,0,0,0,0,0,0,0,0,0,0,0,0,0,0,0,0,0,0,0,0,0,0,0,0,0,0,0,0,0,0,0,0,0,0,0,0,0,0,0,0,0,0
0,0,0,0,0,0,0,0,0,0,0,0,0,0,0,0,0,0,0,0,0,0,0,0,0,0,0,0,0,0,0,0,0,0,0,0,0,0,0,0,0,0,0,0,0,0,0,0,0,0,0,0,0,0,0,0,0,0,0,0,0,0,0,0,0,0,0,0,0,0,0,0,0,0,0,0,0,0,0,0,0,0,0,0,0,0,0,0,0,0,0,0,0,0,0,0,0,0,0,0,0,0,0,0,0,0,0,0,0,0,0,0,0,0,0,0,0,0,0,0,0,0,0,0,0,0,0,0,0,0,0,0,0,0,0,0,0,0,0,0,0,0,0,0,0,0,0,0,0,0,0,0,0,0,0,0,0,0,0,0,0,0,0,0,0,0,0,0,0,0,0,0,0,0,0,0,0,0,0,0,0,0,0,0,0,0,0,0,0,0,0,0,0,0,0,0,0,0
0,0,0,0,0,0,0,0,0,0,0,0,0,0,0,0,0,0,0,0,0,0,0,0,0,0,0,0,0,0,0,0,0,0,0,0,0,0,0,0,0,0,0,0,0,0,0,0,0,0,0,0,0,0,0,0,0,0,0,0,0,0,0,0,0,0,0,0,0,0,0,0,0,0,0,0,0,0,0,0,0,0,0,0,0,0,0,0,0,0,0,0,0,0,0,0,0,0,0,0,0,0,0,0,0,0,0,0,0,0,0,0,0,0,0,0,0,0,0,0,0,0,0,0,0,0,0,0,0,0,0,0,0,0,0,0,0,0,0,0,0,0,0,0,0,0,0,0,0,0,0,0,0,0,0,0,0,0,0,0,0,0,0,0,0,0,0,0,0,0,0,0,0,0,0,0,0,0,0,0,0,0,0,0,0,0,0,0,0,0,0,0,0,0,0,0,0,0
0,0,0,0,0,0,0,0,0,0,0,0,0,0,0,0,0,0,0,0,0,0,0,0,0,0,0,0,0,0,0,0,0,0,0,0,0,0,0,0,0,0,0,0,0,0,0,0,0,0,0,0,0,0,0,0,0,0,0,0,0,0,0,0,0,0,0,0,0,0,0,0,0,0,0,0,0,0,0,0,0,0,0,0,0,0,0,0,0,0,0,0,0,0,0,0,0,0,0,0,0,0,0,0,0,0,0,0,0,0,0,0,0,0,0,0,0,0,0,0,0,0,0,0,0,0,0,0,0,0,0,0,0,0,0,0,0,0,0,0,0,0,0,0,0,0,0,0,0,0,0,0,0,0,0,0,0,0,0,0,0,0,0,0,0,0,0,0,0,0,0,0,0,0,0,0,0,0,0,0,0,0,0,0,0,0,0,0,0,0,0,0,0,0,0,0,0,0
0,0,0,0,0,0,0,0,0,0,0,0,0,0,0,0,0,0,0,0,0,0,0,0,0,0,0,0,0,0,0,0,0,0,0,0,0,0,0,0,0,0,0,0,0,0,0,0,0,0,0,0,0,0,0,0,0,0,0,0,0,0,0,0,0,0,0,0,0,0,0,0,0,0,0,0,0,0,0,0,0,0,0,0,0,0,0,0,0,0,0,0,0,0,0,0,0,0,0,0,0,0,0,0,0,0,0,0,0,0,0,0,0,0,0,0,0,0,0,0,0,0,0,0,0,0,0,0,0,0,0,0,0,0,0,0,0,0,0,0,0,0,0,0,0,0,0,0,0,0,0,0,0,0,0,0,0,0,0,0,0,0,0,0,0,0,0,0,0,0,0,0,0,0,0,0,0,0,0,0,0,0,0,0,0,0,0,0,0,0,0,0,0,0,0,0,0,0
0,0,0,0,0,0,0,0,0,0,0,0,0,0,0,0,0,0,0,0,0,0,0,0,0,0,0,0,0,0,0,0,0,0,0,0,0,0,0,0,0,0,0,0,0,0,0,0,0,0,0,0,0,0,0,0,0,0,0,0,0,0,0,0,0,0,0,0,0,0,0,0,0,0,0,0,0,0,0,0,0,0,0,0,0,0,0,0,0,0,0,0,0,0,0,0,0,0,0,0,0,0,0,0,0,0,0,0,0,0,0,0,0,0,0,0,0,0,0,0,0,0,0,0,0,0,0,0,0,0,0,0,0,0,0,0,0,0,0,0,0,0,0,0,0,0,0,0,0,0,0,0,0,0,0,0,0,0,0,0,0,0,0,0,0,0,0,0,0,0,0,0,0,0,0,0,0,0,0,0,0,0,0,0,0,0,0,0,0,0,0,0,0,0,0,0,0,0
0,0,0,0,0,0,0,0,0,0,0,0,0,0,0,0,0,0,0,0,0,0,0,0,0,0,0,0,0,0,0,0,0,0,0,0,0,0,0,0,0,0,0,0,0,0,0,0,0,0,0,0,0,0,0,0,0,0,0,0,0,0,0,0,0,0,0,0,0,0,0,0,0,0,0,0,0,0,0,0,0,0,0,0,0,0,0,0,0,0,0,0,0,0,0,0,0,0,0,0,0,0,0,0,0,0,0,0,0,0,0,0,0,0,0,0,0,0,0,0,0,0,0,0,0,0,0,0,0,0,0,0,0,0,0,0,0,0,0,0,0,0,0,0,0,0,0,0,0,0,0,0,0,0,0,0,0,0,0,0,0,0,0,0,0,0,0,0,0,0,0,0,0,0,0,0,0,0,0,0,0,0,0,0,0,0,0,0,0,0,0,0,0,0,0,0,0,0
0,0,0,0,0,0,0,0,0,0,0,0,0,0,0,0,0,0,0,0,0,0,0,0,0,0,0,0,0,0,0,0,0,0,0,0,0,0,0,0,0,0,0,0,0,0,0,0,0,0,0,0,0,0,0,0,0,0,0,0,0,0,0,0,0,0,0,0,0,0,0,0,0,0,0,0,0,0,0,0,0,0,0,0,0,0,0,0,0,0,0,0,0,0,0,0,0,0,0,0,0,0,0,0,0,0,0,0,0,0,0,0,0,0,0,0,0,0,0,0,0,0,0,0,0,0,0,0,0,0,0,0,0,0,0,0,0,0,0,0,0,0,0,0,0,0,0,0,0,0,0,0,0,0,0,0,0,0,0,0,0,0,0,0,0,0,0,0,0,0,0,0,0,0,0,0,0,0,0,0,0,0,0,0,0,0,0,0,0,0,0,0,0,0,0,0,0,0
0,0,0,0,0,0,0,0,0,0,0,0,0,0,0,0,0,0,0,0,0,0,0,0,0,0,0,0,0,0,0,0,0,0,0,0,0,0,0,0,0,0,0,0,0,0,0,0,0,0,0,0,0,0,0,0,0,0,0,0,0,0,0,0,0,0,0,0,0,0,0,0,0,0,0,0,0,0,0,0,0,0,0,0,0,0,0,0,0,0,0,0,0,0,0,0,0,0,0,0,0,0,0,0,0,0,0,0,0,0,0,0,0,0,0,0,0,0,0,0,0,0,0,0,0,0,0,0,0,0,0,0,0,0,0,0,0,0,0,0,0,0,0,0,0,0,0,0,0,0,0,0,0,0,0,0,0,0,0,0,0,0,0,0,0,0,0,0,0,0,0,0,0,0,0,0,0,0,0,0,0,0,0,0,0,0,0,0,0,0,0,0,0,0,0,0,0,0
0,0,0,0,0,0,0,0,0,0,0,0,0,0,0,0,0,0,0,0,0,0,0,0,0,0,0,0,0,0,0,0,0,0,0,0,0,0,0,0,0,0,0,0,0,0,0,0,0,0,0,0,0,0,0,0,0,0,0,0,0,0,0,0,0,0,0,0,0,0,0,0,0,0,0,0,0,0,0,0,0,0,0,0,0,0,0,0,0,0,0,0,0,0,0,0,0,0,0,0,0,0,0,0,0,0,0,0,0,0,0,0,0,0,0,0,0,0,0,0,0,0,0,0,0,0,0,0,0,0,0,0,0,0,0,0,0,0,0,0,0,0,0,0,0,0,0,0,0,0,0,0,0,0,0,0,0,0,0,0,0,0,0,0,0,0,0,0,0,0,0,0,0,0,0,0,0,0,0,0,0,0,0,0,0,0,0,0,0,0,0,0,0,0,0,0,0,0
0,0,0,0,0,0,0,0,0,0,0,0,0,0,0,0,0,0,0,0,0,0,0,0,0,0,0,0,0,0,0,0,0,0,0,0,0,0,0,0,0,0,0,0,0,0,0,0,0,0,0,0,0,0,0,0,0,0,0,0,0,0,0,0,0,0,0,0,0,0,0,0,0,0,0,0,0,0,0,0,0,0,0,0,0,0,0,0,0,0,0,0,0,0,0,0,0,0,0,0,0,0,0,0,0,0,0,0,0,0,0,0,0,0,0,0,0,0,0,0,0,0,0,0,0,0,0,0,0,0,0,0,0,0,0,0,0,0,0,0,0,0,0,0,0,0,0,0,0,0,0,0,0,0,0,0,0,0,0,0,0,0,0,0,0,0,0,0,0,0,0,0,0,0,0,0,0,0,0,0,0,0,0,0,0,0,0,0,0,0,0,0,0,0,0,0,0,0
0,0,0,0,0,0,0,0,0,0,0,0,0,0,0,0,0,0,0,0,0,0,0,0,0,0,0,0,0,0,0,0,0,0,0,0,0,0,0,0,0,0,0,0,0,0,0,0,0,0,0,0,0,0,0,0,0,0,0,0,0,0,0,0,0,0,0,0,0,0,0,0,0,0,0,0,0,0,0,0,0,0,0,0,0,0,0,0,0,0,0,0,0,0,0,0,0,0,0,0,0,0,0,0,0,0,0,0,0,0,0,0,0,0,0,0,0,0,0,0,0,0,0,0,0,0,0,0,0,0,0,0,0,0,0,0,0,0,0,0,0,0,0,0,0,0,0,0,0,0,0,0,0,0,0,0,0,0,0,0,0,0,0,0,0,0,0,0,0,0,0,0,0,0,0,0,0,0,0,0,0,0,0,0,0,0,0,0,0,0,0,0,0,0,0,0,0,0
0,0,0,0,0,0,0,0,0,0,0,0,0,0,0,0,0,0,0,0,0,0,0,0,0,0,0,0,0,0,0,0,0,0,0,0,0,0,0,0,0,0,0,0,0,0,0,0,0,0,0,0,0,0,0,0,0,0,0,0,0,0,0,0,0,0,0,0,0,0,0,0,0,0,0,0,0,0,0,0,0,0,0,0,0,0,0,0,0,0,0,0,0,0,0,0,0,0,0,0,0,0,0,0,0,0,0,0,0,0,0,0,0,0,0,0,0,0,0,0,0,0,0,0,0,0,0,0,0,0,0,0,0,0,0,0,0,0,0,0,0,0,0,0,0,0,0,0,0,0,0,0,0,0,0,0,0,0,0,0,0,0,0,0,0,0,0,0,0,0,0,0,0,0,0,0,0,0,0,0,0,0,0,0,0,0,0,0,0,0,0,0,0,0,0,0,0,0
0,0,0,0,0,0,0,0,0,0,0,0,0,0,0,0,0,0,0,0,0,0,0,0,0,0,0,0,0,0,0,0,0,0,0,0,0,0,0,0,0,0,0,0,0,0,0,0,0,0,0,0,0,0,0,0,0,0,0,0,0,0,0,0,0,0,0,0,0,0,0,0,0,0,0,0,0,0,0,0,0,0,0,0,0,0,0,0,0,0,0,0,0,0,0,0,0,0,0,0,0,0,0,0,0,0,0,0,0,0,0,0,0,0,0,0,0,0,0,0,0,0,0,0,0,0,0,0,0,0,0,0,0,0,0,0,0,0,0,0,0,0,0,0,0,0,0,0,0,0,0,0,0,0,0,0,0,0,0,0,0,0,0,0,0,0,0,0,0,0,0,0,0,0,0,0,0,0,0,0,0,0,0,0,0,0,0,0,0,0,0,0,0,0,0,0,0,0
0,0,0,0,0,0,0,0,0,0,0,0,0,0,0,0,0,0,0,0,0,0,0,0,0,0,0,0,0,0,0,0,0,0,0,0,0,0,0,0,0,0,0,0,0,0,0,0,0,0,0,0,0,0,0,0,0,0,0,0,0,0,0,0,0,0,0,0,0,0,0,0,0,0,0,0,0,0,0,0,0,0,0,0,0,0,0,0,0,0,0,0,0,0,0,0,0,0,0,0,0,0,0,0,0,0,0,0,0,0,0,0,0,0,0,0,0,0,0,0,0,0,0,0,0,0,0,0,0,0,0,0,0,0,0,0,0,0,0,0,0,0,0,0,0,0,0,0,0,0,0,0,0,0,0,0,0,0,0,0,0,0,0,0,0,0,0,0,0,0,0,0,0,0,0,0,0,0,0,0,0,0,0,0,0,0,0,0,0,0,0,0,0,0,0,0,0,0
0,0,0,0,0,0,0,0,0,0,0,0,0,0,0,0,0,0,0,0,0,0,0,0,0,0,0,0,0,0,0,0,0,0,0,0,0,0,0,0,0,0,0,0,0,0,0,0,0,0,0,0,0,0,0,0,0,0,0,0,0,0,0,0,0,0,0,0,0,0,0,0,0,0,0,0,0,0,0,0,0,0,0,0,0,0,0,0,0,0,0,0,0,0,0,0,0,0,0,0,0,0,0,0,0,0,0,0,0,0,0,0,0,0,0,0,0,0,0,0,0,0,0,0,0,0,0,0,0,0,0,0,0,0,0,0,0,0,0,0,0,0,0,0,0,0,0,0,0,0,0,0,0,0,0,0,0,0,0,0,0,0,0,0,0,0,0,0,0,0,0,0,0,0,0,0,0,0,0,0,0,0,0,0,0,0,0,0,0,0,0,0,0,0,0,0,0,0
0,0,0,0,0,0,0,0,0,0,0,0,0,0,0,0,0,0,0,0,0,0,0,0,0,0,0,0,0,0,0,0,0,0,0,0,0,0,0,0,0,0,0,0,0,0,0,0,0,0,0,0,0,0,0,0,0,0,0,0,0,0,0,0,0,0,0,0,0,0,0,0,0,0,0,0,0,0,0,0,0,0,0,0,0,0,0,0,0,0,0,0,0,0,0,0,0,0,0,0,0,0,0,0,0,0,0,0,0,0,0,0,0,0,0,0,0,0,0,0,0,0,0,0,0,0,0,0,0,0,0,0,0,0,0,0,0,0,0,0,0,0,0,0,0,0,0,0,0,0,0,0,0,0,0,0,0,0,0,0,0,0,0,0,0,0,0,0,0,0,0,0,0,0,0,0,0,0,0,0,0,0,0,0,0,0,0,0,0,0,0,0,0,0,0,0,0,0
