0,0,0,0,0,0,0,0,0,0,0,0,0,0,0,0,0,0,0,0,0,0,0,0,0,0,0,0,0,0,0,0,0,0,0,0,0,0,0,0,0,0,0,0,0,0,0,0,0,0,0,0,0,0,0,0,0,0,0,0,0,0,0,0,0,0,0,0,0,0,0,0,0,0,0,0,0,0,0,0,0,0,0,0,0,0,0,0,0,0,0,0,0,0,0,0,0,0,0,0,0,0,0,0,0,0,0,0,0,0,0,0,0,0,0,0,0,0,0,0,0,0,0,0,0,0,0,0,0,0,0,0,0,0,0,0,0,0,0,0,0,0,0,0,0,0,0,0,0,0,0,0,0,0,0,0,0,0,0,0,0,0,0,0,0,0,0,0,0,0,0,0,0,0,0,0,0,0,0,0,0,0,0,0,0,0,0,0,0,0,0,0,0,0,0,0,0,0
0,0,0,0,0,0,0,0,0,0,0,0,0,0,0,0,0,0,0,0,0,0,0,0,0,0,0,0,0,0,0,0,0,0,0,0,0,0,0,0,0,0,0,0,0,0,0,0,0,0,0,0,0,0,0,0,0,0,0,0,0,0,0,0,0,0,0,0,0,0,0,0,0,0,0,0,0,0,0,0,0,0,0,0,0,0,0,0,0,0,0,0,0,0,0,0,0,0,0,0,0,0,0,0,0,0,0,0,0,0,0,0,0,0,0,0,0,0,0,0,0,0,0,0,0,0,0,0,0,0,0,0,0,0,0,0,0,0,0,0,0,0,0,0,0,0,0,0,0,0,0,0,0,0,0,0,0,0,0,0,0,0,0,0,0,0,0,0,0,0,0,0,0,0,0,0,0,0,0,0,0,0,0,0,0,0,0,0,0,0,0,0,0,0,0,0,0,0
0,0,0,0,0,0,0,0,0,0,0,0,0,0,0,0,0,0,0,0,0,0,0,0,0,0,0,0,0,0,0,0,0,0,0,0,0,0,0,0,0,0,0,0,0,0,0,0,0,0,0,0,0,0,0,0,0,0,0,0,0,0,0,0,0,0,0,0,0,0,0,0,0,0,0,0,0,0,0,0,0,0,0,0,0,0,0,0,0,0,0,0,0,0,0,0,0,0,0,0,0,0,0,0,0,0,0,0,0,0,0,0,0,0,0,0,0,0,0,0,0,0,0,0,0,0,0,0,0,0,0,0,0,0,0,0,0,0,0,0,0,0,0,0,0,0,0,0,0,0,0,0,0,0,0,0,0,0,0,0,0,0,0,0,0,0,0,0,0,0,0,0,0,0,0,0,0,0,0,0,0,0,0,0,0,0,0,0,0,0,0,0,0,0,0,0,0,0
0,0,0,0,0,0,0,0,0,0,0,0,0,0,0,0,0,0,0,0,0,0,0,0,0,0,0,0,0,0,0,0,0,0,0,0,0,0,0,0,0,0,0,0,0,0,0,0,0,0,0,0,0,0,0,0,0,0,0,0,0,0,0,0,0,0,0,0,0,0,0,0,0,0,0,0,0,0,0,0,0,0,0,0,0,0,0,0,0,0,0,0,0,0,0,0,0,0,0,0,0,0,0,0,0,0,0,0,0,0,0,0,0,0,0,0,0,0,0,0,0,0,0,0,0,0,0,0,0,0,0,0,0,0,0,0,0,0,0,0,0,0,0,0,0,0,0,0,0,0,0,0,0,0,0,0,0,0,0,0,0,0,0,0,0,0,0,0,0,0,0,0,0,0,0,0,0,0,0,0,0,0,0,0,0,0,0,0,0,0,0,0,0,0,0,0,0,0
0,0,0,0,0,0,0,0,0,0,0,0,0,0,0,0,0,0,0,0,0,0,0,0,0,0,0,0,0,0,0,0,0,0,0,0,0,0,0,0,0,0,0,0,0,0,0,0,0,0,0,0,0,0,0,0,0,0,0,0,0,0,0,0,0,0,0,0,0,0,0,0,0,0,0,0,0,0,0,0,0,0,0,0,0,0,0,0,0,0,0,0,0,0,0,0,0,0,0,0,0,0,0,0,0,0,0,0,0,0,0,0,0,0,0,0,0,0,0,0,0,0,0,0,0,0,0,0,0,0,0,0,0,0,0,0,0,0,0,0,0,0,0,0,0,0,0,0,0,0,0,0,0,0,0,0,0,0,0,0,0,0,0,0,0,0,0,0,0,0,0,0,0,0,0,0,0,0,0,0,0,0,0,0,0,0,0,0,0,0,0,0,0,0,0,0,0,0
0,0,0,0,0,0,0,0,0,0,0,0,0,0,0,0,0,0,0,0,0,0,0,0,0,0,0,0,0,0,0,0,0,0,0,0,0,0,0,0,0,0,0,0,0,0,0,0,0,0,0,0,0,0,0,0,0,0,0,0,0,0,0,0,0,0,0,0,0,0,0,0,0,0,0,0,0,0,0,0,0,0,0,0,0,0,0,0,0,0,0,0,0,0,0,0,0,0,0,0,0,0,0,0,0,0,0,0,0,0,0,0,0,0,0,0,0,0,0,0,0,0,0,0,0,0,0,0,0,0,0,0,0,0,0,0,0,0,0,0,0,0,0,0,0,0,0,0,0,0,0,0,0,0,0,0,0,0,0,0,0,0,0,0,0,0,0,0,0,0,0,0,0,0,0,0,0,0,0,0,0,0,0,0,0,0,0,0,0,0,0,0,0,0,0,0,0,0
0,0,0,0,0,0,0,0,0,0,0,0,0,0,0,0,0,0,0,0,0,0,0,0,0,0,0,0,0,0,0,0,0,0,0,0,0,0,0,0,0,0,0,0,0,0,0,0,0,0,0,0,0,0,0,0,0,0,0,0,0,0,0,0,0,0,0,0,0,0,0,0,0,0,0,0,0,0,0,0,0,0,0,0,0,0,0,0,0,0,0,0,0,0,0,0,0,0,0,0,0,0,0,0,0,0,0,0,0,0,0,0,0,0,0,0,0,0,0,0,0,0,0,0,0,0,0,0,0,0,0,0,0,0,0,0,0,0,0,0,0,0,0,0,0,0,0,0,0,0,0,0,0,0,0,0,0,0,0,0,0,0,0,0,0,0,0,0,0,0,0,0,0,0,0,0,0,0,0,0,0,0,0,0,0,0,0,0,0,0,0,0,0,0,0,0,0,0
0,0,0,0,0,0,0,0,0,0,0,0,0,0,0,0,0,0,0,0,0,0,0,0,0,0,0,0,0,0,0,0,0,0,0,0,0,0,0,0,0,0,0,0,0,0,0,0,0,0,0,0,0,0,0,0,0,0,0,0,0,0,0,0,0,0,0,0,0,0,0,0,0,0,0,0,0,0,0,0,0,0,0,0,0,0,0,0,0,0,0,0,0,0,0,0,0,0,0,0,0,0,0,0,0,0,0,0,0,0,0,0,0,0,0,0,0,0,0,0,0,0,0,0,0,0,0,0,0,0,0,0,0,0,0,0,0,0,0,0,0,0,0,0,0,0,0,0,0,0,0,0,0,0,0,0,0,0,0,0,0,0,0,0,0,0,0,0,0,0,0,0,0,0,0,0,0,0,0,0,0,0,0,0,0,0,0,0,0,0,0,0,0,0,0,0,0,0
0,0,0,0,0,0,0,0,0,0,0,0,0,0,0,0,0,0,0,0,0,0,0,0,0,0,0,0,0,0,0,0,0,0,0,0,0,0,0,0,0,0,0,0,0,0,0,0,0,0,0,0,0,0,0,0,0,0,0,0,0,0,0,0,0,0,0,0,0,0,0,0,0,0,0,0,0,0,0,0,0,0,0,0,0,0,0,0,0,0,0,0,0,0,0,0,0,0,0,0,0,0,0,0,0,0,0,0,0,0,0,0,0,0,0,0,0,0,0,0,0,0,0,0,0,0,0,0,0,0,0,0,0,0,0,0,0,0,0,0,0,0,0,0,0,0,0,0,0,0,0,0,0,0,0,0,0,0,0,0,0,0,0,0,0,0,0,0,0,0,0,0,0,0,0,0,0,0,0,0,0,0,0,0,0,0,0,0,0,0,0,0,0,0,0,0,0,0
0,0,0,0,0,0,0,0,0,0,0,0,0,0,0,0,0,0,0,0,0,0,0,0,0,0,0,0,0,0,0,0,0,0,0,0,0,0,0,0,0,0,0,0,0,0,0,0,0,0,0,0,0,0,0,0,0,0,0,0,0,0,0,0,0,0,0,0,0,0,0,0,0,0,0,0,0,0,0,0,0,0,0,0,0,0,0,0,0,0,0,0,0,0,0,0,0,0,0,0,0,0,0,0,0,0,0,0,0,0,0,0,0,0,0,0,0,0,0,0,0,0,0,0,0,0,0,0,0,0,0,0,0,0,0,0,0,0,0,0,0,0,0,0,0,0,0,0,0,0,0,0,0,0,0,0,0,0,0,0,0,0,0,0,0,0,0,0,0,0,0,0,0,0,0,0,0,0,0,0,0,0,0,0,0,0,0,0,0,0,0,0,0,0,0,0,0,0
0,0,0,0,0,0,0,0,0,0,0,0,0,0,0,0,0,0,0,0,0,0,0,0,0,0,0,0,0,0,0,0,0,0,0,0,0,0,0,0,0,0,0,0,0,0,0,0,0,0,0,0,0,0,0,0,0,0,0,0,0,0,0,0,0,0,0,0,0,0,0,0,0,0,0,0,0,0,0,0,0,0,0,0,0,0,0,0,0,0,0,0,0,0,0,0,0,0,0,0,0,0,0,0,0,0,0,0,0,0,0,0,0,0,0,0,0,0,0,0,0,0,0,0,0,0,0,0,0,0,0,0,0,0,0,0,0,0,0,0,0,0,0,0,0,0,0,0,0,0,0,0,0,0,0,0,0,0,0,0,0,0,0,0,0,0,0,0,0,0,0,0,0,0,0,0,0,0,0,0,0,0,0,0,0,0,0,0,0,0,0,0,0,0,0,0,0,0
0,0,0,0,0,0,0,0,0,0,0,0,0,0,0,0,0,0,0,0,0,0,0,0,0,0,0,0,0,0,0,0,0,0,0,0,0,0,0,0,0,0,0,0,0,0,0,0,0,0,0,0,0,0,0,0,0,0,0,0,0,0,0,0,0,0,0,0,0,0,0,0,0,0,0,0,0,0,0,0,0,0,0,0,0,0,0,0,0,0,0,0,0,0,0,0,0,0,0,0,0,0,0,0,0,0,0,0,0,0,0,0,0,0,0,0,0,0,0,0,0,0,0,0,0,0,0,0,0,0,0,0,0,0,0,0,0,0,0,0,0,0,0,0,0,0,0,0,0,0,0,0,0,0,0,0,0,0,0,0,0,0,0,0,0,0,0,0,0,0,0,0,0,0,0,0,0,0,0,0,0,0,0,0,0,0,0,0,0,0,0,0,0,0,0,0,0,0
0,0,0,0,0,0,0,0,0,0,0,0,0,0,0,0,0,0,0,0,0,0,0,0,0,0,0,0,0,0,0,0,0,0,0,0,0,0,0,0,0,0,0,0,0,0,0,0,0,0,0,0,0,0,0,0,0,0,0,0,0,0,0,0,0,0,0,0,0,0,0,0,0,0,0,0,0,0,0,0,0,0,0,0,0,0,0,0,0,0,0,0,0,0,0,0,0,0,0,0,0,0,0,0,0,0,0,0,0,0,0,0,0,0,0,0,0,0,0,0,0,0,0,0,0,0,0,0,0,0,0,0,0,0,0,0,0,0,0,0,0,0,0,0,0,0,0,0,0,0,0,0,0,0,0,0,0,0,0,0,0,0,0,0,0,0,0,0,0,0,0,0,0,0,0,0,0,0,0,0,0,0,0,0,0,0,0,0,0,0,0,0,0,0,0,0,0,0
0,0,0,0,0,0,0,0,0,0,0,0,0,0,0,0,0,0,0,0,0,0,0,0,0,0,0,0,0,0,0,0,0,0,0,0,0,0,0,0,0,0,0,0,0,0,0,0,0,0,0,0,0,0,0,0,0,0,0,0,0,0,0,0,0,0,0,0,0,0,0,0,0,0,0,0,0,0,0,0,0,0,0,0,0,0,0,0,0,0,0,0,0,0,0,0,0,0,0,0,0,0,0,0,0,0,0,0,0,0,0,0,0,0,0,0,0,0,0,0,0,0,0,0,0,0,0,0,0,0,0,0,0,0,0,0,0,0,0,0,0,0,0,0,0,0,0,0,0,0,0,0,0,0,0,0,0,0,0,0,0,0,0,0,0,0,0,0,0,0,0,0,0,0,0,0,0,0,0,0,0,0,0,0,0,0,0,0,0,0,0,0,0,0,0,0,0,0
0,0,0,0,0,0,0,0,0,0,0,0,0,0,0,0,0,0,0,0,0,0,0,0,0,0,0,0,0,0,0,0,0,0,0,0,0,0,0,0,0,0,0,0,0,0,0,0,0,0,0,0,0,0,0,0,0,0,0,0,0,0,0,0,0,0,0,0,0,0,0,0,0,0,0,0,0,0,0,0,0,0,0,0,0,0,0,0,0,0,0,0,0,0,0,0,0,0,0,0,0,0,0,0,0,0,0,0,0,0,0,0,0,0,0,0,0,0,0,0,0,0,0,0,0,0,0,0,0,0,0,0,0,0,0,0,0,0,0,0,0,0,0,0,0,0,0,0,0,0,0,0,0,0,0,0,0,0,0,0,0,0,0,0,0,0,0,0,0,0,0,0,0,0,0,0,0,0,0,0,0,0,0,0,0,0,0,0,0,0,0,0,0,0,0,0,0,0
0,0,0,0,0,0,0,0,0,0,0,0,0,0,0,0,0,0,0,0,0,0,0,0,0,0,0,0,0,0,0,0,0,0,0,0,0,0,0,0,0,0,0,0,0,0,0,0,0,0,0,0,0,0,0,0,0,0,0,0,0,0,0,0,0,0,0,0,0,0,0,0,0,0,0,0,0,0,0,0,0,0,0,0,0,0,0,0,0,0,0,0,0,0,0,0,0,0,0,0,0,0,0,0,0,0,0,0,0,0,0,0,0,0,0,0,0,0,0,0,0,0,0,0,0,0,0,0,0,0,0,0,0,0,0,0,0,0,0,0,0,0,0,0,0,0,0,0,0,0,0,0,0,0,0,0,0,0,0,0,0,0,0,0,0,0,0,0,0,0,0,0,0,0,0,0,0,0,0,0,0,0,0,0,0,0,0,0,0,0,0,0,0,0,0,0,0,0
0,0,0,0,0,0,0,0,0,0,0,0,0,0,0,0,0,0,0,0,0,0,0,0,0,0,0,0,0,0,0,0,0,0,0,0,0,0,0,0,0,0,0,0,0,0,0,0,0,0,0,0,0,0,0,0,0,0,0,0,0,0,0,0,0,0,0,0,0,0,0,0,0,0,0,0,0,0,0,0,0,0,0,0,0,0,0,0,0,0,0,0,0,0,0,0,0,0,0,0,0,0,0,0,0,0,0,0,0,0,0,0,0,0,0,0,0,0,0,0,0,0,0,0,0,0,0,0,0,0,0,0,0,0,0,0,0,0,0,0,0,0,0,0,0,0,0,0,0,0,0,0,0,0,0,0,0,0,0,0,0,0,0,0,0,0,0,0,0,0,0,0,0,0,0,0,0,0,0,0,0,0,0,0,0,0,0,0,0,0,0,0,0,0,0,0,0,0
0,0,0,0,0,0,0,0,0,0,0,0,0,0,0,0,0,0,0,0,0,0,0,0,0,0,0,0,0,0,0,0,0,0,0,0,0,0,0,0,0,0,0,0,0,0,0,0,0,0,0,0,0,0,0,0,0,0,0,0,0,0,0,0,0,0,0,0,0,0,0,0,0,0,0,0,0,0,0,0,0,0,0,0,0,0,0,0,0,0,0,0,0,0,0,0,0,0,0,0,0,0,0,0,0,0,0,0,0,0,0,0,0,0,0,0,0,0,0,0,0,0,0,0,0,0,0,0,0,0,0,0,0,0,0,0,0,0,0,0,0,0,0,0,0,0,0,0,0,0,0,0,0,0,0,0,0,0,0,0,0,0,0,0,0,0,0,0,0,0,0,0,0,0,0,0,0,0,0,0,0,0,0,0,0,0,0,0,0,0,0,0,0,0,0,0,0,0
0,0,0,0,0,0,0,0,0,0,0,0,0,0,0,0,0,0,0,0,0,0,0,0,0,0,0,0,0,0,0,0,0,0,0,0,0,0,0,0,0,0,0,0,0,0,0,0,0,0,0,0,0,0,0,0,0,0,0,0,0,0,0,0,0,0,0,0,0,0,0,0,0,0,0,0,0,0,0,0,0,0,0,0,0,0,0,0,0,0,0,0,0,0,0,0,0,0,0,0,0,0,0,0,0,0,0,0,0,0,0,0,0,0,0,0,0,0,0,0,0,0,0,0,0,0,0,0,0,0,0,0,0,0,0,0,0,0,0,0,0,0,0,0,0,0,0,0,0,0,0,0,0,0,0,0,0,0,0,0,0,0,0,0,0,0,0,0,0,0,0,0,0,0,0,0,0,0,0,0,0,0,0,0,0,0,0,0,0,0,0,0,0,0,0,0,0,0
0,0,0,0,0,0,0,0,0,0,0,0,0,0,0,0,0,0,0,0,0,0,0,0,0,0,0,0,0,0,0,0,0,0,0,0,0,0,0,0,0,0,0,0,0,0,0,0,0,0,0,0,0,0,0,0,0,0,0,0,0,0,0,0,0,0,0,0,0,0,0,0,0,0,0,0,0,0,0,0,0,0,0,0,0,0,0,0,0,0,0,0,0,0,0,0,0,0,0,0,0,0,0,0,0,0,0,0,0,0,0,0,0,0,0,0,0,0,0,0,0,0,0,0,0,0,0,0,0,0,0,0,0,0,0,0,0,0,0,0,0,0,0,0,0,0,0,0,0,0,0,0,0,0,0,0,0,0,0,0,0,0,0,0,0,0,0,0,0,0,0,0,0,0,0,0,0,0,0,0,0,0,0,0,0,0,0,0,0,0,0,0,0,0,0,0,0,0
0,0,0,0,0,0,0,0,0,0,0,0,0,0,0,0,-1.3639858,-1.3639858,-1.3639858,-1.3639858,-1.3639858,-1.3639858,-1.3639858,-1.3639858,-1.3639858,-1.3639858,-1.3639858,-1.3639858,-1.3639858,-1.3639858,-1.3639858,-1.3639858,-1.3639858,-1.3639858,-1.3639858,-1.3639858,-1.3639858,-1.3639858,-1.3639858,-1.3639858,-1.3639858,-1.3639858,-1.3639858,-1.3639858,-1.3639858,-1.3639858,-1.3639858,-1.3639858,-1.3639858,-1.3639858,-1.3639858,-1.3639858,-1.3639858,-1.3639858,-1.3639858,-1.3639858,-1.3639858,-1.3639858,-1.3639858,-1.3639858,-1.3639858,-1.3639858,-1.3639858,-1.3639858,-1.3639858,-1.3639858,-1.3639858,-1.3639858,-1.3639858,-1.3639858,-1.3639858,-1.3639858,-1.3639858,-1.3639858,-1.3639858,-1.3639858,-1.3639858,-1.3639858,-1.3639858,-1.3639858,-1.3639858,-1.3639858,-1.3639858,-1.3639858,-1.3639858,-1.3639858,-1.3639858,-1.3639858,-1.3639858,-1.3639858,-1.3639858,-1.3639858,-1.3639858,-1.3639858,-1.3639858,-1.3639858,-1.3639858,-1.3639858,-1.3639858,-1.3639858,-1.3639858,-1.3639858,-1.3639858,-1.3639858,-1.3639858,-1.3639858,-1.3639858,-1.3639858,-1.3639858,-1.3639858,-1.3639858,-1.3639858,-1.3639858,-1.3639858,-1.3639858,-1.3639858,-1.3639858,-1.3639858,-1.3639858,-1.3639858,-1.3639858,-1.3639858,-1.3639858,-1.3639858,-1.3639858,-1.3639858,-1.3639858,-1.3639858,-1.3639858,-1.3639858,-1.3639858,-1.3639858,-1.3639858,-1.3639858,-1.3639858,-1.3639858,-1.3639858,-1.3639858,-1.3639858,-1.3639858,-1.3639858,-1.3639858,-1.3639858,-1.3639858,-1.3639858,-1.3639858,-1.3639858,-1.3639858,-1.3639858,-1.3639858,-1.3639858,-1.3639858,-1.3639858,-1.3639858,-1.3639858,-1.3639858,-1.3639858,-1.3639858,-1.3639858,-1.3639858,-1.3639858,-1.3639858,-1.3639858,-1.3639858,-1.3639858,-1.3639858,-1.3639858,-1.3639858,-1.3639858,-1.3639858,-1.3639858,-1.3639858,-1.3639858,-1.3639858,-1.3639858,-1.3639858,-1.3639858,-1.3639858,-1.3639858,-1.3639858,-1.3639858,-1.3639858,-1.3639858,-1.3639858,-1.3639858,-1.3639858,-1.3639858,-1.3639858,-1.3639858,-1.3639858,-1.3639858,-1.3639858,-1.3639858,-1.3639858,-1.3639858,-1.3639858,-1.3639858,0
0,-1.3639858,-1.3639858,-1.3639858,-1.3639858,-1.3639858,-1.3639858,-1.3639858,-1.3639858,-1.3639858,-1.3639858,-1.3639858,-1.3639858,-1.3639858,-1.3639858,-1.3639858,-1.3639858,-1.3639858,-1.3639858,-1.3639858,-1.3639858,-1.3639858,-1.3639858,-1.3639858,-1.3639858,-1.3639858,-1.3639858,-1.3639858,-1.3639858,-1.3639858,-1.3639858,-1.3639858,-1.3639858,-1.3639858,-1.3639858,-1.3639858,-1.3639858,-1.3639858,-1.3639858,-1.3639858,-1.3639858,-1.3639858,-1.3639858,-1.3639858,-1.3639858,-1.3639858,-1.3639858,-1.3639858,-1.3639858,-1.3639858,-1.3639858,-1.3639858,-1.3639858,-1.3639858,-1.3639858,-1.3639858,-1.3639858,-1.3639858,-1.3639858,-1.3639858,-1.3639858,-1.3639858,-1.3639858,-1.3639858,-1.3639858,-1.3639858,-1.3639858,-1.3639858,-1.3639858,-1.3639858,-1.3639858,-1.3639858,-1.3639858,-1.3639858,-1.3639858,-1.3639858,-1.3639858,-1.3639858,-1.3639858,-1.3639858,-1.3639858,-1.3639858,-1.3639858,-1.3639858,-1.3639858,-1.3639858,-1.3639858,-1.3639858,-1.3639858,-1.3639858,-1.3639858,-1.3639858,-1.3639858,-1.3639858,-1.3639858,-1.3639858,-1.3639858,-1.3639858,-1.3639858,-1.3639858,-1.3639858,-1.3639858,-1.3639858,-1.3639858,-1.3639858,-1.3639858,-1.3639858,-1.3639858,-1.3639858,-1.3639858,-1.3639858,-1.3639858,-1.3639858,-1.3639858,-1.3639858,-1.3639858,-1.3639858,-1.3639858,-1.3639858,-1.3639858,-1.3639858,-1.3639858,-1.3639858,-1.3639858,-1.3639858,-1.3639858,-1.3639858,-1.3639858,-1.3639858,-1.3639858,-1.3639858,-1.3639858,-1.3639858,-1.3639858,-1.3639858,-1.3639858,-1.3639858,-1.3639858,-1.3639858,-1.3639858,-1.3639858,-1.3639858,-1.3639858,-1.3639858,-1.3639858,-1.3639858,-1.3639858,-1.3639858,-1.3639858,-1.3639858,-1.3639858,-1.3639858,-1.3639858,-1.3639858,-1.3639858,-1.3639858,-1.3639858,-1.3639858,-1.3639858,-1.3639858,-1.3639858,-1.3639858,-1.3639858,-1.3639858,-1.3639858,-1.3639858,-1.3639858,-1.3639858,-1.3639858,-1.3639858,-1.3639858,-1.3639858,-1.3639858,-1.3639858,-1.3639858,-1.3639858,-1.3639858,-1.3639858,-1.3639858,-1.3639858,-1.3639858,-1.3639858,-1.3639858,-1.3639858,-1.3639858,-1.3639858,-1.3639858,-1.3639858,-1.3639858,-1.3639858,-1.3639858,-1.3639858,-1.3639858,-1.3639858,-1.3639858,-1.3639858,-1.3639858,0
0,-1.3639858,-1.3639858,-1.3639858,-1.3639858,-1.3639858,-1.3639858,-1.3639858,-1.3639858,-1.3639858,-1.3639858,-1.3639858,-1.3639858,-1.3639858,-1.3639858,-1.3639858,-1.3639858,-1.3639858,-1.3639858,-1.3639858,-1.3639858,-1.3639858,-1.3639858,-1.3639858,-1.3639858,-1.3639858,-1.3639858,-1.3639858,-1.3639858,-1.3639858,-1.3639858,-1.3639858,-1.3639858,-1.3639858,-1.3639858,-1.3639858,-1.3639858,-1.3639858,-1.3639858,-1.3639858,-1.3639858,-1.3639858,-1.3639858,-1.3639858,-1.3639858,-1.3639858,-1.3639858,-1.3639858,-1.3639858,-1.3639858,-1.3639858,-1.3639858,-1.3639858,-1.3639858,-1.3639858,-1.3639858,-1.3639858,-1.3639858,-1.3639858,-1.3639858,-1.3639858,-1.3639858,-1.3639858,-1.3639858,-1.3639858,-1.3639858,-1.3639858,-1.3639858,-1.3639858,-1.3639858,-1.3639858,-1.3639858,-1.3639858,-1.3639858,-1.3639858,-1.3639858,-1.3639858,-1.3639858,-1.3639858,-1.3639858,-1.3639858,-1.3639858,-1.3639858,-1.3639858,-1.3639858,-1.3639858,-1.3639858,-1.3639858,-1.3639858,-1.3639858,-1.3639858,-1.3639858,-1.3639858,-1.3639858,-1.3639858,-1.3639858,-1.3639858,-1.3639858,-1.3639858,-1.3639858,-1.3639858,-1.3639858,-1.3639858,-1.3639858,-1.3639858,-1.3639858,-1.3639858,-1.3639858,-1.3639858,-1.3639858,-1.3639858,-1.3639858,-1.3639858,-1.3639858,-1.3639858,-1.3639858,-1.3639858,-1.3639858,-1.3639858,-1.3639858,-1.3639858,-1.3639858,-1.3639858,-1.3639858,-1.3639858,-1.3639858,-1.3639858,-1.3639858,-1.3639858,-1.3639858,-1.3639858,-1.3639858,-1.3639858,-1.3639858,-1.3639858,-1.3639858,-1.3639858,-1.3639858,-1.3639858,-1.3639858,-1.3639858,-1.3639858,-1.3639858,-1.3639858,-1.3639858,-1.3639858,-1.3639858,-1.3639858,-1.3639858,-1.3639858,-1.3639858,-1.3639858,-1.3639858,-1.3639858,-1.3639858,-1.3639858,-1.3639858,-1.3639858,-1.3639858,-1.3639858,-1.3639858,-1.3639858,-1.3639858,-1.3639858,-1.3639858,-1.3639858,-1.3639858,-1.3639858,-1.3639858,-1.3639858,-1.3639858,-1.3639858,-1.3639858,-1.3639858,-1.3639858,-1.3639858,-1.3639858,-1.3639858,-1.3639858,-1.3639858,-1.3639858,-1.3639858,-1.3639858,-1.3639858,-1.3639858,-1.3639858,-1.3639858,-1.3639858,-1.3639858,-1.3639858,-1.3639858,-1.3639858,-1.3639858,-1.3639858,-1.3639858,-1.3639858,-1.3639858,0
0,-1.3639858,-1.3639858,-1.3639858,-1.3639858,-1.3639858,-1.3639858,-1.3639858,-1.3639858,-1.3639858,-1.3639858,-1.3639858,-1.3639858,-1.3639858,-1.3639858,-1.3639858,-1.3639858,-1.3639858,-1.3639858,-1.3639858,-1.3639858,-1.3639858,-1.3639858,-1.3639858,-1.3639858,-1.3639858,-1.3639858,-1.3639858,-1.3639858,-1.3639858,-1.3639858,-1.3639858,-1.3639858,-1.3639858,-1.3639858,-1.3639858,-1.3639858,-1.3639858,-1.3639858,-1.3639858,-1.3639858,-1.3639858,-1.3639858,-1.3639858,-1.3639858,-1.3639858,-1.3639858,-1.3639858,-1.3639858,-1.3639858,-1.3639858,-1.3639858,-1.3639858,-1.3639858,-1.3639858,-1.3639858,-1.3639858,-1.3639858,-1.3639858,-1.3639858,-1.3639858,-1.3639858,-1.3639858,-1.3639858,-1.3639858,-1.3639858,-1.3639858,-1.3639858,-1.3639858,-1.3639858,-1.3639858,-1.3639858,-1.3639858,-1.3639858,-1.3639858,-1.3639858,-1.3639858,-1.3639858,-1.3639858,-1.3639858,-1.3639858,-1.3639858,-1.3639858,-1.3639858,-1.3639858,-1.3639858,-1.3639858,-1.3639858,-1.3639858,-1.3639858,-1.3639858,-1.3639858,-1.3639858,-1.3639858,-1.3639858,-1.3639858,-1.3639858,-1.3639858,-1.3639858,-1.3639858,-1.3639858,-1.3639858,-1.3639858,-1.3639858,-1.3639858,-1.3639858,-1.3639858,-1.3639858,-1.3639858,-1.3639858,-1.3639858,-1.3639858,-1.3639858,-1.3639858,-1.3639858,-1.3639858,-1.3639858,-1.3639858,-1.3639858,-1.3639858,-1.3639858,-1.3639858,-1.3639858,-1.3639858,-1.3639858,-1.3639858,-1.3639858,-1.3639858,-1.3639858,-1.3639858,-1.3639858,-1.3639858,-1.3639858,-1.3639858,-1.3639858,-1.3639858,-1.3639858,-1.3639858,-1.3639858,-1.3639858,-1.3639858,-1.3639858,-1.3639858,-1.3639858,-1.3639858,-1.3639858,-1.3639858,-1.3639858,-1.3639858,-1.3639858,-1.3639858,-1.3639858,-1.3639858,-1.3639858,-1.3639858,-1.3639858,-1.3639858,-1.3639858,-1.3639858,-1.3639858,-1.3639858,-1.3639858,-1.3639858,-1.3639858,-1.3639858,-1.3639858,-1.3639858,-1.3639858,-1.3639858,-1.3639858,-1.3639858,-1.3639858,-1.3639858,-1.3639858,-1.3639858,-1.3639858,-1.3639858,-1.3639858,-1.3639858,-1.3639858,-1.3639858,-1.3639858,-1.3639858,-1.3639858,-1.3639858,-1.3639858,-1.3639858,-1.3639858,-1.3639858,-1.3639858,-1.3639858,-1.3639858,-1.3639858,-1.3639858,-1.3639858,-1.3639858,-1.3639858,0
0,-1.3639858,-1.3639858,-1.3639858,-1.3639858,-1.3639858,-1.3639858,-1.3639858,-1.3639858,-1.3639858,-1.3639858,-1.3639858,-1.3639858,-1.3639858,-1.3639858,-1.3639858,-1.3639858,-1.3639858,-1.3639858,-1.3639858,-1.3639858,-1.3639858,-1.3639858,-1.3639858,-1.3639858,-1.3639858,-1.3639858,-1.3639858,-1.3639858,-1.3639858,-1.3639858,-1.3639858,-1.3639858,-1.3639858,-1.3639858,-1.3639858,-1.3639858,-1.3639858,-1.3639858,-1.3639858,-1.3639858,-1.3639858,-1.3639858,-1.3639858,-1.3639858,-1.3639858,-1.3639858,-1.3639858,-1.3639858,-1.3639858,-1.3639858,-1.3639858,-1.3639858,-1.3639858,-1.3639858,-1.3639858,-1.3639858,-1.3639858,-1.3639858,-1.3639858,-1.3639858,-1.3639858,-1.3639858,-1.3639858,-1.3639858,-1.3639858,-1.3639858,-1.3639858,-1.3639858,-1.3639858,-1.3639858,-1.3639858,-1.3639858,-1.3639858,-1.3639858,-1.3639858,-1.3639858,-1.3639858,-1.3639858,-1.3639858,-1.3639858,-1.3639858,-1.3639858,-1.3639858,-1.3639858,-1.3639858,-1.3639858,-1.3639858,-1.3639858,-1.3639858,-1.3639858,-1.3639858,-1.3639858,-1.3639858,-1.3639858,-1.3639858,-1.3639858,-1.3639858,-1.3639858,-1.3639858,-1.3639858,-1.3639858,-1.3639858,-1.3639858,-1.3639858,-1.3639858,-1.3639858,-1.3639858,-1.3639858,-1.3639858,-1.3639858,-1.3639858,-1.3639858,-1.3639858,-1.3639858,-1.3639858,-1.3639858,-1.3639858,-1.3639858,-1.3639858,-1.3639858,-1.3639858,-1.3639858,-1.3639858,-1.3639858,-1.3639858,-1.3639858,-1.3639858,-1.3639858,-1.3639858,-1.3639858,-1.3639858,-1.3639858,-1.3639858,-1.3639858,-1.3639858,-1.3639858,-1.3639858,-1.3639858,-1.3639858,-1.3639858,-1.3639858,-1.3639858,-1.3639858,-1.3639858,-1.3639858,-1.3639858,-1.3639858,-1.3639858,-1.3639858,-1.3639858,-1.3639858,-1.3639858,-1.3639858,-1.3639858,-1.3639858,-1.3639858,-1.3639858,-1.3639858,-1.3639858,-1.3639858,-1.3639858,-1.3639858,-1.3639858,-1.3639858,-1.3639858,-1.3639858,-1.3639858,-1.3639858,-1.3639858,-1.3639858,-1.3639858,-1.3639858,-1.3639858,-1.3639858,-1.3639858,-1.3639858,-1.3639858,-1.3639858,-1.3639858,-1.3639858,-1.3639858,-1.3639858,-1.3639858,-1.3639858,-1.3639858,-1.3639858,-1.3639858,-1.3639858,-1.3639858,-1.3639858,-1.3639858,-1.3639858,-1.3639858,-1.3639858,-1.3639858,-1.3639858,0
0,-1.3639858,-1.3639858,-1.3639858,-1.3639858,-1.3639858,-1.3639858,-1.3639858,-1.3639858,-1.3639858,-1.3639858,-1.3639858,-1.3639858,-1.3639858,-1.3639858,-1.3639858,-1.3639858,-1.3639858,-1.3639858,-1.3639858,-1.3639858,-1.3639858,-1.3639858,-1.3639858,-1.3639858,-1.3639858,-1.3639858,-1.3639858,-1.3639858,-1.3639858,-1.3639858,-1.3639858,-1.3639858,-1.3639858,-1.3639858,-1.3639858,-1.3639858,-1.3639858,-1.3639858,-1.3639858,-1.3639858,-1.3639858,-1.3639858,-1.3639858,-1.3639858,-1.3639858,-1.3639858,-1.3639858,-1.3639858,-1.3639858,-1.3639858,-1.3639858,-1.3639858,-1.3639858,-1.3639858,-1.3639858,-1.3639858,-1.3639858,-1.3639858,-1.3639858,-1.3639858,-1.3639858,-1.3639858,-1.3639858,-1.3639858,-1.3639858,-1.3639858,-1.3639858,-1.3639858,-1.3639858,-1.3639858,-1.3639858,-1.3639858,-1.3639858,-1.3639858,-1.3639858,-1.3639858,-1.3639858,-1.3639858,-1.3639858,-1.3639858,-1.3639858,-1.3639858,-1.3639858,-1.3639858,-1.3639858,-1.3639858,-1.3639858,-1.3639858,-1.3639858,-1.3639858,-1.3639858,-1.3639858,-1.3639858,-1.3639858,-1.3639858,-1.3639858,-1.3639858,-1.3639858,-1.3639858,-1.3639858,-1.3639858,-1.3639858,-1.3639858,-1.3639858,-1.3639858,-1.3639858,-1.3639858,-1.3639858,-1.3639858,-1.3639858,-1.3639858,-1.3639858,-1.3639858,-1.3639858,-1.3639858,-1.3639858,-1.3639858,-1.3639858,-1.3639858,-1.3639858,-1.3639858,-1.3639858,-1.3639858,-1.3639858,-1.3639858,-1.3639858,-1.3639858,-1.3639858,-1.3639858,-1.3639858,-1.3639858,-1.3639858,-1.3639858,-1.3639858,-1.3639858,-1.3639858,-1.3639858,-1.3639858,-1.3639858,-1.3639858,-1.3639858,-1.3639858,-1.3639858,-1.3639858,-1.3639858,-1.3639858,-1.3639858,-1.3639858,-1.3639858,-1.3639858,-1.3639858,-1.3639858,-1.3639858,-1.3639858,-1.3639858,-1.3639858,-1.3639858,-1.3639858,-1.3639858,-1.3639858,-1.3639858,-1.3639858,-1.3639858,-1.3639858,-1.3639858,-1.3639858,-1.3639858,-1.3639858,-1.3639858,-1.3639858,-1.3639858,-1.3639858,-1.3639858,-1.3639858,-1.3639858,-1.3639858,-1.3639858,-1.3639858,-1.3639858,-1.3639858,-1.3639858,-1.3639858,-1.3639858,-1.3639858,-1.3639858,-1.3639858,-1.3639858,-1.3639858,-1.3639858,-1.3639858,-1.3639858,-1.3639858,-1.3639858,-1.3639858,-1.3639858,-1.3639858,0
0,-1.3639858,-1.3639858,-1.3639858,-1.3639858,-1.3639858,-1.3639858,-1.3639858,-1.3639858,-1.3639858,-1.3639858,-1.3639858,-1.3639858,-1.3639858,-1.3639858,-1.3639858,-1.3639858,-1.3639858,-1.3639858,-1.3639858,-1.3639858,-1.3639858,-1.3639858,-1.3639858,-1.3639858,-1.3639858,-1.3639858,-1.3639858,-1.3639858,-1.3639858,-1.3639858,-1.3639858,-1.3639858,-1.3639858,-1.3639858,-1.3639858,-1.3639858,-1.3639858,-1.3639858,-1.3639858,-1.3639858,-1.3639858,-1.3639858,-1.3639858,-1.3639858,-1.3639858,-1.3639858,-1.3639858,-1.3639858,-1.3639858,-1.3639858,-1.3639858,-1.3639858,-1.3639858,-1.3639858,-1.3639858,-1.3639858,-1.3639858,-1.3639858,-1.3639858,-1.3639858,-1.3639858,-1.3639858,-1.3639858,-1.3639858,-1.3639858,-1.3639858,-1.3639858,-1.3639858,-1.3639858,-1.3639858,-1.3639858,-1.3639858,-1.3639858,-1.3639858,-1.3639858,-1.3639858,-1.3639858,-1.3639858,-1.3639858,-1.3639858,-1.3639858,-1.3639858,-1.3639858,-1.3639858,-1.3639858,-1.3639858,-1.3639858,-1.3639858,-1.3639858,-1.3639858,-1.3639858,-1.3639858,-1.3639858,-1.3639858,-1.3639858,-1.3639858,-1.3639858,-1.3639858,-1.3639858,-1.3639858,-1.3639858,-1.3639858,-1.3639858,-1.3639858,-1.3639858,-1.3639858,-1.3639858,-1.3639858,-1.3639858,-1.3639858,-1.3639858,-1.3639858,-1.3639858,-1.3639858,-1.3639858,-1.3639858,-1.3639858,-1.3639858,-1.3639858,-1.3639858,-1.3639858,-1.3639858,-1.3639858,-1.3639858,-1.3639858,-1.3639858,-1.3639858,-1.3639858,-1.3639858,-1.3639858,-1.3639858,-1.3639858,-1.3639858,-1.3639858,-1.3639858,-1.3639858,-1.3639858,-1.3639858,-1.3639858,-1.3639858,-1.3639858,-1.3639858,-1.3639858,-1.3639858,-1.3639858,-1.3639858,-1.3639858,-1.3639858,-1.3639858,-1.3639858,-1.3639858,-1.3639858,-1.3639858,-1.3639858,-1.3639858,-1.3639858,-1.3639858,-1.3639858,-1.3639858,-1.3639858,-1.3639858,-1.3639858,-1.3639858,-1.3639858,-1.3639858,-1.3639858,-1.3639858,-1.3639858,-1.3639858,-1.3639858,-1.3639858,-1.3639858,-1.3639858,-1.3639858,-1.3639858,-1.3639858,-1.3639858,-1.3639858,-1.3639858,-1.3639858,-1.3639858,-1.3639858,-1.3639858,-1.3639858,-1.3639858,-1.3639858,-1.3639858,-1.3639858,-1.3639858,-1.3639858,-1.3639858,-1.3639858,-1.3639858,-1.3639858,-1.3639858,-1.3639858,0
0,-1.3639858,-1.3639858,-1.3639858,-1.3639858,-1.3639858,-1.3639858,-1.3639858,-1.3639858,-1.3639858,-1.3639858,-1.3639858,-1.3639858,-1.3639858,-1.3639858,-1.3639858,-1.3639858,-1.3639858,-1.3639858,-1.3639858,-1.3639858,-1.3639858,-1.3639858,-1.3639858,-1.3639858,-1.3639858,-1.3639858,-1.3639858,-1.3639858,-1.3639858,-1.3639858,-1.3639858,-1.3639858,-1.3639858,-1.3639858,-1.3639858,-1.3639858,-1.3639858,-1.3639858,-1.3639858,-1.3639858,-1.3639858,-1.3639858,-1.3639858,-1.3639858,-1.3639858,-1.3639858,-1.3639858,-1.3639858,-1.3639858,-1.3639858,-1.3639858,-1.3639858,-1.3639858,-1.3639858,-1.3639858,-1.3639858,-1.3639858,-1.3639858,-1.3639858,-1.3639858,-1.3639858,-1.3639858,-1.3639858,-1.3639858,-1.3639858,-1.3639858,-1.3639858,-1.3639858,-1.3639858,-1.3639858,-1.3639858,-1.3639858,-1.3639858,-1.3639858,-1.3639858,-1.3639858,-1.3639858,-1.3639858,-1.3639858,-1.3639858,-1.3639858,-1.3639858,-1.3639858,-1.3639858,-1.3639858,-1.3639858,-1.3639858,-1.3639858,-1.3639858,-1.3639858,-1.3639858,-1.3639858,-1.3639858,-1.3639858,-1.3639858,-1.3639858,-1.3639858,-1.3639858,-1.3639858,-1.3639858,-1.3639858,-1.3639858,-1.3639858,-1.3639858,-1.3639858,-1.3639858,-1.3639858,-1.3639858,-1.3639858,-1.3639858,-1.3639858,-1.3639858,-1.3639858,-1.3639858,-1.3639858,-1.3639858,-1.3639858,-1.3639858,-1.3639858,-1.3639858,-1.3639858,-1.3639858,-1.3639858,-1.3639858,-1.3639858,-1.3639858,-1.3639858,-1.3639858,-1.3639858,-1.3639858,-1.3639858,-1.3639858,-1.3639858,-1.3639858,-1.3639858,-1.3639858,-1.3639858,-1.3639858,-1.3639858,-1.3639858,-1.3639858,-1.3639858,-1.3639858,-1.3639858,-1.3639858,-1.3639858,-1.3639858,-1.3639858,-1.3639858,-1.3639858,-1.3639858,-1.3639858,-1.3639858,-1.3639858,-1.3639858,-1.3639858,-1.3639858,-1.3639858,-1.3639858,-1.3639858,-1.3639858,-1.3639858,-1.3639858,-1.3639858,-1.3639858,-1.3639858,-1.3639858,-1.3639858,-1.3639858,-1.3639858,-1.3639858,-1.3639858,-1.3639858,-1.3639858,-1.3639858,-1.3639858,-1.3639858,-1.3639858,-1.3639858,-1.3639858,-1.3639858,-1.3639858,-1.3639858,-1.3639858,-1.3639858,-1.3639858,-1.3639858,-1.3639858,-1.3639858,-1.3639858,-1.3639858,-1.3639858,-1.3639858,-1.3639858,-1.3639858,-1.3639858,0
0,-1.3639858,-1.3639858,-1.3639858,-1.3639858,-1.3639858,-1.3639858,-1.3639858,-1.3639858,-1.3639858,-1.3639858,-1.3639858,-1.3639858,-1.3639858,-1.3639858,-1.3639858,-1.3639858,-1.3639858,-1.3639858,-1.3639858,-1.3639858,-1.3639858,-1.3639858,-1.3639858,-1.3639858,-1.3639858,-1.3639858,-1.3639858,-1.3639858,-1.3639858,-1.3639858,-1.3639858,-1.3639858,-1.3639858,-1.3639858,-1.3639858,-1.3639858,-1.3639858,-1.3639858,-1.3639858,-1.3639858,0,0,0,0,0,0,0,0,0,0,0,0,0,0,0,0,0,0,0,0,0,0,0,0,0,0,0,0,0,0,0,0,0,0,0,0,0,0,0,0,0,0,0,0,0,0,0,0,0,0,0,0,0,0,0,0,0,0,0,0,0,0,0,0,0,0,0,0,0,0,0,0,0,0,0,0,0,0,0,0,0,0,0,0,0,0,0,0,0,0,0,0,0,0,0,0,0,0,0,0,0,0,0,0,0,0,0,0,0,0,0,0,0,0,0,0,0,0,0,0,0,0,0,0,0,0,0,0,0,0,0,0,0,0,0,0,0,0,0,0,0,0,0,0,0,0,0,0,0,0,0,0,0,0,0,0,0
0,0,0,0,0,0,0,0,0,0,0,0,0,0,0,0,0,0,0,0,0,0,0,0,0,0,0,0,0,0,0,0,0,0,0,0,0,0,0,0,0,0,0,0,0,0,0,0,0,0,0,0,0,0,0,0,0,0,0,0,0,0,0,0,0,0,0,0,0,0,0,0,0,0,0,0,0,0,0,0,0,0,0,0,0,0,0,0,0,0,0,0,0,0,0,0,0,0,0,0,0,0,0,0,0,0,0,0,0,0,0,0,0,0,0,0,0,0,0,0,0,0,0,0,0,0,0,0,0,0,0,0,0,0,0,0,0,0,0,0,0,0,0,0,0,0,0,0,0,0,0,0,0,0,0,0,0,0,0,0,0,0,0,0,0,0,0,0,0,0,0,0,0,0,0,0,0,0,0,0,0,0,0,0,0,0,0,0,0,0,0,0,0,0,0,0,0,0
0,0,0,0,0,0,0,0,0,0,0,0,0,0,0,0,0,0,0,0,0,0,0,0,0,0,0,0,0,0,0,0,0,0,0,0,0,0,0,0,0,0,0,0,0,0,0,0,0,0,0,0,0,0,0,0,0,0,0,0,0,0,0,0,0,0,0,0,0,0,0,0,0,0,0,0,0,0,0,0,0,0,0,0,0,0,0,0,0,0,0,0,0,0,0,0,0,0,0,0,0,0,0,0,0,0,0,0,0,0,0,0,0,0,0,0,0,0,0,0,0,0,0,0,0,0,0,0,0,0,0,0,0,0,0,0,0,0,0,0,0,0,0,0,0,0,0,0,0,0,0,0,0,0,0,0,0,0,0,0,0,0,0,0,0,0,0,0,0,0,0,0,0,0,0,0,0,0,0,0,0,0,0,0,0,0,0,0,0,0,0,0,0,0,0,0,0,0
0,0,0,0,0,0,0,0,0,0,0,0,0,0,0,0,0,0,0,0,0,0,0,0,0,0,0,0,0,0,0,0,0,0,0,0,0,0,0,0,0,0,0,0,0,0,0,0,0,0,0,0,0,0,0,0,0,0,0,0,0,0,0,0,0,0,0,0,0,0,0,0,0,0,0,0,0,0,0,0,0,0,0,0,0,0,0,0,0,0,0,0,0,0,0,0,0,0,0,0,0,0,0,0,0,0,0,0,0,0,0,0,0,0,0,0,0,0,0,0,0,0,0,0,0,0,0,0,0,0,0,0,0,0,0,0,0,0,0,0,0,0,0,0,0,0,0,0,0,0,0,0,0,0,0,0,0,0,0,0,0,0,0,0,0,0,0,0,0,0,0,0,0,0,0,0,0,0,0,0,0,0,0,0,0,0,0,0,0,0,0,0,0,0,0,0,0,0
0,0,0,0,0,0,0,0,0,0,0,0,0,0,0,0,0,0,0,0,0,0,0,0,0,0,0,0,0,0,0,0,0,0,0,0,0,0,0,0,0,0,0,0,0,0,0,0,0,0,0,0,0,0,0,0,0,0,0,0,0,0,0,0,0,0,0,0,0,0,0,0,0,0,0,0,0,0,0,0,0,0,0,0,0,0,0,0,0,0,0,0,0,0,0,0,0,0,0,0,0,0,0,0,0,0,0,0,0,0,0,0,0,0,0,0,0,0,0,0,0,0,0,0,0,0,0,0,0,0,0,0,0,0,0,0,0,0,0,0,0,0,0,0,0,0,0,0,0,0,0,0,0,0,0,0,0,0,0,0,0,0,0,0,0,0,0,0,0,0,0,0,0,0,0,0,0,0,0,0,0,0,0,0,0,0,0,0,0,0,0,0,0,0,0,0,0,0
0,0,0,0,0,0,0,0,0,0,0,0,0,0,0,0,0,0,0,0,0,0,0,0,0,0,0,0,0,0,0,0,0,0,0,0,0,0,0,0,0,0,0,0,0,0,0,0,0,0,0,0,0,0,0,0,0,0,0,0,0,0,0,0,0,0,0,0,0,0,0,0,0,0,0,0,0,0,0,0,0,0,0,0,0,0,0,0,0,0,0,0,0,0,0,0,0,0,0,0,0,0,0,0,0,0,0,0,0,0,0,0,0,0,0,0,0,0,0,0,0,0,0,0,0,0,0,0,0,0,0,0,0,0,0,0,0,0,0,0,0,0,0,0,0,0,0,0,0,0,0,0,0,0,0,0,0,0,0,0,0,0,0,0,0,0,0,0,0,0,0,0,0,0,0,0,0,0,0,0,0,0,0,0,0,0,0,0,0,0,0,0,0,0,0,0,0,0
0,0,0,0,0,0,0,0,0,0,0,0,0,0,0,0,0,0,0,0,0,0,0,0,0,0,0,0,0,0,0,0,0,0,0,0,0,0,0,0,0,0,0,0,0,0,0,0,0,0,0,0,0,0,0,0,0,0,0,0,0,0,0,0,0,0,0,0,0,0,0,0,0,0,0,0,0,0,0,0,0,0,0,0,0,0,0,0,0,0,0,0,0,0,0,0,0,0,0,0,0,0,0,0,0,0,0,0,0,0,0,0,0,0,0,0,0,0,0,0,0,0,0,0,0,0,0,0,0,0,0,0,0,0,0,0,0,0,0,0,0,0,0,0,0,0,0,0,0,0,0,0,0,0,0,0,0,0,0,0,0,0,0,0,0,0,0,0,0,0,0,0,0,0,0,0,0,0,0,0,0,0,0,0,0,0,0,0,0,0,0,0,0,0,0,0,0,0
0,0,0,0,0,0,0,0,0,0,0,0,0,0,0,0,0,0,0,0,0,0,0,0,0,0,0,0,0,0,0,0,0,0,0,0,0,0,0,0,0,0,0,0,0,0,0,0,0,0,0,0,0,0,0,0,0,0,0,0,0,0,0,0,0,0,0,0,0,0,0,0,0,0,0,0,0,0,0,0,0,0,0,0,0,0,0,0,0,0,0,0,0,0,0,0,0,0,0,0,0,0,0,0,0,0,0,0,0,0,0,0,0,0,0,0,0,0,0,0,0,0,0,0,0,0,0,0,0,0,0,0,0,0,0,0,0,0,0,0,0,0,0,0,0,0,0,0,0,0,0,0,0,0,0,0,0,0,0,0,0,0,0,0,0,0,0,0,0,0,0,0,0,0,0,0,0,0,0,0,0,0,0,0,0,0,0,0,0,0,0,0,0,0,0,0,0,0
0,0,0,0,0,0,0,0,0,0,0,0,0,0,0,0,0,0,0,0,0,0,0,0,0,0,0,0,0,0,0,0,0,0,0,0,0,0,0,0,0,0,0,0,0,0,0,0,0,0,0,0,0,0,0,0,0,0,0,0,0,0,0,0,0,0,0,0,0,0,0,0,0,0,0,0,0,0,0,0,0,0,0,0,0,0,0,0,0,0,0,0,0,0,0,0,0,0,0,0,0,0,0,0,0,0,0,0,0,0,0,0,0,0,0,0,0,0,0,0,0,0,0,0,0,0,0,0,0,0,0,0,0,0,0,0,0,0,0,0,0,0,0,0,0,0,0,0,0,0,0,0,0,0,0,0,0,0,0,0,0,0,0,0,0,0,0,0,0,0,0,0,0,0,0,0,0,0,0,0,0,0,0,0,0,0,0,0,0,0,0,0,0,0,0,0,0,0
0,0,0,0,0,0,0,0,0,0,0,0,0,0,0,0,0,0,0,0,0,0,0,0,0,0,0,0,0,0,0,0,0,0,0,0,0,0,0,0,0,0,0,0,0,0,0,0,0,0,0,0,0,0,0,0,0,0,0,0,0,0,0,0,0,0,0,0,0,0,0,0,0,0,0,0,0,0,0,0,0,0,0,0,0,0,0,0,0,0,0,0,0,0,0,0,0,0,0,0,0,0,0,0,0,0,0,0,0,0,0,0,0,0,0,0,0,0,0,0,0,0,0,0,0,0,0,0,0,0,0,0,0,0,0,0,0,0,0,0,0,0,0,0,0,0,0,0,0,0,0,0,0,0,0,0,0,0,0,0,0,0,0,0,0,0,0,0,0,0,0,0,0,0,0,0,0,0,0,0,0,0,0,0,0,0,0,0,0,0,0,0,0,0,0,0,0,0
0,0,0,0,0,0,0,0,0,0,0,0,0,0,0,0,0,0,0,0,0,0,0,0,0,0,0,0,0,0,0,0,0,0,0,0,0,0,0,0,0,0,0,0,0,0,0,0,0,0,0,0,0,0,0,0,0,0,0,0,0,0,0,0,0,0,0,0,0,0,0,0,0,0,0,0,0,0,0,0,0,0,0,0,0,0,0,0,0,0,0,0,0,0,0,0,0,0,0,0,0,0,0,0,0,0,0,0,0,0,0,0,0,0,0,0,0,0,0,0,0,0,0,0,0,0,0,0,0,0,0,0,0,0,0,0,0,0,0,0,0,0,0,0,0,0,0,0,0,0,0,0,0,0,0,0,0,0,0,0,0,0,0,0,0,0,0,0,0,0,0,0,0,0,0,0,0,0,0,0,0,0,0,0,0,0,0,0,0,0,0,0,0,0,0,0,0,0
0,0,0,0,0,0,0,0,0,0,0,0,0,0,0,0,-0.4661551,-0.4661551,-0.4661551,-0.4661551,-0.4661551,-0.4661551,-0.4661551,-0.4661551,-0.4661551,-0.4661551,-0.4661551,-0.4661551,-0.4661551,-0.4661551,-0.4661551,-0.4661551,-0.4661551,-0.4661551,-0.4661551,-0.4661551,-0.4661551,-0.4661551,-0.4661551,-0.4661551,-0.4661551,-0.4661551,-0.4661551,-0.4661551,-0.4661551,-0.4661551,-0.4661551,-0.4661551,-0.4661551,-0.4661551,-0.4661551,-0.4661551,-0.4661551,-0.4661551,-0.4661551,-0.4661551,-0.4661551,-0.4661551,-0.4661551,-0.4661551,-0.4661551,-0.4661551,-0.4661551,-0.4661551,-0.4661551,-0.4661551,-0.4661551,-0.4661551,-0.4661551,-0.4661551,-0.4661551,-0.4661551,-0.4661551,-0.4661551,-0.4661551,-0.4661551,-0.4661551,-0.4661551,-0.4661551,-0.4661551,-0.4661551,-0.4661551,-0.4661551,-0.4661551,-0.4661551,-0.4661551,-0.4661551,-0.4661551,-0.4661551,-0.4661551,-0.4661551,-0.4661551,-0.4661551,-0.4661551,-0.4661551,-0.4661551,-0.4661551,-0.4661551,-0.4661551,-0.4661551,-0.4661551,-0.4661551,-0.4661551,-0.4661551,-0.4661551,-0.4661551,-0.4661551,-0.4661551,-0.4661551,-0.4661551,-0.4661551,-0.4661551,-0.4661551,-0.4661551,-0.4661551,-0.4661551,-0.4661551,-0.4661551,-0.4661551,-0.4661551,-0.4661551,-0.4661551,-0.4661551,-0.4661551,-0.4661551,-0.4661551,-0.4661551,-0.4661551,-0.4661551,-0.4661551,-0.4661551,-0.4661551,-0.4661551,-0.4661551,-0.4661551,-0.4661551,-0.4661551,-0.4661551,-0.4661551,-0.4661551,-0.4661551,-0.4661551,-0.4661551,-0.4661551,-0.4661551,-0.4661551,-0.4661551,-0.4661551,-0.4661551,-0.4661551,-0.4661551,-0.4661551,-0.4661551,-0.4661551,-0.4661551,-0.4661551,-0.4661551,-0.4661551,-0.4661551,-0.4661551,-0.4661551,-0.4661551,-0.4661551,-0.4661551,-0.4661551,-0.4661551,-0.4661551,-0.4661551,-0.4661551,-0.4661551,-0.4661551,-0.4661551,-0.4661551,-0.4661551,-0.4661551,-0.4661551,-0.4661551,-0.4661551,-0.4661551,-0.4661551,-0.4661551,-0.4661551,-0.4661551,-0.4661551,-0.4661551,-0.4661551,-0.4661551,-0.4661551,-0.4661551,-0.4661551,-0.4661551,-0.4661551,-0.4661551,-0.4661551,-0.4661551,-0.4661551,-0.4661551,0
0,-0.4661551,-0.4661551,-0.4661551,-0.4661551,-0.4661551,-0.4661551,-0.4661551,-0.4661551,-0.4661551,-0.4661551,-0.4661551,-0.4661551,-0.4661551,-0.4661551,-0.4661551,-0.4661551,-0.4661551,-0.4661551,-0.4661551,-0.4661551,-0.4661551,-0.4661551,-0.4661551,-0.4661551,-0.4661551,-0.4661551,-0.4661551,-0.4661551,-0.4661551,-0.4661551,-0.4661551,-0.4661551,-0.4661551,-0.4661551,-0.4661551,-0.4661551,-0.4661551,-0.4661551,-0.4661551,-0.4661551,-0.4661551,-0.4661551,-0.4661551,-0.4661551,-0.4661551,-0.4661551,-0.4661551,-0.4661551,-0.4661551,-0.4661551,-0.4661551,-0.4661551,-0.4661551,-0.4661551,-0.4661551,-0.4661551,-0.4661551,-0.4661551,-0.4661551,-0.4661551,-0.4661551,-0.4661551,-0.4661551,-0.4661551,-0.4661551,-0.4661551,-0.4661551,-0.4661551,-0.4661551,-0.4661551,-0.4661551,-0.4661551,-0.4661551,-0.4661551,-0.4661551,-0.4661551,-0.4661551,-0.4661551,-0.4661551,-0.4661551,-0.4661551,-0.4661551,-0.4661551,-0.4661551,-0.4661551,-0.4661551,-0.4661551,-0.4661551,-0.4661551,-0.4661551,-0.4661551,-0.4661551,-0.4661551,-0.4661551,-0.4661551,-0.4661551,-0.4661551,-0.4661551,-0.4661551,-0.4661551,-0.4661551,-0.4661551,-0.4661551,-0.4661551,-0.4661551,-0.4661551,-0.4661551,-0.4661551,-0.4661551,-0.4661551,-0.4661551,-0.4661551,-0.4661551,-0.4661551,-0.4661551,-0.4661551,-0.4661551,-0.4661551,-0.4661551,-0.4661551,-0.4661551,-0.4661551,-0.4661551,-0.4661551,-0.4661551,-0.4661551,-0.4661551,-0.4661551,-0.4661551,-0.4661551,-0.4661551,-0.4661551,-0.4661551,-0.4661551,-0.4661551,-0.4661551,-0.4661551,-0.4661551,-0.4661551,-0.4661551,-0.4661551,-0.4661551,-0.4661551,-0.4661551,-0.4661551,-0.4661551,-0.4661551,-0.4661551,-0.4661551,-0.4661551,-0.4661551,-0.4661551,-0.4661551,-0.4661551,-0.4661551,-0.4661551,-0.4661551,-0.4661551,-0.4661551,-0.4661551,-0.4661551,-0.4661551,-0.4661551,-0.4661551,-0.4661551,-0.4661551,-0.4661551,-0.4661551,-0.4661551,-0.4661551,-0.4661551,-0.4661551,-0.4661551,-0.4661551,-0.4661551,-0.4661551,-0.4661551,-0.4661551,-0.4661551,-0.4661551,-0.4661551,-0.4661551,-0.4661551,-0.4661551,-0.4661551,-0.4661551,-0.4661551,-0.4661551,-0.4661551,-0.4661551,-0.4661551,-0.4661551,-0.4661551,-0.4661551,-0.4661551,-0.4661551,0
0,-0.4661551,-0.4661551,-0.4661551,-0.4661551,-0.4661551,-0.4661551,-0.4661551,-0.4661551,-0.4661551,-0.4661551,-0.4661551,-0.4661551,-0.4661551,-0.4661551,-0.4661551,-0.4661551,-0.4661551,-0.4661551,-0.4661551,-0.4661551,-0.4661551,-0.4661551,-0.4661551,-0.4661551,-0.4661551,-0.4661551,-0.4661551,-0.4661551,-0.4661551,-0.4661551,-0.4661551,-0.4661551,-0.4661551,-0.4661551,-0.4661551,-0.4661551,-0.4661551,-0.4661551,-0.4661551,-0.4661551,-0.4661551,-0.4661551,-0.4661551,-0.4661551,-0.4661551,-0.4661551,-0.4661551,-0.4661551,-0.4661551,-0.4661551,-0.4661551,-0.4661551,-0.4661551,-0.4661551,-0.4661551,-0.4661551,-0.4661551,-0.4661551,-0.4661551,-0.4661551,-0.4661551,-0.4661551,-0.4661551,-0.4661551,-0.4661551,-0.4661551,-0.4661551,-0.4661551,-0.4661551,-0.4661551,-0.4661551,-0.4661551,-0.4661551,-0.4661551,-0.4661551,-0.4661551,-0.4661551,-0.4661551,-0.4661551,-0.4661551,-0.4661551,-0.4661551,-0.4661551,-0.4661551,-0.4661551,-0.4661551,-0.4661551,-0.4661551,-0.4661551,-0.4661551,-0.4661551,-0.4661551,-0.4661551,-0.4661551,-0.4661551,-0.4661551,-0.4661551,-0.4661551,-0.4661551,-0.4661551,-0.4661551,-0.4661551,-0.4661551,-0.4661551,-0.4661551,-0.4661551,-0.4661551,-0.4661551,-0.4661551,-0.4661551,-0.4661551,-0.4661551,-0.4661551,-0.4661551,-0.4661551,-0.4661551,-0.4661551,-0.4661551,-0.4661551,-0.4661551,-0.4661551,-0.4661551,-0.4661551,-0.4661551,-0.4661551,-0.4661551,-0.4661551,-0.4661551,-0.4661551,-0.4661551,-0.4661551,-0.4661551,-0.4661551,-0.4661551,-0.4661551,-0.4661551,-0.4661551,-0.4661551,-0.4661551,-0.4661551,-0.4661551,-0.4661551,-0.4661551,-0.4661551,-0.4661551,-0.4661551,-0.4661551,-0.4661551,-0.4661551,-0.4661551,-0.4661551,-0.4661551,-0.4661551,-0.4661551,-0.4661551,-0.4661551,-0.4661551,-0.4661551,-0.4661551,-0.4661551,-0.4661551,-0.4661551,-0.4661551,-0.4661551,-0.4661551,-0.4661551,-0.4661551,-0.4661551,-0.4661551,-0.4661551,-0.4661551,-0.4661551,-0.4661551,-0.4661551,-0.4661551,-0.4661551,-0.4661551,-0.4661551,-0.4661551,-0.4661551,-0.4661551,-0.4661551,-0.4661551,-0.4661551,-0.4661551,-0.4661551,-0.4661551,-0.4661551,-0.4661551,-0.4661551,-0.4661551,-0.4661551,-0.4661551,-0.4661551,-0.4661551,-0.4661551,0
0,-0.4661551,-0.4661551,-0.4661551,-0.4661551,-0.4661551,-0.4661551,-0.4661551,-0.4661551,-0.4661551,-0.4661551,-0.4661551,-0.4661551,-0.4661551,-0.4661551,-0.4661551,-0.4661551,-0.4661551,-0.4661551,-0.4661551,-0.4661551,-0.4661551,-0.4661551,-0.4661551,-0.4661551,-0.4661551,-0.4661551,-0.4661551,-0.4661551,-0.4661551,-0.4661551,-0.4661551,-0.4661551,-0.4661551,-0.4661551,-0.4661551,-0.4661551,-0.4661551,-0.4661551,-0.4661551,-0.4661551,-0.4661551,-0.4661551,-0.4661551,-0.4661551,-0.4661551,-0.4661551,-0.4661551,-0.4661551,-0.4661551,-0.4661551,-0.4661551,-0.4661551,-0.4661551,-0.4661551,-0.4661551,-0.4661551,-0.4661551,-0.4661551,-0.4661551,-0.4661551,-0.4661551,-0.4661551,-0.4661551,-0.4661551,-0.4661551,-0.4661551,-0.4661551,-0.4661551,-0.4661551,-0.4661551,-0.4661551,-0.4661551,-0.4661551,-0.4661551,-0.4661551,-0.4661551,-0.4661551,-0.4661551,-0.4661551,-0.4661551,-0.4661551,-0.4661551,-0.4661551,-0.4661551,-0.4661551,-0.4661551,-0.4661551,-0.4661551,-0.4661551,-0.4661551,-0.4661551,-0.4661551,-0.4661551,-0.4661551,-0.4661551,-0.4661551,-0.4661551,-0.4661551,-0.4661551,-0.4661551,-0.4661551,-0.4661551,-0.4661551,-0.4661551,-0.4661551,-0.4661551,-0.4661551,-0.4661551,-0.4661551,-0.4661551,-0.4661551,-0.4661551,-0.4661551,-0.4661551,-0.4661551,-0.4661551,-0.4661551,-0.4661551,-0.4661551,-0.4661551,-0.4661551,-0.4661551,-0.4661551,-0.4661551,-0.4661551,-0.4661551,-0.4661551,-0.4661551,-0.4661551,-0.4661551,-0.4661551,-0.4661551,-0.4661551,-0.4661551,-0.4661551,-0.4661551,-0.4661551,-0.4661551,-0.4661551,-0.4661551,-0.4661551,-0.4661551,-0.4661551,-0.4661551,-0.4661551,-0.4661551,-0.4661551,-0.4661551,-0.4661551,-0.4661551,-0.4661551,-0.4661551,-0.4661551,-0.4661551,-0.4661551,-0.4661551,-0.4661551,-0.4661551,-0.4661551,-0.4661551,-0.4661551,-0.4661551,-0.4661551,-0.4661551,-0.4661551,-0.4661551,-0.4661551,-0.4661551,-0.4661551,-0.4661551,-0.4661551,-0.4661551,-0.4661551,-0.4661551,-0.4661551,-0.4661551,-0.4661551,-0.4661551,-0.4661551,-0.4661551,-0.4661551,-0.4661551,-0.4661551,-0.4661551,-0.4661551,-0.4661551,-0.4661551,-0.4661551,-0.4661551,-0.4661551,-0.4661551,-0.4661551,-0.4661551,-0.4661551,-0.4661551,-0.4661551,0
0,-0.4661551,-0.4661551,-0.4661551,-0.4661551,-0.4661551,-0.4661551,-0.4661551,-0.4661551,-0.4661551,-0.4661551,-0.4661551,-0.4661551,-0.4661551,-0.4661551,-0.4661551,-0.4661551,-0.4661551,-0.4661551,-0.4661551,-0.4661551,-0.4661551,-0.4661551,-0.4661551,-0.4661551,-0.4661551,-0.4661551,-0.4661551,-0.4661551,-0.4661551,-0.4661551,-0.4661551,-0.4661551,-0.4661551,-0.4661551,-0.4661551,-0.4661551,-0.4661551,-0.4661551,-0.4661551,-0.4661551,-0.4661551,-0.4661551,-0.4661551,-0.4661551,-0.4661551,-0.4661551,-0.4661551,-0.4661551,-0.4661551,-0.4661551,-0.4661551,-0.4661551,-0.4661551,-0.4661551,-0.4661551,-0.4661551,-0.4661551,-0.4661551,-0.4661551,-0.4661551,-0.4661551,-0.4661551,-0.4661551,-0.4661551,-0.4661551,-0.4661551,-0.4661551,-0.4661551,-0.4661551,-0.4661551,-0.4661551,-0.4661551,-0.4661551,-0.4661551,-0.4661551,-0.4661551,-0.4661551,-0.4661551,-0.4661551,-0.4661551,-0.4661551,-0.4661551,-0.4661551,-0.4661551,-0.4661551,-0.4661551,-0.4661551,-0.4661551,-0.4661551,-0.4661551,-0.4661551,-0.4661551,-0.4661551,-0.4661551,-0.4661551,-0.4661551,-0.4661551,-0.4661551,-0.4661551,-0.4661551,-0.4661551,-0.4661551,-0.4661551,-0.4661551,-0.4661551,-0.4661551,-0.4661551,-0.4661551,-0.4661551,-0.4661551,-0.4661551,-0.4661551,-0.4661551,-0.4661551,-0.4661551,-0.4661551,-0.4661551,-0.4661551,-0.4661551,-0.4661551,-0.4661551,-0.4661551,-0.4661551,-0.4661551,-0.4661551,-0.4661551,-0.4661551,-0.4661551,-0.4661551,-0.4661551,-0.4661551,-0.4661551,-0.4661551,-0.4661551,-0.4661551,-0.4661551,-0.4661551,-0.4661551,-0.4661551,-0.4661551,-0.4661551,-0.4661551,-0.4661551,-0.4661551,-0.4661551,-0.4661551,-0.4661551,-0.4661551,-0.4661551,-0.4661551,-0.4661551,-0.4661551,-0.4661551,-0.4661551,-0.4661551,-0.4661551,-0.4661551,-0.4661551,-0.4661551,-0.4661551,-0.4661551,-0.4661551,-0.4661551,-0.4661551,-0.4661551,-0.4661551,-0.4661551,-0.4661551,-0.4661551,-0.4661551,-0.4661551,-0.4661551,-0.4661551,-0.4661551,-0.4661551,-0.4661551,-0.4661551,-0.4661551,-0.4661551,-0.4661551,-0.4661551,-0.4661551,-0.4661551,-0.4661551,-0.4661551,-0.4661551,-0.4661551,-0.4661551,-0.4661551,-0.4661551,-0.4661551,-0.4661551,-0.4661551,-0.4661551,-0.4661551,-0.4661551,0
0,-0.4661551,-0.4661551,-0.4661551,-0.4661551,-0.4661551,-0.4661551,-0.4661551,-0.4661551,-0.4661551,-0.4661551,-0.4661551,-0.4661551,-0.4661551,-0.4661551,-0.4661551,-0.4661551,-0.4661551,-0.4661551,-0.4661551,-0.4661551,-0.4661551,-0.4661551,-0.4661551,-0.4661551,-0.4661551,-0.4661551,-0.4661551,-0.4661551,-0.4661551,-0.4661551,-0.4661551,-0.4661551,-0.4661551,-0.4661551,-0.4661551,-0.4661551,-0.4661551,-0.4661551,-0.4661551,-0.4661551,-0.4661551,-0.4661551,-0.4661551,-0.4661551,-0.4661551,-0.4661551,-0.4661551,-0.4661551,-0.4661551,-0.4661551,-0.4661551,-0.4661551,-0.4661551,-0.4661551,-0.4661551,-0.4661551,-0.4661551,-0.4661551,-0.4661551,-0.4661551,-0.4661551,-0.4661551,-0.4661551,-0.4661551,-0.4661551,-0.4661551,-0.4661551,-0.4661551,-0.4661551,-0.4661551,-0.4661551,-0.4661551,-0.4661551,-0.4661551,-0.4661551,-0.4661551,-0.4661551,-0.4661551,-0.4661551,-0.4661551,-0.4661551,-0.4661551,-0.4661551,-0.4661551,-0.4661551,-0.4661551,-0.4661551,-0.4661551,-0.4661551,-0.4661551,-0.4661551,-0.4661551,-0.4661551,-0.4661551,-0.4661551,-0.4661551,-0.4661551,-0.4661551,-0.4661551,-0.4661551,-0.4661551,-0.4661551,-0.4661551,-0.4661551,-0.4661551,-0.4661551,-0.4661551,-0.4661551,-0.4661551,-0.4661551,-0.4661551,-0.4661551,-0.4661551,-0.4661551,-0.4661551,-0.4661551,-0.4661551,-0.4661551,-0.4661551,-0.4661551,-0.4661551,-0.4661551,-0.4661551,-0.4661551,-0.4661551,-0.4661551,-0.4661551,-0.4661551,-0.4661551,-0.4661551,-0.4661551,-0.4661551,-0.4661551,-0.4661551,-0.4661551,-0.4661551,-0.4661551,-0.4661551,-0.4661551,-0.4661551,-0.4661551,-0.4661551,-0.4661551,-0.4661551,-0.4661551,-0.4661551,-0.4661551,-0.4661551,-0.4661551,-0.4661551,-0.4661551,-0.4661551,-0.4661551,-0.4661551,-0.4661551,-0.4661551,-0.4661551,-0.4661551,-0.4661551,-0.4661551,-0.4661551,-0.4661551,-0.4661551,-0.4661551,-0.4661551,-0.4661551,-0.4661551,-0.4661551,-0.4661551,-0.4661551,-0.4661551,-0.4661551,-0.4661551,-0.4661551,-0.4661551,-0.4661551,-0.4661551,-0.4661551,-0.4661551,-0.4661551,-0.4661551,-0.4661551,-0.4661551,-0.4661551,-0.4661551,-0.4661551,-0.4661551,-0.4661551,-0.4661551,-0.4661551,-0.4661551,-0.4661551,-0.4661551,-0.4661551,-0.4661551,-0.4661551,0
0,-0.4661551,-0.4661551,-0.4661551,-0.4661551,-0.4661551,-0.4661551,-0.4661551,-0.4661551,-0.4661551,-0.4661551,-0.4661551,-0.4661551,-0.4661551,-0.4661551,-0.4661551,-0.4661551,-0.4661551,-0.4661551,-0.4661551,-0.4661551,-0.4661551,-0.4661551,-0.4661551,-0.4661551,-0.4661551,-0.4661551,-0.4661551,-0.4661551,-0.4661551,-0.4661551,-0.4661551,-0.4661551,-0.4661551,-0.4661551,-0.4661551,-0.4661551,-0.4661551,-0.4661551,-0.4661551,-0.4661551,-0.4661551,-0.4661551,-0.4661551,-0.4661551,-0.4661551,-0.4661551,-0.4661551,-0.4661551,-0.4661551,-0.4661551,-0.4661551,-0.4661551,-0.4661551,-0.4661551,-0.4661551,-0.4661551,-0.4661551,-0.4661551,-0.4661551,-0.4661551,-0.4661551,-0.4661551,-0.4661551,-0.4661551,-0.4661551,-0.4661551,-0.4661551,-0.4661551,-0.4661551,-0.4661551,-0.4661551,-0.4661551,-0.4661551,-0.4661551,-0.4661551,-0.4661551,-0.4661551,-0.4661551,-0.4661551,-0.4661551,-0.4661551,-0.4661551,-0.4661551,-0.4661551,-0.4661551,-0.4661551,-0.4661551,-0.4661551,-0.4661551,-0.4661551,-0.4661551,-0.4661551,-0.4661551,-0.4661551,-0.4661551,-0.4661551,-0.4661551,-0.4661551,-0.4661551,-0.4661551,-0.4661551,-0.4661551,-0.4661551,-0.4661551,-0.4661551,-0.4661551,-0.4661551,-0.4661551,-0.4661551,-0.4661551,-0.4661551,-0.4661551,-0.4661551,-0.4661551,-0.4661551,-0.4661551,-0.4661551,-0.4661551,-0.4661551,-0.4661551,-0.4661551,-0.4661551,-0.4661551,-0.4661551,-0.4661551,-0.4661551,-0.4661551,-0.4661551,-0.4661551,-0.4661551,-0.4661551,-0.4661551,-0.4661551,-0.4661551,-0.4661551,-0.4661551,-0.4661551,-0.4661551,-0.4661551,-0.4661551,-0.4661551,-0.4661551,-0.4661551,-0.4661551,-0.4661551,-0.4661551,-0.4661551,-0.4661551,-0.4661551,-0.4661551,-0.4661551,-0.4661551,-0.4661551,-0.4661551,-0.4661551,-0.4661551,-0.4661551,-0.4661551,-0.4661551,-0.4661551,-0.4661551,-0.4661551,-0.4661551,-0.4661551,-0.4661551,-0.4661551,-0.4661551,-0.4661551,-0.4661551,-0.4661551,-0.4661551,-0.4661551,-0.4661551,-0.4661551,-0.4661551,-0.4661551,-0.4661551,-0.4661551,-0.4661551,-0.4661551,-0.4661551,-0.4661551,-0.4661551,-0.4661551,-0.4661551,-0.4661551,-0.4661551,-0.4661551,-0.4661551,-0.4661551,-0.4661551,-0.4661551,-0.4661551,-0.4661551,-0.4661551,-0.4661551,0
0,-0.4661551,-0.4661551,-0.4661551,-0.4661551,-0.4661551,-0.4661551,-0.4661551,-0.4661551,-0.4661551,-0.4661551,-0.4661551,-0.4661551,-0.4661551,-0.4661551,-0.4661551,-0.4661551,-0.4661551,-0.4661551,-0.4661551,-0.4661551,-0.4661551,-0.4661551,-0.4661551,-0.4661551,-0.4661551,-0.4661551,-0.4661551,-0.4661551,-0.4661551,-0.4661551,-0.4661551,-0.4661551,-0.4661551,-0.4661551,-0.4661551,-0.4661551,-0.4661551,-0.4661551,-0.4661551,-0.4661551,-0.4661551,-0.4661551,-0.4661551,-0.4661551,-0.4661551,-0.4661551,-0.4661551,-0.4661551,-0.4661551,-0.4661551,-0.4661551,-0.4661551,-0.4661551,-0.4661551,-0.4661551,-0.4661551,-0.4661551,-0.4661551,-0.4661551,-0.4661551,-0.4661551,-0.4661551,-0.4661551,-0.4661551,-0.4661551,-0.4661551,-0.4661551,-0.4661551,-0.4661551,-0.4661551,-0.4661551,-0.4661551,-0.4661551,-0.4661551,-0.4661551,-0.4661551,-0.4661551,-0.4661551,-0.4661551,-0.4661551,-0.4661551,-0.4661551,-0.4661551,-0.4661551,-0.4661551,-0.4661551,-0.4661551,-0.4661551,-0.4661551,-0.4661551,-0.4661551,-0.4661551,-0.4661551,-0.4661551,-0.4661551,-0.4661551,-0.4661551,-0.4661551,-0.4661551,-0.4661551,-0.4661551,-0.4661551,-0.4661551,-0.4661551,-0.4661551,-0.4661551,-0.4661551,-0.4661551,-0.4661551,-0.4661551,-0.4661551,-0.4661551,-0.4661551,-0.4661551,-0.4661551,-0.4661551,-0.4661551,-0.4661551,-0.4661551,-0.4661551,-0.4661551,-0.4661551,-0.4661551,-0.4661551,-0.4661551,-0.4661551,-0.4661551,-0.4661551,-0.4661551,-0.4661551,-0.4661551,-0.4661551,-0.4661551,-0.4661551,-0.4661551,-0.4661551,-0.4661551,-0.4661551,-0.4661551,-0.4661551,-0.4661551,-0.4661551,-0.4661551,-0.4661551,-0.4661551,-0.4661551,-0.4661551,-0.4661551,-0.4661551,-0.4661551,-0.4661551,-0.4661551,-0.4661551,-0.4661551,-0.4661551,-0.4661551,-0.4661551,-0.4661551,-0.4661551,-0.4661551,-0.4661551,-0.4661551,-0.4661551,-0.4661551,-0.4661551,-0.4661551,-0.4661551,-0.4661551,-0.4661551,-0.4661551,-0.4661551,-0.4661551,-0.4661551,-0.4661551,-0.4661551,-0.4661551,-0.4661551,-0.4661551,-0.4661551,-0.4661551,-0.4661551,-0.4661551,-0.4661551,-0.4661551,-0.4661551,-0.4661551,-0.4661551,-0.4661551,-0.4661551,-0.4661551,-0.4661551,-0.4661551,-0.4661551,-0.4661551,-0.4661551,-0.4661551,0
0,-0.4661551,-0.4661551,-0.4661551,-0.4661551,-0.4661551,-0.4661551,-0.4661551,-0.4661551,-0.4661551,-0.4661551,-0.4661551,-0.4661551,-0.4661551,-0.4661551,-0.4661551,-0.4661551,-0.4661551,-0.4661551,-0.4661551,-0.4661551,-0.4661551,-0.4661551,-0.4661551,-0.4661551,-0.4661551,-0.4661551,-0.4661551,-0.4661551,-0.4661551,-0.4661551,-0.4661551,-0.4661551,-0.4661551,-0.4661551,-0.4661551,-0.4661551,-0.4661551,-0.4661551,-0.4661551,-0.4661551,-0.4661551,-0.4661551,-0.4661551,-0.4661551,-0.4661551,-0.4661551,-0.4661551,-0.4661551,-0.4661551,-0.4661551,-0.4661551,-0.4661551,-0.4661551,-0.4661551,-0.4661551,-0.4661551,-0.4661551,-0.4661551,-0.4661551,-0.4661551,-0.4661551,-0.4661551,-0.4661551,-0.4661551,-0.4661551,-0.4661551,-0.4661551,-0.4661551,-0.4661551,-0.4661551,-0.4661551,-0.4661551,-0.4661551,-0.4661551,-0.4661551,-0.4661551,-0.4661551,-0.4661551,-0.4661551,-0.4661551,-0.4661551,-0.4661551,-0.4661551,-0.4661551,-0.4661551,-0.4661551,-0.4661551,-0.4661551,-0.4661551,-0.4661551,-0.4661551,-0.4661551,-0.4661551,-0.4661551,-0.4661551,-0.4661551,-0.4661551,-0.4661551,-0.4661551,-0.4661551,-0.4661551,-0.4661551,-0.4661551,-0.4661551,-0.4661551,-0.4661551,-0.4661551,-0.4661551,-0.4661551,-0.4661551,-0.4661551,-0.4661551,-0.4661551,-0.4661551,-0.4661551,-0.4661551,-0.4661551,-0.4661551,-0.4661551,-0.4661551,-0.4661551,-0.4661551,-0.4661551,-0.4661551,-0.4661551,-0.4661551,-0.4661551,-0.4661551,-0.4661551,-0.4661551,-0.4661551,-0.4661551,-0.4661551,-0.4661551,-0.4661551,-0.4661551,-0.4661551,-0.4661551,-0.4661551,-0.4661551,-0.4661551,-0.4661551,-0.4661551,-0.4661551,-0.4661551,-0.4661551,-0.4661551,-0.4661551,-0.4661551,-0.4661551,-0.4661551,-0.4661551,-0.4661551,-0.4661551,-0.4661551,-0.4661551,-0.4661551,-0.4661551,-0.4661551,-0.4661551,-0.4661551,-0.4661551,-0.4661551,-0.4661551,-0.4661551,-0.4661551,-0.4661551,-0.4661551,-0.4661551,-0.4661551,-0.4661551,-0.4661551,-0.4661551,-0.4661551,-0.4661551,-0.4661551,-0.4661551,-0.4661551,-0.4661551,-0.4661551,-0.4661551,-0.4661551,-0.4661551,-0.4661551,-0.4661551,-0.4661551,-0.4661551,-0.4661551,-0.4661551,-0.4661551,-0.4661551,-0.4661551,-0.4661551,-0.4661551,-0.4661551,-0.4661551,0
0,-0.4661551,-0.4661551,-0.4661551,-0.4661551,-0.4661551,-0.4661551,-0.4661551,-0.4661551,-0.4661551,-0.4661551,-0.4661551,-0.4661551,-0.4661551,-0.4661551,-0.4661551,-0.4661551,-0.4661551,-0.4661551,-0.4661551,-0.4661551,-0.4661551,-0.4661551,-0.4661551,-0.4661551,-0.4661551,-0.4661551,-0.4661551,-0.4661551,-0.4661551,-0.4661551,-0.4661551,-0.4661551,-0.4661551,-0.4661551,-0.4661551,-0.4661551,-0.4661551,-0.4661551,-0.4661551,-0.4661551,-0.4661551,-0.4661551,-0.4661551,-0.4661551,-0.4661551,-0.4661551,-0.4661551,-0.4661551,-0.4661551,-0.4661551,-0.4661551,-0.4661551,-0.4661551,-0.4661551,-0.4661551,-0.4661551,-0.4661551,-0.4661551,-0.4661551,-0.4661551,-0.4661551,-0.4661551,-0.4661551,-0.4661551,-0.4661551,-0.4661551,-0.4661551,-0.4661551,-0.4661551,-0.4661551,-0.4661551,-0.4661551,-0.4661551,-0.4661551,-0.4661551,-0.4661551,-0.4661551,-0.4661551,-0.4661551,-0.4661551,-0.4661551,-0.4661551,-0.4661551,-0.4661551,-0.4661551,-0.4661551,-0.4661551,-0.4661551,-0.4661551,-0.4661551,-0.4661551,-0.4661551,-0.4661551,-0.4661551,-0.4661551,-0.4661551,-0.4661551,-0.4661551,-0.4661551,-0.4661551,-0.4661551,-0.4661551,-0.4661551,-0.4661551,-0.4661551,-0.4661551,-0.4661551,-0.4661551,-0.4661551,-0.4661551,-0.4661551,-0.4661551,0,0,0,0,0,0,0,0,0,0,0,0,0,0,0,0,0,0,0,0,0,0,0,0,0,0,0,0,0,0,0,0,0,0,0,0,0,0,0,0,0,0,0,0,0,0,0,0,0,0,0,0,0,0,0,0,0,0,0,0,0,0,0,0,0,0,0,0,0,0,0,0,0,0,0,0,0,0,0,0,0,0,0,0,0
0,0,0,0,0,0,0,0,0,0,0,0,0,0,0,0,0,0,0,0,0,0,0,0,0,0,0,0,0,0,0,0,0,0,0,0,0,0,0,0,0,0,0,0,0,0,0,0,0,0,0,0,0,0,0,0,0,0,0,0,0,0,0,0,0,0,0,0,0,0,0,0,0,0,0,0,0,0,0,0,0,0,0,0,0,0,0,0,0,0,0,0,0,0,0,0,0,0,0,0,0,0,0,0,0,0,0,0,0,0,0,0,0,0,0,0,0,0,0,0,0,0,0,0,0,0,0,0,0,0,0,0,0,0,0,0,0,0,0,0,0,0,0,0,0,0,0,0,0,0,0,0,0,0,0,0,0,0,0,0,0,0,0,0,0,0,0,0,0,0,0,0,0,0,0,0,0,0,0,0,0,0,0,0,0,0,0,0,0,0,0,0,0,0,0,0,0,0
0,0,0,0,0,0,0,0,0,0,0,0,0,0,0,0,0,0,0,0,0,0,0,0,0,0,0,0,0,0,0,0,0,0,0,0,0,0,0,0,0,0,0,0,0,0,0,0,0,0,0,0,0,0,0,0,0,0,0,0,0,0,0,0,0,0,0,0,0,0,0,0,0,0,0,0,0,0,0,0,0,0,0,0,0,0,0,0,0,0,0,0,0,0,0,0,0,0,0,0,0,0,0,0,0,0,0,0,0,0,0,0,0,0,0,0,0,0,0,0,0,0,0,0,0,0,0,0,0,0,0,0,0,0,0,0,0,0,0,0,0,0,0,0,0,0,0,0,0,0,0,0,0,0,0,0,0,0,0,0,0,0,0,0,0,0,0,0,0,0,0,0,0,0,0,0,0,0,0,0,0,0,0,0,0,0,0,0,0,0,0,0,0,0,0,0,0,0
0,0,0,0,0,0,0,0,0,0,0,0,0,0,0,0,0,0,0,0,0,0,0,0,0,0,0,0,0,0,0,0,0,0,0,0,0,0,0,0,0,0,0,0,0,0,0,0,0,0,0,0,0,0,0,0,0,0,0,0,0,0,0,0,0,0,0,0,0,0,0,0,0,0,0,0,0,0,0,0,0,0,0,0,0,0,0,0,0,0,0,0,0,0,0,0,0,0,0,0,0,0,0,0,0,0,0,0,0,0,0,0,0,0,0,0,0,0,0,0,0,0,0,0,0,0,0,0,0,0,0,0,0,0,0,0,0,0,0,0,0,0,0,0,0,0,0,0,0,0,0,0,0,0,0,0,0,0,0,0,0,0,0,0,0,0,0,0,0,0,0,0,0,0,0,0,0,0,0,0,0,0,0,0,0,0,0,0,0,0,0,0,0,0,0,0,0,0
0,0,0,0,0,0,0,0,0,0,0,0,0,0,0,0,0,0,0,0,0,0,0,0,0,0,0,0,0,0,0,0,0,0,0,0,0,0,0,0,0,0,0,0,0,0,0,0,0,0,0,0,0,0,0,0,0,0,0,0,0,0,0,0,0,0,0,0,0,0,0,0,0,0,0,0,0,0,0,0,0,0,0,0,0,0,0,0,0,0,0,0,0,0,0,0,0,0,0,0,0,0,0,0,0,0,0,0,0,0,0,0,0,0,0,0,0,0,0,0,0,0,0,0,0,0,0,0,0,0,0,0,0,0,0,0,0,0,0,0,0,0,0,0,0,0,0,0,0,0,0,0,0,0,0,0,0,0,0,0,0,0,0,0,0,0,0,0,0,0,0,0,0,0,0,0,0,0,0,0,0,0,0,0,0,0,0,0,0,0,0,0,0,0,0,0,0,0
0,0,0,0,0,0,0,0,0,0,0,0,0,0,0,0,0,0,0,0,0,0,0,0,0,0,0,0,0,0,0,0,0,0,0,0,0,0,0,0,0,0,0,0,0,0,0,0,0,0,0,0,0,0,0,0,0,0,0,0,0,0,0,0,0,0,0,0,0,-0.7132416,-0.7132416,-0.7132416,-0.7132416,-0.7132416,-0.7132416,-0.7132416,-0.7132416,-0.7132416,-0.7132416,-0.7132416,-0.7132416,-0.7132416,-0.7132416,-0.7132416,-0.7132416,-0.7132416,-0.7132416,-0.7132416,-0.7132416,-0.7132416,-0.7132416,-0.7132416,-0.7132416,-0.7132416,-0.7132416,-0.7132416,-0.7132416,-0.7132416,-0.7132416,-0.7132416,-0.7132416,-0.7132416,-0.7132416,-0.7132416,-0.7132416,-0.7132416,-0.7132416,-0.7132416,-0.7132416,-0.7132416,-0.7132416,-0.7132416,-0.7132416,-0.7132416,-0.7132416,-0.7132416,-0.7132416,-0.7132416,-0.7132416,-0.7132416,-0.7132416,-0.7132416,-0.7132416,-0.7132416,-0.7132416,-0.7132416,-0.7132416,-0.7132416,-0.7132416,-0.7132416,-0.7132416,-0.7132416,-0.7132416,-0.7132416,-0.7132416,-0.7132416,-0.7132416,-0.7132416,-0.7132416,-0.7132416,-0.7132416,-0.7132416,-0.7132416,-0.7132416,-0.7132416,-0.7132416,-0.7132416,-0.7132416,-0.7132416,-0.7132416,-0.7132416,-0.7132416,-0.7132416,-0.7132416,-0.7132416,-0.7132416,-0.7132416,-0.7132416,-0.7132416,-0.7132416,-0.7132416,-0.7132416,-0.7132416,-0.7132416,-0.7132416,-0.7132416,-0.7132416,-0.7132416,-0.7132416,-0.7132416,-0.7132416,-0.7132416,-0.7132416,-0.7132416,-0.7132416,-0.7132416,-0.7132416,-0.7132416,-0.7132416,-0.7132416,-0.7132416,-0.7132416,-0.7132416,-0.7132416,-0.7132416,-0.7132416,-0.7132416,-0.7132416,-0.7132416,-0.7132416,-0.7132416,-0.7132416,-0.7132416,-0.7132416,-0.7132416,-0.7132416,-0.7132416,0
0,-0.7132416,-0.7132416,-0.7132416,-0.7132416,-0.7132416,-0.7132416,-0.7132416,-0.7132416,-0.7132416,-0.7132416,-0.7132416,-0.7132416,-0.7132416,-0.7132416,-0.7132416,-0.7132416,-0.7132416,-0.7132416,-0.7132416,-0.7132416,-0.7132416,-0.7132416,-0.7132416,-0.7132416,-0.7132416,-0.7132416,-0.7132416,-0.7132416,-0.7132416,-0.7132416,-0.7132416,-0.7132416,-0.7132416,-0.7132416,-0.7132416,-0.7132416,-0.7132416,-0.7132416,-0.7132416,-0.7132416,-0.7132416,-0.7132416,-0.7132416,-0.7132416,-0.7132416,-0.7132416,-0.7132416,-0.7132416,-0.7132416,-0.7132416,-0.7132416,-0.7132416,-0.7132416,-0.7132416,-0.7132416,-0.7132416,-0.7132416,-0.7132416,-0.7132416,-0.7132416,-0.7132416,-0.7132416,-0.7132416,-0.7132416,-0.7132416,-0.7132416,-0.7132416,-0.7132416,-0.7132416,-0.7132416,-0.7132416,-0.7132416,-0.7132416,-0.7132416,-0.7132416,-0.7132416,-0.7132416,-0.7132416,-0.7132416,-0.7132416,-0.7132416,-0.7132416,-0.7132416,-0.7132416,-0.7132416,-0.7132416,-0.7132416,-0.7132416,-0.7132416,-0.7132416,-0.7132416,-0.7132416,-0.7132416,-0.7132416,-0.7132416,-0.7132416,-0.7132416,-0.7132416,-0.7132416,-0.7132416,-0.7132416,-0.7132416,-0.7132416,-0.7132416,-0.7132416,-0.7132416,-0.7132416,-0.7132416,-0.7132416,-0.7132416,-0.7132416,-0.7132416,-0.7132416,-0.7132416,-0.7132416,-0.7132416,-0.7132416,-0.7132416,-0.7132416,-0.7132416,-0.7132416,-0.7132416,-0.7132416,-0.7132416,-0.7132416,-0.7132416,-0.7132416,-0.7132416,-0.7132416,-0.7132416,-0.7132416,-0.7132416,-0.7132416,-0.7132416,-0.7132416,-0.7132416,-0.7132416,-0.7132416,-0.7132416,-0.7132416,-0.7132416,-0.7132416,-0.7132416,-0.7132416,-0.7132416,-0.7132416,-0.7132416,-0.7132416,-0.7132416,-0.7132416,-0.7132416,-0.7132416,-0.7132416,-0.7132416,-0.7132416,-0.7132416,-0.7132416,-0.7132416,-0.7132416,-0.7132416,-0.7132416,-0.7132416,-0.7132416,-0.7132416,-0.7132416,-0.7132416,-0.7132416,-0.7132416,-0.7132416,-0.7132416,-0.7132416,-0.7132416,-0.7132416,-0.7132416,-0.7132416,-0.7132416,-0.7132416,-0.7132416,-0.7132416,-0.7132416,-0.7132416,-0.7132416,-0.7132416,-0.7132416,-0.7132416,-0.7132416,-0.7132416,-0.7132416,-0.7132416,-0.7132416,-0.7132416,-0.7132416,-0.7132416,-0.7132416,-0.7132416,-0.7132416,0
0,-0.7132416,-0.7132416,-0.7132416,-0.7132416,-0.7132416,-0.7132416,-0.7132416,-0.7132416,-0.7132416,-0.7132416,-0.7132416,-0.7132416,-0.7132416,-0.7132416,-0.7132416,-0.7132416,-0.7132416,-0.7132416,-0.7132416,-0.7132416,-0.7132416,-0.7132416,-0.7132416,-0.7132416,-0.7132416,-0.7132416,-0.7132416,-0.7132416,-0.7132416,-0.7132416,-0.7132416,-0.7132416,-0.7132416,-0.7132416,-0.7132416,-0.7132416,-0.7132416,-0.7132416,-0.7132416,-0.7132416,-0.7132416,-0.7132416,-0.7132416,-0.7132416,-0.7132416,-0.7132416,-0.7132416,-0.7132416,-0.7132416,-0.7132416,-0.7132416,-0.7132416,-0.7132416,-0.7132416,-0.7132416,-0.7132416,-0.7132416,-0.7132416,-0.7132416,-0.7132416,-0.7132416,-0.7132416,-0.7132416,-0.7132416,-0.7132416,-0.7132416,-0.7132416,-0.7132416,-0.7132416,-0.7132416,-0.7132416,-0.7132416,-0.7132416,-0.7132416,-0.7132416,-0.7132416,-0.7132416,-0.7132416,-0.7132416,-0.7132416,-0.7132416,-0.7132416,-0.7132416,-0.7132416,-0.7132416,-0.7132416,-0.7132416,-0.7132416,-0.7132416,-0.7132416,-0.7132416,-0.7132416,-0.7132416,-0.7132416,-0.7132416,-0.7132416,-0.7132416,-0.7132416,-0.7132416,-0.7132416,-0.7132416,-0.7132416,-0.7132416,-0.7132416,-0.7132416,-0.7132416,-0.7132416,-0.7132416,-0.7132416,-0.7132416,-0.7132416,-0.7132416,-0.7132416,-0.7132416,-0.7132416,-0.7132416,-0.7132416,-0.7132416,-0.7132416,-0.7132416,-0.7132416,-0.7132416,-0.7132416,-0.7132416,-0.7132416,-0.7132416,-0.7132416,-0.7132416,-0.7132416,-0.7132416,-0.7132416,-0.7132416,-0.7132416,-0.7132416,-0.7132416,-0.7132416,-0.7132416,-0.7132416,-0.7132416,-0.7132416,-0.7132416,-0.7132416,-0.7132416,-0.7132416,-0.7132416,-0.7132416,-0.7132416,-0.7132416,-0.7132416,-0.7132416,-0.7132416,-0.7132416,-0.7132416,-0.7132416,-0.7132416,-0.7132416,-0.7132416,-0.7132416,-0.7132416,-0.7132416,-0.7132416,-0.7132416,-0.7132416,-0.7132416,-0.7132416,-0.7132416,-0.7132416,-0.7132416,-0.7132416,-0.7132416,-0.7132416,-0.7132416,-0.7132416,-0.7132416,-0.7132416,-0.7132416,-0.7132416,-0.7132416,-0.7132416,-0.7132416,-0.7132416,-0.7132416,-0.7132416,-0.7132416,-0.7132416,-0.7132416,-0.7132416,-0.7132416,-0.7132416,-0.7132416,-0.7132416,-0.7132416,-0.7132416,-0.7132416,-0.7132416,-0.7132416,0
0,-0.7132416,-0.7132416,-0.7132416,-0.7132416,-0.7132416,-0.7132416,-0.7132416,-0.7132416,-0.7132416,-0.7132416,-0.7132416,-0.7132416,-0.7132416,-0.7132416,-0.7132416,-0.7132416,-0.7132416,-0.7132416,-0.7132416,-0.7132416,-0.7132416,-0.7132416,-0.7132416,-0.7132416,-0.7132416,-0.7132416,-0.7132416,-0.7132416,-0.7132416,-0.7132416,-0.7132416,-0.7132416,-0.7132416,-0.7132416,-0.7132416,-0.7132416,-0.7132416,-0.7132416,-0.7132416,-0.7132416,-0.7132416,-0.7132416,-0.7132416,-0.7132416,-0.7132416,-0.7132416,-0.7132416,-0.7132416,-0.7132416,-0.7132416,-0.7132416,-0.7132416,-0.7132416,-0.7132416,-0.7132416,-0.7132416,-0.7132416,-0.7132416,-0.7132416,-0.7132416,-0.7132416,-0.7132416,-0.7132416,-0.7132416,-0.7132416,-0.7132416,-0.7132416,-0.7132416,-0.7132416,-0.7132416,-0.7132416,-0.7132416,-0.7132416,-0.7132416,-0.7132416,-0.7132416,-0.7132416,-0.7132416,-0.7132416,-0.7132416,-0.7132416,-0.7132416,-0.7132416,-0.7132416,-0.7132416,-0.7132416,-0.7132416,-0.7132416,-0.7132416,-0.7132416,-0.7132416,-0.7132416,-0.7132416,-0.7132416,-0.7132416,-0.7132416,-0.7132416,-0.7132416,-0.7132416,-0.7132416,-0.7132416,-0.7132416,-0.7132416,-0.7132416,-0.7132416,-0.7132416,-0.7132416,-0.7132416,-0.7132416,-0.7132416,-0.7132416,-0.7132416,-0.7132416,-0.7132416,-0.7132416,-0.7132416,-0.7132416,-0.7132416,-0.7132416,-0.7132416,-0.7132416,-0.7132416,-0.7132416,-0.7132416,-0.7132416,-0.7132416,-0.7132416,-0.7132416,-0.7132416,-0.7132416,-0.7132416,-0.7132416,-0.7132416,-0.7132416,-0.7132416,-0.7132416,-0.7132416,-0.7132416,-0.7132416,-0.7132416,-0.7132416,-0.7132416,-0.7132416,-0.7132416,-0.7132416,-0.7132416,-0.7132416,-0.7132416,-0.7132416,-0.7132416,-0.7132416,-0.7132416,-0.7132416,-0.7132416,-0.7132416,-0.7132416,-0.7132416,-0.7132416,-0.7132416,-0.7132416,-0.7132416,-0.7132416,-0.7132416,-0.7132416,-0.7132416,-0.7132416,-0.7132416,-0.7132416,-0.7132416,-0.7132416,-0.7132416,-0.7132416,-0.7132416,-0.7132416,-0.7132416,-0.7132416,-0.7132416,-0.7132416,-0.7132416,-0.7132416,-0.7132416,-0.7132416,-0.7132416,-0.7132416,-0.7132416,-0.7132416,-0.7132416,-0.7132416,-0.7132416,-0.7132416,-0.7132416,-0.7132416,-0.7132416,-0.7132416,-0.7132416,-0.7132416,0
0,-0.7132416,-0.7132416,-0.7132416,-0.7132416,-0.7132416,-0.7132416,-0.7132416,-0.7132416,-0.7132416,-0.7132416,-0.7132416,-0.7132416,-0.7132416,-0.7132416,-0.7132416,-0.7132416,-0.7132416,-0.7132416,-0.7132416,-0.7132416,-0.7132416,-0.7132416,-0.7132416,-0.7132416,-0.7132416,-0.7132416,-0.7132416,-0.7132416,-0.7132416,-0.7132416,-0.7132416,-0.7132416,-0.7132416,-0.7132416,-0.7132416,-0.7132416,-0.7132416,-0.7132416,-0.7132416,-0.7132416,-0.7132416,-0.7132416,-0.7132416,-0.7132416,-0.7132416,-0.7132416,-0.7132416,-0.7132416,-0.7132416,-0.7132416,-0.7132416,-0.7132416,-0.7132416,-0.7132416,-0.7132416,-0.7132416,-0.7132416,-0.7132416,-0.7132416,-0.7132416,-0.7132416,-0.7132416,-0.7132416,-0.7132416,-0.7132416,-0.7132416,-0.7132416,-0.7132416,-0.7132416,-0.7132416,-0.7132416,-0.7132416,-0.7132416,-0.7132416,-0.7132416,-0.7132416,-0.7132416,-0.7132416,-0.7132416,-0.7132416,-0.7132416,-0.7132416,-0.7132416,-0.7132416,-0.7132416,-0.7132416,-0.7132416,-0.7132416,-0.7132416,-0.7132416,-0.7132416,-0.7132416,-0.7132416,-0.7132416,-0.7132416,-0.7132416,-0.7132416,-0.7132416,-0.7132416,-0.7132416,-0.7132416,-0.7132416,-0.7132416,-0.7132416,-0.7132416,-0.7132416,-0.7132416,-0.7132416,-0.7132416,-0.7132416,-0.7132416,-0.7132416,-0.7132416,-0.7132416,-0.7132416,-0.7132416,-0.7132416,-0.7132416,-0.7132416,-0.7132416,-0.7132416,-0.7132416,-0.7132416,-0.7132416,-0.7132416,-0.7132416,-0.7132416,-0.7132416,-0.7132416,-0.7132416,-0.7132416,-0.7132416,-0.7132416,-0.7132416,-0.7132416,-0.7132416,-0.7132416,-0.7132416,-0.7132416,-0.7132416,-0.7132416,-0.7132416,-0.7132416,-0.7132416,-0.7132416,-0.7132416,-0.7132416,-0.7132416,-0.7132416,-0.7132416,-0.7132416,-0.7132416,-0.7132416,-0.7132416,-0.7132416,-0.7132416,-0.7132416,-0.7132416,-0.7132416,-0.7132416,-0.7132416,-0.7132416,-0.7132416,-0.7132416,-0.7132416,-0.7132416,-0.7132416,-0.7132416,-0.7132416,-0.7132416,-0.7132416,-0.7132416,-0.7132416,-0.7132416,-0.7132416,-0.7132416,-0.7132416,-0.7132416,-0.7132416,-0.7132416,-0.7132416,-0.7132416,-0.7132416,-0.7132416,-0.7132416,-0.7132416,-0.7132416,-0.7132416,-0.7132416,-0.7132416,-0.7132416,-0.7132416,-0.7132416,-0.7132416,-0.7132416,-0.7132416,0
0,-0.7132416,-0.7132416,-0.7132416,-0.7132416,-0.7132416,-0.7132416,-0.7132416,-0.7132416,-0.7132416,-0.7132416,-0.7132416,-0.7132416,-0.7132416,-0.7132416,-0.7132416,-0.7132416,-0.7132416,-0.7132416,-0.7132416,-0.7132416,-0.7132416,-0.7132416,-0.7132416,-0.7132416,-0.7132416,-0.7132416,-0.7132416,-0.7132416,-0.7132416,-0.7132416,-0.7132416,-0.7132416,-0.7132416,-0.7132416,-0.7132416,-0.7132416,-0.7132416,-0.7132416,-0.7132416,-0.7132416,-0.7132416,-0.7132416,-0.7132416,-0.7132416,-0.7132416,-0.7132416,-0.7132416,-0.7132416,-0.7132416,-0.7132416,-0.7132416,-0.7132416,-0.7132416,-0.7132416,-0.7132416,-0.7132416,-0.7132416,-0.7132416,-0.7132416,-0.7132416,-0.7132416,-0.7132416,-0.7132416,-0.7132416,-0.7132416,-0.7132416,-0.7132416,-0.7132416,-0.7132416,-0.7132416,-0.7132416,-0.7132416,-0.7132416,-0.7132416,-0.7132416,-0.7132416,-0.7132416,-0.7132416,-0.7132416,-0.7132416,-0.7132416,-0.7132416,-0.7132416,-0.7132416,-0.7132416,-0.7132416,-0.7132416,-0.7132416,-0.7132416,-0.7132416,-0.7132416,-0.7132416,-0.7132416,-0.7132416,-0.7132416,-0.7132416,-0.7132416,-0.7132416,-0.7132416,-0.7132416,-0.7132416,-0.7132416,-0.7132416,-0.7132416,-0.7132416,-0.7132416,-0.7132416,-0.7132416,-0.7132416,-0.7132416,-0.7132416,-0.7132416,-0.7132416,-0.7132416,-0.7132416,-0.7132416,-0.7132416,-0.7132416,-0.7132416,-0.7132416,-0.7132416,-0.7132416,-0.7132416,-0.7132416,-0.7132416,-0.7132416,-0.7132416,-0.7132416,-0.7132416,-0.7132416,-0.7132416,-0.7132416,-0.7132416,-0.7132416,-0.7132416,-0.7132416,-0.7132416,-0.7132416,-0.7132416,-0.7132416,-0.7132416,-0.7132416,-0.7132416,-0.7132416,-0.7132416,-0.7132416,-0.7132416,-0.7132416,-0.7132416,-0.7132416,-0.7132416,-0.7132416,-0.7132416,-0.7132416,-0.7132416,-0.7132416,-0.7132416,-0.7132416,-0.7132416,-0.7132416,-0.7132416,-0.7132416,-0.7132416,-0.7132416,-0.7132416,-0.7132416,-0.7132416,-0.7132416,-0.7132416,-0.7132416,-0.7132416,-0.7132416,-0.7132416,-0.7132416,-0.7132416,-0.7132416,-0.7132416,-0.7132416,-0.7132416,-0.7132416,-0.7132416,-0.7132416,-0.7132416,-0.7132416,-0.7132416,-0.7132416,-0.7132416,-0.7132416,-0.7132416,-0.7132416,-0.7132416,-0.7132416,-0.7132416,-0.7132416,-0.7132416,-0.7132416,0
0,-0.7132416,-0.7132416,-0.7132416,-0.7132416,-0.7132416,-0.7132416,-0.7132416,-0.7132416,-0.7132416,-0.7132416,-0.7132416,-0.7132416,-0.7132416,-0.7132416,-0.7132416,-0.7132416,-0.7132416,-0.7132416,-0.7132416,-0.7132416,-0.7132416,-0.7132416,-0.7132416,-0.7132416,-0.7132416,-0.7132416,-0.7132416,-0.7132416,-0.7132416,-0.7132416,-0.7132416,-0.7132416,-0.7132416,-0.7132416,-0.7132416,-0.7132416,-0.7132416,-0.7132416,-0.7132416,-0.7132416,-0.7132416,-0.7132416,-0.7132416,-0.7132416,-0.7132416,-0.7132416,-0.7132416,-0.7132416,-0.7132416,-0.7132416,-0.7132416,-0.7132416,-0.7132416,-0.7132416,-0.7132416,-0.7132416,-0.7132416,-0.7132416,-0.7132416,-0.7132416,-0.7132416,-0.7132416,-0.7132416,-0.7132416,-0.7132416,-0.7132416,-0.7132416,-0.7132416,-0.7132416,-0.7132416,-0.7132416,-0.7132416,-0.7132416,-0.7132416,-0.7132416,-0.7132416,-0.7132416,-0.7132416,-0.7132416,-0.7132416,-0.7132416,-0.7132416,-0.7132416,-0.7132416,-0.7132416,-0.7132416,-0.7132416,-0.7132416,-0.7132416,-0.7132416,-0.7132416,-0.7132416,-0.7132416,-0.7132416,-0.7132416,-0.7132416,-0.7132416,-0.7132416,-0.7132416,-0.7132416,-0.7132416,-0.7132416,-0.7132416,-0.7132416,-0.7132416,-0.7132416,-0.7132416,-0.7132416,-0.7132416,-0.7132416,-0.7132416,-0.7132416,-0.7132416,-0.7132416,-0.7132416,-0.7132416,-0.7132416,-0.7132416,-0.7132416,-0.7132416,-0.7132416,-0.7132416,-0.7132416,-0.7132416,-0.7132416,-0.7132416,-0.7132416,-0.7132416,-0.7132416,-0.7132416,-0.7132416,-0.7132416,-0.7132416,-0.7132416,-0.7132416,-0.7132416,-0.7132416,-0.7132416,-0.7132416,-0.7132416,-0.7132416,-0.7132416,-0.7132416,-0.7132416,-0.7132416,-0.7132416,-0.7132416,-0.7132416,-0.7132416,-0.7132416,-0.7132416,-0.7132416,-0.7132416,-0.7132416,-0.7132416,-0.7132416,-0.7132416,-0.7132416,-0.7132416,0,0,0,0,0,0,0,0,-0.9676835,-0.9676835,-0.9676835,-0.9676835,-0.9676835,-0.9676835,-0.9676835,-0.9676835,-0.9676835,-0.9676835,-0.9676835,-0.9676835,-0.9676835,-0.9676835,-0.9676835,-0.9676835,-0.9676835,-0.9676835,-0.9676835,-0.9676835,-0.9676835,-0.9676835,-0.9676835,-0.9676835,-0.9676835,-0.9676835,-0.9676835,-0.9676835,-0.9676835,0
0,-0.9676835,-0.9676835,-0.9676835,-0.9676835,-0.9676835,-0.9676835,-0.9676835,-0.9676835,-0.9676835,-0.9676835,-0.9676835,-0.9676835,-0.9676835,-0.9676835,-0.9676835,-0.9676835,-0.9676835,-0.9676835,-0.9676835,-0.9676835,-0.9676835,-0.9676835,-0.9676835,-0.9676835,-0.9676835,-0.9676835,-0.9676835,-0.9676835,-0.9676835,-0.9676835,-0.9676835,-0.9676835,-0.9676835,-0.9676835,-0.9676835,-0.9676835,-0.9676835,-0.9676835,-0.9676835,-0.9676835,-0.9676835,-0.9676835,-0.9676835,-0.9676835,-0.9676835,-0.9676835,-0.9676835,-0.9676835,-0.9676835,-0.9676835,-0.9676835,-0.9676835,-0.9676835,-0.9676835,-0.9676835,-0.9676835,-0.9676835,-0.9676835,-0.9676835,-0.9676835,-0.9676835,-0.9676835,-0.9676835,-0.9676835,-0.9676835,-0.9676835,-0.9676835,-0.9676835,-0.9676835,-0.9676835,-0.9676835,-0.9676835,-0.9676835,-0.9676835,-0.9676835,-0.9676835,-0.9676835,-0.9676835,-0.9676835,-0.9676835,-0.9676835,-0.9676835,-0.9676835,-0.9676835,-0.9676835,-0.9676835,-0.9676835,-0.9676835,-0.9676835,-0.9676835,-0.9676835,-0.9676835,-0.9676835,-0.9676835,-0.9676835,-0.9676835,-0.9676835,-0.9676835,-0.9676835,-0.9676835,-0.9676835,-0.9676835,-0.9676835,-0.9676835,-0.9676835,-0.9676835,-0.9676835,-0.9676835,-0.9676835,-0.9676835,-0.9676835,-0.9676835,-0.9676835,-0.9676835,-0.9676835,-0.9676835,-0.9676835,-0.9676835,-0.9676835,-0.9676835,-0.9676835,-0.9676835,-0.9676835,-0.9676835,-0.9676835,-0.9676835,-0.9676835,-0.9676835,-0.9676835,-0.9676835,-0.9676835,-0.9676835,-0.9676835,-0.9676835,-0.9676835,-0.9676835,-0.9676835,-0.9676835,-0.9676835,-0.9676835,-0.9676835,-0.9676835,-0.9676835,-0.9676835,-0.9676835,-0.9676835,-0.9676835,-0.9676835,-0.9676835,-0.9676835,-0.9676835,-0.9676835,-0.9676835,-0.9676835,-0.9676835,-0.9676835,-0.9676835,-0.9676835,-0.9676835,-0.9676835,-0.9676835,-0.9676835,-0.9676835,-0.9676835,-0.9676835,-0.9676835,-0.9676835,-0.9676835,-0.9676835,-0.9676835,-0.9676835,-0.9676835,-0.9676835,-0.9676835,-0.9676835,-0.9676835,-0.9676835,-0.9676835,-0.9676835,-0.9676835,-0.9676835,-0.9676835,-0.9676835,-0.9676835,-0.9676835,-0.9676835,-0.9676835,-0.9676835,-0.9676835,-0.9676835,-0.9676835,-0.9676835,-0.9676835,-0.9676835,-0.9676835,-0.9676835,0
0,-0.9676835,-0.9676835,-0.9676835,-0.9676835,-0.9676835,-0.9676835,-0.9676835,-0.9676835,-0.9676835,-0.9676835,-0.9676835,-0.9676835,-0.9676835,-0.9676835,-0.9676835,-0.9676835,-0.9676835,-0.9676835,-0.9676835,-0.9676835,-0.9676835,-0.9676835,-0.9676835,-0.9676835,-0.9676835,-0.9676835,-0.9676835,-0.9676835,-0.9676835,-0.9676835,-0.9676835,-0.9676835,-0.9676835,-0.9676835,-0.9676835,-0.9676835,-0.9676835,-0.9676835,-0.9676835,-0.9676835,-0.9676835,-0.9676835,-0.9676835,-0.9676835,-0.9676835,-0.9676835,-0.9676835,-0.9676835,-0.9676835,-0.9676835,-0.9676835,-0.9676835,-0.9676835,-0.9676835,-0.9676835,-0.9676835,-0.9676835,-0.9676835,-0.9676835,-0.9676835,-0.9676835,-0.9676835,-0.9676835,-0.9676835,-0.9676835,-0.9676835,-0.9676835,-0.9676835,-0.9676835,-0.9676835,-0.9676835,-0.9676835,-0.9676835,-0.9676835,-0.9676835,-0.9676835,-0.9676835,-0.9676835,-0.9676835,-0.9676835,-0.9676835,-0.9676835,-0.9676835,-0.9676835,-0.9676835,-0.9676835,-0.9676835,-0.9676835,-0.9676835,-0.9676835,-0.9676835,-0.9676835,-0.9676835,-0.9676835,-0.9676835,-0.9676835,-0.9676835,-0.9676835,-0.9676835,-0.9676835,-0.9676835,-0.9676835,-0.9676835,-0.9676835,-0.9676835,-0.9676835,-0.9676835,-0.9676835,-0.9676835,-0.9676835,-0.9676835,-0.9676835,-0.9676835,-0.9676835,-0.9676835,-0.9676835,-0.9676835,-0.9676835,-0.9676835,-0.9676835,-0.9676835,-0.9676835,-0.9676835,-0.9676835,-0.9676835,-0.9676835,-0.9676835,-0.9676835,-0.9676835,-0.9676835,-0.9676835,-0.9676835,-0.9676835,-0.9676835,-0.9676835,-0.9676835,-0.9676835,-0.9676835,-0.9676835,-0.9676835,-0.9676835,-0.9676835,-0.9676835,-0.9676835,-0.9676835,-0.9676835,-0.9676835,-0.9676835,-0.9676835,-0.9676835,-0.9676835,-0.9676835,-0.9676835,-0.9676835,-0.9676835,-0.9676835,-0.9676835,-0.9676835,-0.9676835,-0.9676835,-0.9676835,-0.9676835,-0.9676835,-0.9676835,-0.9676835,-0.9676835,-0.9676835,-0.9676835,-0.9676835,-0.9676835,-0.9676835,-0.9676835,-0.9676835,-0.9676835,-0.9676835,-0.9676835,-0.9676835,-0.9676835,-0.9676835,-0.9676835,-0.9676835,-0.9676835,-0.9676835,-0.9676835,-0.9676835,-0.9676835,-0.9676835,-0.9676835,-0.9676835,-0.9676835,-0.9676835,-0.9676835,-0.9676835,-0.9676835,-0.9676835,-0.9676835,0
0,-0.9676835,-0.9676835,-0.9676835,-0.9676835,-0.9676835,-0.9676835,-0.9676835,-0.9676835,-0.9676835,-0.9676835,-0.9676835,-0.9676835,-0.9676835,-0.9676835,-0.9676835,-0.9676835,-0.9676835,-0.9676835,-0.9676835,-0.9676835,-0.9676835,-0.9676835,-0.9676835,-0.9676835,-0.9676835,-0.9676835,-0.9676835,-0.9676835,-0.9676835,-0.9676835,-0.9676835,-0.9676835,-0.9676835,-0.9676835,-0.9676835,-0.9676835,-0.9676835,-0.9676835,-0.9676835,-0.9676835,-0.9676835,-0.9676835,-0.9676835,-0.9676835,-0.9676835,-0.9676835,-0.9676835,-0.9676835,-0.9676835,-0.9676835,-0.9676835,-0.9676835,-0.9676835,-0.9676835,-0.9676835,-0.9676835,-0.9676835,-0.9676835,-0.9676835,-0.9676835,-0.9676835,-0.9676835,-0.9676835,-0.9676835,-0.9676835,-0.9676835,-0.9676835,-0.9676835,-0.9676835,-0.9676835,-0.9676835,-0.9676835,-0.9676835,-0.9676835,-0.9676835,-0.9676835,-0.9676835,-0.9676835,-0.9676835,-0.9676835,-0.9676835,-0.9676835,-0.9676835,-0.9676835,-0.9676835,-0.9676835,-0.9676835,-0.9676835,-0.9676835,-0.9676835,-0.9676835,-0.9676835,-0.9676835,-0.9676835,-0.9676835,-0.9676835,-0.9676835,-0.9676835,-0.9676835,-0.9676835,-0.9676835,-0.9676835,-0.9676835,-0.9676835,-0.9676835,-0.9676835,-0.9676835,-0.9676835,-0.9676835,-0.9676835,-0.9676835,-0.9676835,-0.9676835,-0.9676835,-0.9676835,-0.9676835,-0.9676835,-0.9676835,-0.9676835,-0.9676835,-0.9676835,-0.9676835,-0.9676835,-0.9676835,-0.9676835,-0.9676835,-0.9676835,-0.9676835,-0.9676835,-0.9676835,-0.9676835,-0.9676835,-0.9676835,-0.9676835,-0.9676835,-0.9676835,-0.9676835,-0.9676835,-0.9676835,-0.9676835,-0.9676835,-0.9676835,-0.9676835,-0.9676835,-0.9676835,-0.9676835,-0.9676835,-0.9676835,-0.9676835,-0.9676835,-0.9676835,-0.9676835,-0.9676835,-0.9676835,-0.9676835,-0.9676835,-0.9676835,-0.9676835,-0.9676835,-0.9676835,-0.9676835,-0.9676835,-0.9676835,-0.9676835,-0.9676835,-0.9676835,-0.9676835,-0.9676835,-0.9676835,-0.9676835,-0.9676835,-0.9676835,-0.9676835,-0.9676835,-0.9676835,-0.9676835,-0.9676835,-0.9676835,-0.9676835,-0.9676835,-0.9676835,-0.9676835,-0.9676835,-0.9676835,-0.9676835,-0.9676835,-0.9676835,-0.9676835,-0.9676835,-0.9676835,-0.9676835,-0.9676835,-0.9676835,-0.9676835,-0.9676835,-0.9676835,0
0,-0.9676835,-0.9676835,-0.9676835,-0.9676835,-0.9676835,-0.9676835,-0.9676835,-0.9676835,-0.9676835,-0.9676835,-0.9676835,-0.9676835,-0.9676835,-0.9676835,-0.9676835,-0.9676835,-0.9676835,-0.9676835,-0.9676835,-0.9676835,-0.9676835,-0.9676835,-0.9676835,-0.9676835,-0.9676835,-0.9676835,-0.9676835,-0.9676835,-0.9676835,-0.9676835,-0.9676835,-0.9676835,-0.9676835,-0.9676835,-0.9676835,-0.9676835,-0.9676835,-0.9676835,-0.9676835,-0.9676835,-0.9676835,-0.9676835,-0.9676835,-0.9676835,-0.9676835,-0.9676835,-0.9676835,-0.9676835,-0.9676835,-0.9676835,-0.9676835,-0.9676835,-0.9676835,-0.9676835,-0.9676835,-0.9676835,-0.9676835,-0.9676835,-0.9676835,-0.9676835,-0.9676835,-0.9676835,-0.9676835,-0.9676835,-0.9676835,-0.9676835,-0.9676835,-0.9676835,-0.9676835,-0.9676835,-0.9676835,-0.9676835,-0.9676835,-0.9676835,-0.9676835,-0.9676835,-0.9676835,-0.9676835,-0.9676835,-0.9676835,-0.9676835,-0.9676835,-0.9676835,-0.9676835,-0.9676835,-0.9676835,-0.9676835,-0.9676835,-0.9676835,-0.9676835,-0.9676835,-0.9676835,-0.9676835,-0.9676835,-0.9676835,-0.9676835,-0.9676835,-0.9676835,-0.9676835,-0.9676835,-0.9676835,-0.9676835,-0.9676835,-0.9676835,-0.9676835,-0.9676835,-0.9676835,-0.9676835,-0.9676835,-0.9676835,-0.9676835,-0.9676835,-0.9676835,-0.9676835,-0.9676835,-0.9676835,-0.9676835,-0.9676835,-0.9676835,-0.9676835,-0.9676835,-0.9676835,-0.9676835,-0.9676835,-0.9676835,-0.9676835,-0.9676835,-0.9676835,-0.9676835,-0.9676835,-0.9676835,-0.9676835,-0.9676835,-0.9676835,-0.9676835,-0.9676835,-0.9676835,-0.9676835,-0.9676835,-0.9676835,-0.9676835,-0.9676835,-0.9676835,-0.9676835,-0.9676835,-0.9676835,-0.9676835,-0.9676835,-0.9676835,-0.9676835,-0.9676835,-0.9676835,-0.9676835,-0.9676835,-0.9676835,-0.9676835,-0.9676835,-0.9676835,-0.9676835,-0.9676835,-0.9676835,-0.9676835,-0.9676835,-0.9676835,-0.9676835,-0.9676835,-0.9676835,-0.9676835,-0.9676835,-0.9676835,-0.9676835,-0.9676835,-0.9676835,-0.9676835,-0.9676835,-0.9676835,-0.9676835,-0.9676835,-0.9676835,-0.9676835,-0.9676835,-0.9676835,-0.9676835,-0.9676835,-0.9676835,-0.9676835,-0.9676835,-0.9676835,-0.9676835,-0.9676835,-0.9676835,-0.9676835,-0.9676835,-0.9676835,-0.9676835,-0.9676835,0
0,-0.9676835,-0.9676835,-0.9676835,-0.9676835,-0.9676835,-0.9676835,-0.9676835,-0.9676835,-0.9676835,-0.9676835,-0.9676835,-0.9676835,-0.9676835,-0.9676835,-0.9676835,-0.9676835,-0.9676835,-0.9676835,-0.9676835,-0.9676835,-0.9676835,-0.9676835,-0.9676835,-0.9676835,-0.9676835,-0.9676835,-0.9676835,-0.9676835,-0.9676835,-0.9676835,-0.9676835,-0.9676835,-0.9676835,-0.9676835,-0.9676835,-0.9676835,-0.9676835,-0.9676835,-0.9676835,-0.9676835,-0.9676835,-0.9676835,-0.9676835,-0.9676835,-0.9676835,-0.9676835,-0.9676835,-0.9676835,-0.9676835,-0.9676835,-0.9676835,-0.9676835,-0.9676835,-0.9676835,-0.9676835,-0.9676835,-0.9676835,-0.9676835,-0.9676835,-0.9676835,-0.9676835,-0.9676835,-0.9676835,-0.9676835,-0.9676835,-0.9676835,-0.9676835,-0.9676835,-0.9676835,-0.9676835,-0.9676835,-0.9676835,-0.9676835,-0.9676835,-0.9676835,-0.9676835,-0.9676835,-0.9676835,-0.9676835,-0.9676835,-0.9676835,-0.9676835,-0.9676835,-0.9676835,-0.9676835,-0.9676835,-0.9676835,-0.9676835,-0.9676835,-0.9676835,-0.9676835,-0.9676835,-0.9676835,-0.9676835,-0.9676835,-0.9676835,-0.9676835,-0.9676835,-0.9676835,-0.9676835,-0.9676835,-0.9676835,-0.9676835,-0.9676835,-0.9676835,-0.9676835,-0.9676835,-0.9676835,-0.9676835,-0.9676835,-0.9676835,-0.9676835,-0.9676835,-0.9676835,-0.9676835,-0.9676835,-0.9676835,-0.9676835,-0.9676835,-0.9676835,-0.9676835,-0.9676835,-0.9676835,-0.9676835,-0.9676835,-0.9676835,-0.9676835,-0.9676835,-0.9676835,-0.9676835,-0.9676835,-0.9676835,-0.9676835,-0.9676835,-0.9676835,-0.9676835,-0.9676835,-0.9676835,-0.9676835,-0.9676835,-0.9676835,-0.9676835,-0.9676835,-0.9676835,-0.9676835,-0.9676835,-0.9676835,-0.9676835,-0.9676835,-0.9676835,-0.9676835,-0.9676835,-0.9676835,-0.9676835,-0.9676835,-0.9676835,-0.9676835,-0.9676835,-0.9676835,-0.9676835,-0.9676835,-0.9676835,-0.9676835,-0.9676835,-0.9676835,-0.9676835,-0.9676835,-0.9676835,-0.9676835,-0.9676835,-0.9676835,-0.9676835,-0.9676835,-0.9676835,-0.9676835,-0.9676835,-0.9676835,-0.9676835,-0.9676835,-0.9676835,-0.9676835,-0.9676835,-0.9676835,-0.9676835,-0.9676835,-0.9676835,-0.9676835,-0.9676835,-0.9676835,-0.9676835,-0.9676835,-0.9676835,-0.9676835,-0.9676835,-0.9676835,-0.9676835,0
0,-0.9676835,-0.9676835,-0.9676835,-0.9676835,-0.9676835,-0.9676835,-0.9676835,-0.9676835,-0.9676835,-0.9676835,-0.9676835,-0.9676835,-0.9676835,-0.9676835,-0.9676835,-0.9676835,-0.9676835,-0.9676835,-0.9676835,-0.9676835,-0.9676835,-0.9676835,-0.9676835,-0.9676835,-0.9676835,-0.9676835,-0.9676835,-0.9676835,-0.9676835,-0.9676835,-0.9676835,-0.9676835,-0.9676835,-0.9676835,-0.9676835,-0.9676835,-0.9676835,-0.9676835,-0.9676835,-0.9676835,-0.9676835,-0.9676835,-0.9676835,-0.9676835,-0.9676835,-0.9676835,-0.9676835,-0.9676835,-0.9676835,-0.9676835,-0.9676835,-0.9676835,-0.9676835,-0.9676835,-0.9676835,-0.9676835,-0.9676835,-0.9676835,-0.9676835,-0.9676835,-0.9676835,-0.9676835,-0.9676835,-0.9676835,-0.9676835,-0.9676835,-0.9676835,-0.9676835,-0.9676835,-0.9676835,-0.9676835,-0.9676835,-0.9676835,-0.9676835,-0.9676835,-0.9676835,-0.9676835,-0.9676835,-0.9676835,-0.9676835,-0.9676835,-0.9676835,-0.9676835,-0.9676835,-0.9676835,-0.9676835,-0.9676835,-0.9676835,-0.9676835,-0.9676835,-0.9676835,-0.9676835,-0.9676835,-0.9676835,-0.9676835,-0.9676835,-0.9676835,-0.9676835,-0.9676835,-0.9676835,-0.9676835,-0.9676835,-0.9676835,-0.9676835,-0.9676835,-0.9676835,-0.9676835,-0.9676835,-0.9676835,-0.9676835,-0.9676835,-0.9676835,-0.9676835,-0.9676835,-0.9676835,-0.9676835,-0.9676835,-0.9676835,-0.9676835,-0.9676835,-0.9676835,-0.9676835,-0.9676835,-0.9676835,-0.9676835,-0.9676835,-0.9676835,-0.9676835,-0.9676835,-0.9676835,-0.9676835,-0.9676835,-0.9676835,-0.9676835,-0.9676835,-0.9676835,-0.9676835,-0.9676835,-0.9676835,-0.9676835,-0.9676835,-0.9676835,-0.9676835,-0.9676835,-0.9676835,-0.9676835,-0.9676835,-0.9676835,-0.9676835,-0.9676835,-0.9676835,-0.9676835,-0.9676835,-0.9676835,-0.9676835,-0.9676835,-0.9676835,-0.9676835,-0.9676835,-0.9676835,-0.9676835,-0.9676835,-0.9676835,-0.9676835,-0.9676835,-0.9676835,-0.9676835,-0.9676835,-0.9676835,-0.9676835,-0.9676835,-0.9676835,-0.9676835,-0.9676835,-0.9676835,-0.9676835,-0.9676835,-0.9676835,-0.9676835,-0.9676835,-0.9676835,-0.9676835,-0.9676835,-0.9676835,-0.9676835,-0.9676835,-0.9676835,-0.9676835,-0.9676835,-0.9676835,-0.9676835,-0.9676835,-0.9676835,-0.9676835,-0.9676835,-0.9676835,0
0,-0.9676835,-0.9676835,-0.9676835,-0.9676835,-0.9676835,-0.9676835,-0.9676835,-0.9676835,-0.9676835,-0.9676835,-0.9676835,-0.9676835,-0.9676835,-0.9676835,-0.9676835,-0.9676835,-0.9676835,-0.9676835,-0.9676835,-0.9676835,-0.9676835,-0.9676835,-0.9676835,-0.9676835,-0.9676835,-0.9676835,-0.9676835,-0.9676835,-0.9676835,-0.9676835,-0.9676835,-0.9676835,-0.9676835,-0.9676835,-0.9676835,-0.9676835,-0.9676835,-0.9676835,-0.9676835,-0.9676835,-0.9676835,-0.9676835,-0.9676835,-0.9676835,-0.9676835,-0.9676835,-0.9676835,-0.9676835,-0.9676835,-0.9676835,-0.9676835,-0.9676835,-0.9676835,-0.9676835,-0.9676835,-0.9676835,-0.9676835,-0.9676835,-0.9676835,-0.9676835,-0.9676835,-0.9676835,-0.9676835,-0.9676835,-0.9676835,-0.9676835,-0.9676835,-0.9676835,-0.9676835,-0.9676835,-0.9676835,-0.9676835,-0.9676835,-0.9676835,-0.9676835,-0.9676835,-0.9676835,-0.9676835,-0.9676835,-0.9676835,-0.9676835,-0.9676835,-0.9676835,-0.9676835,-0.9676835,-0.9676835,-0.9676835,-0.9676835,-0.9676835,-0.9676835,-0.9676835,-0.9676835,-0.9676835,-0.9676835,-0.9676835,-0.9676835,-0.9676835,-0.9676835,-0.9676835,-0.9676835,-0.9676835,-0.9676835,-0.9676835,-0.9676835,-0.9676835,-0.9676835,-0.9676835,-0.9676835,-0.9676835,-0.9676835,-0.9676835,-0.9676835,-0.9676835,-0.9676835,-0.9676835,-0.9676835,-0.9676835,-0.9676835,-0.9676835,-0.9676835,-0.9676835,-0.9676835,-0.9676835,-0.9676835,-0.9676835,-0.9676835,-0.9676835,-0.9676835,-0.9676835,-0.9676835,-0.9676835,-0.9676835,-0.9676835,-0.9676835,-0.9676835,-0.9676835,0,0,0,0,0,0,0,0,0,0,0,0,0,0,0,0,0,0,0,0,0,0,0,0,0,0,0,0,0,0,0,0,0,0,0,0,0,0,0,0,0,0,0,0,0,0,0,0,0,0,0,0,0,0,0,0,0,0,0,0,0
0,0,0,0,0,0,0,0,0,0,0,0,0,0,0,0,0,0,0,0,0,0,0,0,0,0,0,0,0,0,0,0,0,0,0,0,0,0,0,0,0,0,0,0,0,0,0,0,0,0,0,0,0,0,0,0,0,0,0,0,0,0,0,0,0,0,0,0,0,0,0,0,0,0,0,0,0,0,0,0,0,0,0,0,0,0,0,0,0,0,0,0,0,0,0,0,0,0,0,0,0,0,0,0,0,0,0,0,0,0,0,0,0,0,0,0,0,0,0,0,0,0,0,0,0,0,0,0,0,0,0,0,0,0,0,0,0,0,0,0,0,0,0,0,0,0,0,0,0,0,0,0,0,0,0,0,0,0,0,0,0,0,0,0,0,0,0,0,0,0,0,0,0,0,0,0,0,0,0,0,0,0,0,0,0,0,0,0,0,0,0,0,0,0,0,0,0,0
0,0,0,0,0,0,0,0,0,0,0,0,0,0,0,0,0,0,0,0,0,0,0,0,0,0,0,0,0,0,0,0,0,0,0,0,0,0,0,0,0,0,0,0,0,0,0,0,0,0,0,0,0,0,0,0,0,0,0,0,0,0,0,0,0,0,0,0,0,0,0,0,0,0,0,0,0,0,0,0,0,0,0,0,0,0,0,0,0,0,0,0,0,0,0,0,0,0,0,0,0,0,0,0,0,0,0,0,0,0,0,0,0,0,0,0,0,0,0,0,0,0,0,0,0,0,0,0,0,0,0,0,0,0,0,0,0,0,0,0,0,0,0,0,0,0,0,0,0,0,0,0,0,0,0,0,0,0,0,0,0,0,0,0,0,0,0,0,0,0,0,0,0,0,0,0,0,0,0,0,0,0,0,0,0,0,0,0,0,0,0,0,0,0,0,0,0,0
0,0,0,0,0,0,0,0,0,0,0,0,0,0,0,0,0,0,0,0,0,0,0,0,0,0,0,0,0,0,0,0,0,0,0,0,0,0,0,0,0,0,0,0,0,0,0,0,0,0,0,0,0,0,0,0,0,0,0,0,0,0,0,0,0,0,0,0,0,0,0,0,0,0,0,0,0,0,0,0,0,0,0,0,0,0,0,0,0,0,0,0,0,0,0,0,0,0,0,0,0,0,0,0,0,0,0,0,0,0,0,0,0,0,0,0,0,0,0,0,0,0,0,0,0,0,0,0,0,0,0,0,0,0,0,0,0,0,0,0,0,0,0,0,0,0,0,0,0,0,0,0,0,0,0,0,0,0,0,0,0,0,0,0,0,0,0,0,0,0,0,0,0,0,0,0,0,0,0,0,0,0,0,0,0,0,0,0,0,0,0,0,0,0,0,0,0,0
0,0,0,0,0,0,0,0,0,0,0,0,0,0,0,0,0,0,0,0,0,0,0,0,0,0,0,0,0,0,0,0,0,0,0,0,0,0,0,0,0,0,0,0,0,0,0,0,0,0,0,0,0,0,0,0,0,0,0,0,0,0,0,0,0,0,0,0,0,0,0,0,0,0,0,0,0,0,0,0,0,0,0,0,0,0,0,0,0,0,0,0,0,0,0,0,0,0,0,0,0,0,0,0,0,0,0,0,0,0,0,0,0,0,0,0,0,0,0,0,0,0,0,0,0,0,0,0,0,0,0,0,0,0,0,0,0,0,0,0,0,0,0,0,0,0,0,0,0,0,0,0,0,0,0,0,0,0,0,0,0,0,0,0,0,0,0,0,0,0,0,0,0,0,0,0,0,0,0,0,0,0,0,0,0,0,0,0,0,0,0,0,0,0,0,0,0,0
0,0,0,0,0,0,0,0,0,0,0,0,0,0,0,0,0,0,0,0,0,0,0,0,0,0,0,0,0,0,0,0,0,0,0,0,0,0,0,0,0,0,0,0,0,0,0,0,0,0,0,0,0,0,0,0,0,0,0,0,0,0,0,0,0,0,0,0,0,0,0,0,0,0,0,0,0,0,0,0,0,0,0,0,0,0,0,0,0,0,0,0,0,0,0,0,0,0,0,0,0,0,0,0,0,0,0,0,0,0,0,0,0,0,0,0,0,0,0,0,0,0,0,0,0,0,0,0,0,0,0,0,0,0,0,0,0,0,0,0,0,0,0,0,0,0,0,0,0,0,0,0,0,0,0,0,0,0,0,0,0,0,0,0,0,0,0,0,0,0,0,0,0,0,0,0,0,0,0,0,0,0,0,0,0,0,0,0,0,0,0,0,0,0,0,0,0,0
0,0,0,0,0,0,0,0,0,0,0,0,0,0,0,0,0,0,0,0,0,0,0,0,0,0,0,0,0,0,0,0,0,0,0,0,0,0,0,0,0,0,0,0,0,0,0,0,0,0,0,0,0,0,0,0,0,0,0,0,0,0,0,0,0,0,0,0,0,0,0,0,0,0,0,0,0,0,0,0,0,0,0,0,0,0,0,0,0,0,0,0,0,0,0,0,0,0,0,0,0,0,0,0,0,0,0,0,0,0,0,0,0,0,0,0,0,0,0,0,0,0,0,0,0,0,0,0,0,0,0,0,0,0,0,0,0,0,0,0,0,0,0,0,0,0,0,0,0,0,0,0,0,0,0,0,0,0,0,0,0,0,0,0,0,0,0,0,0,0,0,0,0,0,0,0,0,0,0,0,0,0,0,0,0,0,0,0,0,0,0,0,0,0,0,0,0,0
0,0,0,0,0,0,0,0,0,0,0,0,0,0,0,0,0,0,0,0,0,0,0,0,0,0,0,0,0,0,0,0,0,0,0,0,0,0,0,0,0,0,0,0,0,0,0,0,0,0,0,0,0,0,0,0,0,0,0,0,0,0,0,0,0,0,0,0,0,0,0,0,0,0,0,0,0,0,0,0,0,0,0,0,0,0,0,0,0,0,0,0,0,0,0,0,0,0,0,0,0,0,0,0,0,0,0,0,0,0,0,0,0,0,0,0,0,0,0,0,0,0,0,0,0,0,0,0,0,0,0,0,0,0,0,0,0,0,0,0,0,0,0,0,0,0,0,0,0,0,0,0,0,0,0,0,0,0,0,0,0,0,0,0,0,0,0,0,0,0,0,0,0,0,0,0,0,0,0,0,0,0,0,0,0,0,0,0,0,0,0,0,0,0,0,0,0,0
0,0,0,0,0,0,0,0,0,0,0,0,0,0,0,0,0,0,0,0,0,0,0,0,0,0,0,0,0,0,0,0,0,0,0,0,0,0,0,0,0,0,0,0,0,0,0,0,0,0,0,0,0,0,0,0,0,0,0,0,0,0,0,0,0,0,0,0,0,0,0,0,0,0,0,0,0,0,0,0,0,0,0,0,0,0,0,0,0,0,0,0,0,0,0,0,0,0,0,0,0,0,0,0,0,0,0,0,0,0,0,0,0,0,0,0,0,0,0,0,0,0,0,0,0,0,0,0,0,0,0.540846,0.540846,0.540846,0.540846,0.540846,0.540846,0.540846,0.540846,0.540846,0.540846,0.540846,0.540846,0.540846,0.540846,0.540846,0.540846,0.540846,0.540846,0.540846,0.540846,0.540846,0.540846,0.540846,0.540846,0.540846,0.540846,0.540846,0.540846,0.540846,0.540846,0.540846,0.540846,0.540846,0.540846,0.540846,0.540846,0.540846,0.540846,0.540846,0.540846,0.540846,0.540846,0.540846,0.540846,0.540846,0.540846,0.540846,0.540846,0.540846,0.540846,0.540846,0.540846,0.540846,0.540846,0.540846,0.540846,0.540846,0.540846,0.540846,0.540846,0.540846,0.540846,0.540846,0.540846,0.540846,0.540846,0.540846,0
0,0.540846,0.540846,0.540846,0.540846,0.540846,0.540846,0.540846,0.540846,0.540846,0.540846,0.540846,0.540846,0.540846,0.540846,0.540846,0.540846,0.540846,0.540846,0.540846,0.540846,0.540846,0.540846,0.540846,0.540846,0.540846,0.540846,0.540846,0.540846,0.540846,0.540846,0.540846,0.540846,0.540846,0.540846,0.540846,0.540846,0.540846,0.540846,0.540846,0.540846,0.540846,0.540846,0.540846,0.540846,0.540846,0.540846,0.540846,0.540846,0.540846,0.540846,0.540846,0.540846,0.540846,0.540846,0.540846,0.540846,0.540846,0.540846,0.540846,0.540846,0.540846,0.540846,0.540846,0.540846,0.540846,0.540846,0.540846,0.540846,0.540846,0.540846,0.540846,0.540846,0.540846,0.540846,0.540846,0.540846,0.540846,0.540846,0.540846,0.540846,0.540846,0.540846,0.540846,0.540846,0.540846,0.540846,0.540846,0.540846,0.540846,0.540846,0.540846,0.540846,0.540846,0.540846,0.540846,0.540846,0.540846,0.540846,0.540846,0.540846,0.540846,0.540846,0.540846,0.540846,0.540846,0.540846,0.540846,0.540846,0.540846,0.540846,0.540846,0.540846,0.540846,0.540846,0.540846,0.540846,0.540846,0.540846,0.540846,0.540846,0.540846,0.540846,0.540846,0.540846,0.540846,0.540846,0.540846,0.540846,0.540846,0.540846,0.540846,0.540846,0.540846,0.540846,0.540846,0.540846,0.540846,0.540846,0.540846,0.540846,0.540846,0.540846,0.540846,0.540846,0.540846,0.540846,0.540846,0.540846,0.540846,0.540846,0.540846,0.540846,0.540846,0.540846,0.540846,0.540846,0.540846,0.540846,0.540846,0.540846,0.540846,0.540846,0.540846,0.540846,0.540846,0.540846,0.540846,0.540846,0.540846,0.540846,0.540846,0.540846,0.540846,0.540846,0.540846,0.540846,0.540846,0.540846,0.540846,0.540846,0.540846,0.540846,0.540846,0.540846,0.540846,0.540846,0.540846,0.540846,0.540846,0.540846,0.540846,0.540846,0.540846,0.540846,0.540846,0.540846,0
0,0.540846,0.540846,0.540846,0.540846,0.540846,0.540846,0.540846,0.540846,0.540846,0.540846,0.540846,0.540846,0.540846,0.540846,0.540846,0.540846,0.540846,0.540846,0.540846,0.540846,0.540846,0.540846,0.540846,0.540846,0.540846,0.540846,0.540846,0.540846,0.540846,0.540846,0.540846,0.540846,0.540846,0.540846,0.540846,0.540846,0.540846,0.540846,0.540846,0.540846,0.540846,0.540846,0.540846,0.540846,0.540846,0.540846,0.540846,0.540846,0.540846,0.540846,0.540846,0.540846,0.540846,0.540846,0.540846,0.540846,0.540846,0.540846,0.540846,0.540846,0.540846,0.540846,0.540846,0.540846,0.540846,0.540846,0.540846,0.540846,0.540846,0.540846,0.540846,0.540846,0.540846,0.540846,0.540846,0.540846,0.540846,0.540846,0.540846,0.540846,0.540846,0.540846,0.540846,0.540846,0.540846,0.540846,0.540846,0.540846,0.540846,0.540846,0.540846,0.540846,0.540846,0.540846,0.540846,0.540846,0.540846,0.540846,0.540846,0.540846,0.540846,0.540846,0.540846,0.540846,0.540846,0.540846,0.540846,0.540846,0.540846,0.540846,0.540846,0.540846,0.540846,0.540846,0.540846,0.540846,0.540846,0.540846,0.540846,0.540846,0.540846,0.540846,0.540846,0.540846,0.540846,0.540846,0.540846,0.540846,0.540846,0.540846,0.540846,0.540846,0.540846,0.540846,0.540846,0.540846,0.540846,0.540846,0.540846,0.540846,0.540846,0.540846,0.540846,0.540846,0.540846,0.540846,0.540846,0.540846,0.540846,0.540846,0.540846,0.540846,0.540846,0.540846,0.540846,0.540846,0.540846,0.540846,0.540846,0.540846,0.540846,0.540846,0.540846,0.540846,0.540846,0.540846,0.540846,0.540846,0.540846,0.540846,0.540846,0.540846,0.540846,0.540846,0.540846,0.540846,0.540846,0.540846,0.540846,0.540846,0.540846,0.540846,0.540846,0.540846,0.540846,0.540846,0.540846,0.540846,0.540846,0.540846,0.540846,0.540846,0.540846,0.540846,0.540846,0.540846,0
0,0.540846,0.540846,0.540846,0.540846,0.540846,0.540846,0.540846,0.540846,0.540846,0.540846,0.540846,0.540846,0.540846,0.540846,0.540846,0.540846,0.540846,0.540846,0.540846,0.540846,0.540846,0.540846,0.540846,0.540846,0.540846,0.540846,0.540846,0.540846,0.540846,0.540846,0.540846,0.540846,0.540846,0.540846,0.540846,0.540846,0.540846,0.540846,0.540846,0.540846,0.540846,0.540846,0.540846,0.540846,0.540846,0.540846,0.540846,0.540846,0.540846,0.540846,0.540846,0.540846,0.540846,0.540846,0.540846,0.540846,0.540846,0.540846,0.540846,0.540846,0.540846,0.540846,0.540846,0.540846,0.540846,0.540846,0.540846,0.540846,0.540846,0.540846,0.540846,0.540846,0.540846,0.540846,0.540846,0.540846,0.540846,0.540846,0.540846,0.540846,0.540846,0.540846,0.540846,0.540846,0.540846,0.540846,0.540846,0.540846,0.540846,0.540846,0.540846,0.540846,0.540846,0.540846,0.540846,0.540846,0.540846,0.540846,0.540846,0.540846,0.540846,0.540846,0.540846,0.540846,0.540846,0.540846,0.540846,0.540846,0.540846,0.540846,0.540846,0.540846,0.540846,0.540846,0.540846,0.540846,0.540846,0.540846,0.540846,0.540846,0.540846,0.540846,0.540846,0.540846,0.540846,0.540846,0.540846,0.540846,0.540846,0.540846,0.540846,0.540846,0.540846,0.540846,0.540846,0.540846,0.540846,0.540846,0.540846,0.540846,0.540846,0.540846,0.540846,0.540846,0.540846,0.540846,0.540846,0.540846,0.540846,0.540846,0.540846,0.540846,0.540846,0.540846,0.540846,0.540846,0.540846,0.540846,0.540846,0.540846,0.540846,0.540846,0.540846,0.540846,0.540846,0.540846,0.540846,0.540846,0.540846,0.540846,0.540846,0.540846,0.540846,0.540846,0.540846,0.540846,0.540846,0.540846,0.540846,0.540846,0.540846,0.540846,0.540846,0.540846,0.540846,0.540846,0.540846,0.540846,0.540846,0.540846,0.540846,0.540846,0.540846,0.540846,0.540846,0.540846,0
0,0.540846,0.540846,0.540846,0.540846,0.540846,0.540846,0.540846,0.540846,0.540846,0.540846,0.540846,0.540846,0.540846,0.540846,0.540846,0.540846,0.540846,0.540846,0.540846,0.540846,0.540846,0.540846,0.540846,0.540846,0.540846,0.540846,0.540846,0.540846,0.540846,0.540846,0.540846,0.540846,0.540846,0.540846,0.540846,0.540846,0.540846,0.540846,0.540846,0.540846,0.540846,0.540846,0.540846,0.540846,0.540846,0.540846,0.540846,0.540846,0.540846,0.540846,0.540846,0.540846,0.540846,0.540846,0.540846,0.540846,0.540846,0.540846,0.540846,0.540846,0.540846,0.540846,0.540846,0.540846,0.540846,0.540846,0.540846,0.540846,0.540846,0.540846,0.540846,0.540846,0.540846,0.540846,0.540846,0.540846,0.540846,0.540846,0.540846,0.540846,0.540846,0.540846,0.540846,0.540846,0.540846,0.540846,0.540846,0.540846,0.540846,0.540846,0.540846,0.540846,0.540846,0.540846,0.540846,0.540846,0.540846,0.540846,0.540846,0.540846,0.540846,0.540846,0.540846,0.540846,0.540846,0.540846,0.540846,0.540846,0.540846,0.540846,0.540846,0.540846,0.540846,0.540846,0.540846,0.540846,0.540846,0.540846,0.540846,0.540846,0.540846,0.540846,0.540846,0.540846,0.540846,0.540846,0.540846,0.540846,0.540846,0.540846,0.540846,0.540846,0.540846,0.540846,0.540846,0.540846,0.540846,0.540846,0.540846,0.540846,0.540846,0.540846,0.540846,0.540846,0.540846,0.540846,0.540846,0.540846,0.540846,0.540846,0.540846,0.540846,0.540846,0.540846,0.540846,0.540846,0.540846,0.540846,0.540846,0.540846,0.540846,0.540846,0.540846,0.540846,0.540846,0.540846,0.540846,0.540846,0.540846,0.540846,0.540846,0.540846,0.540846,0.540846,0.540846,0.540846,0.540846,0.540846,0.540846,0.540846,0.540846,0.540846,0.540846,0.540846,0.540846,0.540846,0.540846,0.540846,0.540846,0.540846,0.540846,0.540846,0.540846,0.540846,0.540846,0.540846,0
0,0.540846,0.540846,0.540846,0.540846,0.540846,0.540846,0.540846,0.540846,0.540846,0.540846,0.540846,0.540846,0.540846,0.540846,0.540846,0.540846,0.540846,0.540846,0.540846,0.540846,0.540846,0.540846,0.540846,0.540846,0.540846,0.540846,0.540846,0.540846,0.540846,0.540846,0.540846,0.540846,0.540846,0.540846,0.540846,0.540846,0.540846,0.540846,0.540846,0.540846,0.540846,0.540846,0.540846,0.540846,0.540846,0.540846,0.540846,0.540846,0.540846,0.540846,0.540846,0.540846,0.540846,0.540846,0.540846,0.540846,0.540846,0.540846,0.540846,0.540846,0.540846,0.540846,0.540846,0.540846,0.540846,0.540846,0.540846,0.540846,0.540846,0.540846,0.540846,0.540846,0.540846,0.540846,0.540846,0.540846,0.540846,0.540846,0.540846,0.540846,0.540846,0.540846,0.540846,0.540846,0.540846,0.540846,0.540846,0.540846,0.540846,0.540846,0.540846,0.540846,0.540846,0.540846,0.540846,0.540846,0.540846,0.540846,0.540846,0.540846,0.540846,0.540846,0.540846,0.540846,0.540846,0.540846,0.540846,0.540846,0.540846,0.540846,0.540846,0.540846,0.540846,0.540846,0.540846,0.540846,0.540846,0.540846,0.540846,0.540846,0.540846,0.540846,0.540846,0.540846,0.540846,0.540846,0.540846,0.540846,0.540846,0.540846,0.540846,0.540846,0.540846,0.540846,0.540846,0.540846,0.540846,0.540846,0.540846,0.540846,0.540846,0.540846,0.540846,0.540846,0.540846,0.540846,0.540846,0.540846,0.540846,0.540846,0.540846,0.540846,0.540846,0.540846,0.540846,0.540846,0.540846,0.540846,0.540846,0.540846,0.540846,0.540846,0.540846,0.540846,0.540846,0.540846,0.540846,0.540846,0.540846,0.540846,0.540846,0.540846,0.540846,0.540846,0.540846,0.540846,0.540846,0.540846,0.540846,0.540846,0.540846,0.540846,0.540846,0.540846,0.540846,0.540846,0.540846,0.540846,0.540846,0.540846,0.540846,0.540846,0.540846,0.540846,0.540846,0.540846,0
0,0.540846,0.540846,0.540846,0.540846,0.540846,0.540846,0.540846,0.540846,0.540846,0.540846,0.540846,0.540846,0.540846,0.540846,0.540846,0.540846,0.540846,0.540846,0.540846,0.540846,0.540846,0.540846,0.540846,0.540846,0.540846,0.540846,0.540846,0.540846,0.540846,0.540846,0.540846,0.540846,0.540846,0.540846,0.540846,0.540846,0.540846,0.540846,0.540846,0.540846,0.540846,0.540846,0.540846,0.540846,0.540846,0.540846,0.540846,0.540846,0.540846,0.540846,0.540846,0.540846,0.540846,0.540846,0.540846,0.540846,0.540846,0.540846,0.540846,0.540846,0.540846,0.540846,0.540846,0.540846,0.540846,0.540846,0.540846,0.540846,0.540846,0.540846,0.540846,0.540846,0.540846,0.540846,0.540846,0.540846,0.540846,0.540846,0.540846,0.540846,0.540846,0.540846,0.540846,0.540846,0.540846,0.540846,0.540846,0.540846,0.540846,0.540846,0.540846,0.540846,0.540846,0.540846,0.540846,0.540846,0.540846,0.540846,0.540846,0.540846,0.540846,0.540846,0.540846,0.540846,0.540846,0.540846,0.540846,0.540846,0.540846,0.540846,0.540846,0.540846,0.540846,0.540846,0.540846,0.540846,0.540846,0.540846,0.540846,0.540846,0.540846,0.540846,0.540846,0.540846,0.540846,0.540846,0.540846,0.540846,0.540846,0.540846,0.540846,0.540846,0.540846,0.540846,0.540846,0.540846,0.540846,0.540846,0.540846,0.540846,0.540846,0.540846,0.540846,0.540846,0.540846,0.540846,0.540846,0.540846,0.540846,0.540846,0.540846,0.540846,0.540846,0.540846,0.540846,0.540846,0.540846,0.540846,0.540846,0.540846,0.540846,0.540846,0.540846,0.540846,0.540846,0.540846,0.540846,0.540846,0.540846,0.540846,0.540846,0.540846,0.540846,0.540846,0.540846,0.540846,0.540846,0.540846,0.540846,0.540846,0.540846,0.540846,0.540846,0.540846,0.540846,0.540846,0.540846,0.540846,0.540846,0.540846,0.540846,0.540846,0.540846,0.540846,0.540846,0.540846,0
0,0.540846,0.540846,0.540846,0.540846,0.540846,0.540846,0.540846,0.540846,0.540846,0.540846,0.540846,0.540846,0.540846,0.540846,0.540846,0.540846,0.540846,0.540846,0.540846,0.540846,0.540846,0.540846,0.540846,0.540846,0.540846,0.540846,0.540846,0.540846,0.540846,0.540846,0.540846,0.540846,0.540846,0.540846,0.540846,0.540846,0.540846,0.540846,0.540846,0.540846,0.540846,0.540846,0.540846,0.540846,0.540846,0.540846,0.540846,0.540846,0.540846,0.540846,0.540846,0.540846,0.540846,0.540846,0.540846,0.540846,0.540846,0.540846,0.540846,0.540846,0.540846,0.540846,0.540846,0.540846,0.540846,0.540846,0.540846,0.540846,0.540846,0.540846,0.540846,0.540846,0.540846,0.540846,0.540846,0.540846,0.540846,0.540846,0.540846,0.540846,0.540846,0.540846,0.540846,0.540846,0.540846,0.540846,0.540846,0.540846,0.540846,0.540846,0.540846,0.540846,0.540846,0.540846,0.540846,0.540846,0.540846,0.540846,0.540846,0.540846,0.540846,0.540846,0.540846,0.540846,0.540846,0.540846,0.540846,0.540846,0.540846,0.540846,0.540846,0.540846,0.540846,0.540846,0.540846,0.540846,0.540846,0.540846,0.540846,0.540846,0.540846,0.540846,0.540846,0.540846,0.540846,0.540846,0.540846,0.540846,0.540846,0.540846,0.540846,0.540846,0.540846,0.540846,0.540846,0.540846,0.540846,0.540846,0.540846,0.540846,0.540846,0.540846,0.540846,0.540846,0.540846,0.540846,0.540846,0.540846,0.540846,0.540846,0.540846,0.540846,0.540846,0.540846,0.540846,0.540846,0.540846,0.540846,0.540846,0.540846,0.540846,0.540846,0.540846,0.540846,0.540846,0.540846,0.540846,0.540846,0.540846,0.540846,0.540846,0.540846,0.540846,0.540846,0.540846,0.540846,0.540846,0.540846,0.540846,0.540846,0.540846,0.540846,0.540846,0.540846,0.540846,0.540846,0.540846,0.540846,0.540846,0.540846,0.540846,0.540846,0.540846,0.540846,0.540846,0.540846,0
0,0.540846,0.540846,0.540846,0.540846,0.540846,0.540846,0.540846,0.540846,0.540846,0.540846,0.540846,0.540846,0.540846,0.540846,0.540846,0.540846,0.540846,0.540846,0.540846,0.540846,0.540846,0.540846,0.540846,0.540846,0.540846,0.540846,0.540846,0.540846,0.540846,0.540846,0.540846,0.540846,0.540846,0.540846,0.540846,0.540846,0.540846,0.540846,0.540846,0.540846,0.540846,0.540846,0.540846,0.540846,0.540846,0.540846,0.540846,0.540846,0.540846,0.540846,0.540846,0.540846,0.540846,0.540846,0.540846,0.540846,0.540846,0.540846,0.540846,0.540846,0.540846,0.540846,0.540846,0.540846,0.540846,0.540846,0.540846,0.540846,0.540846,0.540846,0.540846,0.540846,0.540846,0.540846,0.540846,0.540846,0.540846,0.540846,0.540846,0.540846,0.540846,0.540846,0.540846,0.540846,0.540846,0.540846,0.540846,0.540846,0.540846,0.540846,0.540846,0.540846,0.540846,0.540846,0.540846,0.540846,0.540846,0.540846,0.540846,0.540846,0.540846,0.540846,0.540846,0.540846,0.540846,0.540846,0.540846,0.540846,0.540846,0.540846,0.540846,0.540846,0.540846,0.540846,0.540846,0.540846,0.540846,0.540846,0.540846,0.540846,0.540846,0.540846,0.540846,0.540846,0.540846,0.540846,0.540846,0.540846,0.540846,0.540846,0.540846,0.540846,0.540846,0.540846,0.540846,0.540846,0.540846,0.540846,0.540846,0.540846,0.540846,0.540846,0.540846,0.540846,0.540846,0.540846,0.540846,0.540846,0.540846,0.540846,0.540846,0.540846,0.540846,0.540846,0.540846,0.540846,0.540846,0.540846,0.540846,0.540846,0.540846,0.540846,0.540846,0.540846,0.540846,0.540846,0.540846,0.540846,0.540846,0.540846,0.540846,0.540846,0.540846,0.540846,0.540846,0.540846,0.540846,0.540846,0.540846,0.540846,0.540846,0.540846,0.540846,0.540846,0.540846,0.540846,0.540846,0.540846,0.540846,0.540846,0.540846,0.540846,0.540846,0.540846,0.540846,0.540846,0
0,0.540846,0.540846,0.540846,0.540846,0.540846,0.540846,0.540846,0.540846,0.540846,0.540846,0.540846,0.540846,0.540846,0.540846,0.540846,0.540846,0.540846,0.540846,0.540846,0.540846,0.540846,0.540846,0.540846,0.540846,0.540846,0.540846,0.540846,0.540846,0.540846,0.540846,0.540846,0.540846,0.540846,0.540846,0.540846,0.540846,0.540846,0.540846,0.540846,0.540846,0.540846,0.540846,0.540846,0.540846,0.540846,0.540846,0.540846,0.540846,0.540846,0.540846,0.540846,0.540846,0.540846,0.540846,0.540846,0.540846,0.540846,0.540846,0.540846,0.540846,0.540846,0.540846,0.540846,0.540846,0.540846,0.540846,0.540846,0.540846,0.540846,0.540846,0.540846,0.540846,0.540846,0.540846,0.540846,0.540846,0.540846,0.540846,0.540846,0.540846,0.540846,0.540846,0.540846,0.540846,0.540846,0.540846,0.540846,0.540846,0.540846,0.540846,0.540846,0.540846,0.540846,0.540846,0.540846,0.540846,0.540846,0.540846,0.540846,0.540846,0.540846,0.540846,0.540846,0.540846,0.540846,0.540846,0.540846,0.540846,0.540846,0.540846,0.540846,0.540846,0.540846,0.540846,0.540846,0.540846,0.540846,0.540846,0.540846,0.540846,0.540846,0.540846,0.540846,0.540846,0.540846,0.540846,0.540846,0.540846,0.540846,0.540846,0.540846,0.540846,0.540846,0.540846,0.540846,0.540846,0.540846,0.540846,0.540846,0.540846,0.540846,0.540846,0.540846,0.540846,0.540846,0.540846,0.540846,0.540846,0.540846,0.540846,0.540846,0.540846,0.540846,0.540846,0.540846,0.540846,0.540846,0.540846,0.540846,0.540846,0.540846,0.540846,0.540846,0.540846,0.540846,0.540846,0.540846,0.540846,0.540846,0.540846,0.540846,0.540846,0.540846,0.540846,0.540846,0.540846,0.540846,0.540846,0.540846,0.540846,0.540846,0.540846,0.540846,0.540846,0.540846,0.540846,0.540846,0.540846,0.540846,0.540846,0.540846,0.540846,0.540846,0.540846,0.540846,0.540846,0
0,0.540846,0.540846,0.540846,0.540846,0.540846,0.540846,0.540846,0.540846,0.540846,0.540846,0.540846,0.540846,0.540846,0.540846,0.540846,0.540846,0.540846,0.540846,0.540846,0.540846,0.540846,0.540846,0.540846,0.540846,0.540846,0.540846,0.540846,0.540846,0.540846,0.540846,0.540846,0.540846,0.540846,0.540846,0.540846,0.540846,0.540846,0.540846,0.540846,0.540846,0.540846,0.540846,0.540846,0.540846,0.540846,0.540846,0.540846,0.540846,0.540846,0.540846,0.540846,0.540846,0.540846,0.540846,0.540846,0.540846,0.540846,0.540846,0.540846,0.540846,0.540846,0.540846,0.540846,0.540846,0.540846,0.540846,0.540846,0.540846,0.540846,0.540846,0.540846,0.540846,0.540846,0.540846,0.540846,0.540846,0.540846,0.540846,0.540846,0.540846,0.540846,0.540846,0.540846,0.540846,0.540846,0.540846,0.540846,0.540846,0.540846,0.540846,0.540846,0.540846,0.540846,0.540846,0,0,0,0,0,0,0,0,0,0,0,0,0,0,0,0,0,0,0,0,0,0,0,0,0,0,0,0,-0.4157494,-0.4157494,-0.4157494,-0.4157494,-0.4157494,-0.4157494,-0.4157494,-0.4157494,-0.4157494,-0.4157494,-0.4157494,-0.4157494,-0.4157494,-0.4157494,-0.4157494,-0.4157494,-0.4157494,-0.4157494,-0.4157494,-0.4157494,-0.4157494,-0.4157494,-0.4157494,-0.4157494,-0.4157494,-0.4157494,-0.4157494,-0.4157494,-0.4157494,-0.4157494,-0.4157494,-0.4157494,-0.4157494,-0.4157494,-0.4157494,-0.4157494,-0.4157494,-0.4157494,-0.4157494,-0.4157494,-0.4157494,-0.4157494,-0.4157494,-0.4157494,-0.4157494,-0.4157494,-0.4157494,-0.4157494,-0.4157494,-0.4157494,-0.4157494,-0.4157494,-0.4157494,-0.4157494,-0.4157494,-0.4157494,-0.4157494,-0.4157494,-0.4157494,-0.4157494,-0.4157494,-0.4157494,-0.4157494,-0.4157494,-0.4157494,-0.4157494,-0.4157494,-0.4157494,-0.4157494,-0.4157494,-0.4157494,-0.4157494,-0.4157494,-0.4157494,0
0,-0.4157494,-0.4157494,-0.4157494,-0.4157494,-0.4157494,-0.4157494,-0.4157494,-0.4157494,-0.4157494,-0.4157494,-0.4157494,-0.4157494,-0.4157494,-0.4157494,-0.4157494,-0.4157494,-0.4157494,-0.4157494,-0.4157494,-0.4157494,-0.4157494,-0.4157494,-0.4157494,-0.4157494,-0.4157494,-0.4157494,-0.4157494,-0.4157494,-0.4157494,-0.4157494,-0.4157494,-0.4157494,-0.4157494,-0.4157494,-0.4157494,-0.4157494,-0.4157494,-0.4157494,-0.4157494,-0.4157494,-0.4157494,-0.4157494,-0.4157494,-0.4157494,-0.4157494,-0.4157494,-0.4157494,-0.4157494,-0.4157494,-0.4157494,-0.4157494,-0.4157494,-0.4157494,-0.4157494,-0.4157494,-0.4157494,-0.4157494,-0.4157494,-0.4157494,-0.4157494,-0.4157494,-0.4157494,-0.4157494,-0.4157494,-0.4157494,-0.4157494,-0.4157494,-0.4157494,-0.4157494,-0.4157494,-0.4157494,-0.4157494,-0.4157494,-0.4157494,-0.4157494,-0.4157494,-0.4157494,-0.4157494,-0.4157494,-0.4157494,-0.4157494,-0.4157494,-0.4157494,-0.4157494,-0.4157494,-0.4157494,-0.4157494,-0.4157494,-0.4157494,-0.4157494,-0.4157494,-0.4157494,-0.4157494,-0.4157494,-0.4157494,-0.4157494,-0.4157494,-0.4157494,-0.4157494,-0.4157494,-0.4157494,-0.4157494,-0.4157494,-0.4157494,-0.4157494,-0.4157494,-0.4157494,-0.4157494,-0.4157494,-0.4157494,-0.4157494,-0.4157494,-0.4157494,-0.4157494,-0.4157494,-0.4157494,-0.4157494,-0.4157494,-0.4157494,-0.4157494,-0.4157494,-0.4157494,-0.4157494,-0.4157494,-0.4157494,-0.4157494,-0.4157494,-0.4157494,-0.4157494,-0.4157494,-0.4157494,-0.4157494,-0.4157494,-0.4157494,-0.4157494,-0.4157494,-0.4157494,-0.4157494,-0.4157494,-0.4157494,-0.4157494,-0.4157494,-0.4157494,-0.4157494,-0.4157494,-0.4157494,-0.4157494,-0.4157494,-0.4157494,-0.4157494,-0.4157494,-0.4157494,-0.4157494,-0.4157494,-0.4157494,-0.4157494,-0.4157494,-0.4157494,-0.4157494,-0.4157494,-0.4157494,-0.4157494,-0.4157494,-0.4157494,-0.4157494,-0.4157494,-0.4157494,-0.4157494,-0.4157494,-0.4157494,-0.4157494,-0.4157494,-0.4157494,-0.4157494,-0.4157494,-0.4157494,-0.4157494,-0.4157494,-0.4157494,-0.4157494,-0.4157494,-0.4157494,-0.4157494,-0.4157494,-0.4157494,-0.4157494,-0.4157494,-0.4157494,-0.4157494,-0.4157494,-0.4157494,-0.4157494,-0.4157494,-0.4157494,-0.4157494,-0.4157494,0
0,-0.4157494,-0.4157494,-0.4157494,-0.4157494,-0.4157494,-0.4157494,-0.4157494,-0.4157494,-0.4157494,-0.4157494,-0.4157494,-0.4157494,-0.4157494,-0.4157494,-0.4157494,-0.4157494,-0.4157494,-0.4157494,-0.4157494,-0.4157494,-0.4157494,-0.4157494,-0.4157494,-0.4157494,-0.4157494,-0.4157494,-0.4157494,-0.4157494,-0.4157494,-0.4157494,-0.4157494,-0.4157494,-0.4157494,-0.4157494,-0.4157494,-0.4157494,-0.4157494,-0.4157494,-0.4157494,-0.4157494,-0.4157494,-0.4157494,-0.4157494,-0.4157494,-0.4157494,-0.4157494,-0.4157494,-0.4157494,-0.4157494,-0.4157494,-0.4157494,-0.4157494,-0.4157494,-0.4157494,-0.4157494,-0.4157494,-0.4157494,-0.4157494,-0.4157494,-0.4157494,-0.4157494,-0.4157494,-0.4157494,-0.4157494,-0.4157494,-0.4157494,-0.4157494,-0.4157494,-0.4157494,-0.4157494,-0.4157494,-0.4157494,-0.4157494,-0.4157494,-0.4157494,-0.4157494,-0.4157494,-0.4157494,-0.4157494,-0.4157494,-0.4157494,-0.4157494,-0.4157494,-0.4157494,-0.4157494,-0.4157494,-0.4157494,-0.4157494,-0.4157494,-0.4157494,-0.4157494,-0.4157494,-0.4157494,-0.4157494,-0.4157494,-0.4157494,-0.4157494,-0.4157494,-0.4157494,-0.4157494,-0.4157494,-0.4157494,-0.4157494,-0.4157494,-0.4157494,-0.4157494,-0.4157494,-0.4157494,-0.4157494,-0.4157494,-0.4157494,-0.4157494,-0.4157494,-0.4157494,-0.4157494,-0.4157494,-0.4157494,-0.4157494,-0.4157494,-0.4157494,-0.4157494,-0.4157494,-0.4157494,-0.4157494,-0.4157494,-0.4157494,-0.4157494,-0.4157494,-0.4157494,-0.4157494,-0.4157494,-0.4157494,-0.4157494,-0.4157494,-0.4157494,-0.4157494,-0.4157494,-0.4157494,-0.4157494,-0.4157494,-0.4157494,-0.4157494,-0.4157494,-0.4157494,-0.4157494,-0.4157494,-0.4157494,-0.4157494,-0.4157494,-0.4157494,-0.4157494,-0.4157494,-0.4157494,-0.4157494,-0.4157494,-0.4157494,-0.4157494,-0.4157494,-0.4157494,-0.4157494,-0.4157494,-0.4157494,-0.4157494,-0.4157494,-0.4157494,-0.4157494,-0.4157494,-0.4157494,-0.4157494,-0.4157494,-0.4157494,-0.4157494,-0.4157494,-0.4157494,-0.4157494,-0.4157494,-0.4157494,-0.4157494,-0.4157494,-0.4157494,-0.4157494,-0.4157494,-0.4157494,-0.4157494,-0.4157494,-0.4157494,-0.4157494,-0.4157494,-0.4157494,-0.4157494,-0.4157494,-0.4157494,-0.4157494,-0.4157494,-0.4157494,-0.4157494,0
0,-0.4157494,-0.4157494,-0.4157494,-0.4157494,-0.4157494,-0.4157494,-0.4157494,-0.4157494,-0.4157494,-0.4157494,-0.4157494,-0.4157494,-0.4157494,-0.4157494,-0.4157494,-0.4157494,-0.4157494,-0.4157494,-0.4157494,-0.4157494,-0.4157494,-0.4157494,-0.4157494,-0.4157494,-0.4157494,-0.4157494,-0.4157494,-0.4157494,-0.4157494,-0.4157494,-0.4157494,-0.4157494,-0.4157494,-0.4157494,-0.4157494,-0.4157494,-0.4157494,-0.4157494,-0.4157494,-0.4157494,-0.4157494,-0.4157494,-0.4157494,-0.4157494,-0.4157494,-0.4157494,-0.4157494,-0.4157494,-0.4157494,-0.4157494,-0.4157494,-0.4157494,-0.4157494,-0.4157494,-0.4157494,-0.4157494,-0.4157494,-0.4157494,-0.4157494,-0.4157494,-0.4157494,-0.4157494,-0.4157494,-0.4157494,-0.4157494,-0.4157494,-0.4157494,-0.4157494,-0.4157494,-0.4157494,-0.4157494,-0.4157494,-0.4157494,-0.4157494,-0.4157494,-0.4157494,-0.4157494,-0.4157494,-0.4157494,-0.4157494,-0.4157494,-0.4157494,-0.4157494,-0.4157494,-0.4157494,-0.4157494,-0.4157494,-0.4157494,-0.4157494,-0.4157494,-0.4157494,-0.4157494,-0.4157494,-0.4157494,-0.4157494,-0.4157494,-0.4157494,-0.4157494,-0.4157494,-0.4157494,-0.4157494,-0.4157494,-0.4157494,-0.4157494,-0.4157494,-0.4157494,-0.4157494,-0.4157494,-0.4157494,-0.4157494,-0.4157494,-0.4157494,-0.4157494,-0.4157494,-0.4157494,-0.4157494,-0.4157494,-0.4157494,-0.4157494,-0.4157494,-0.4157494,-0.4157494,-0.4157494,-0.4157494,-0.4157494,-0.4157494,-0.4157494,-0.4157494,-0.4157494,-0.4157494,-0.4157494,-0.4157494,-0.4157494,-0.4157494,-0.4157494,-0.4157494,-0.4157494,-0.4157494,-0.4157494,-0.4157494,-0.4157494,-0.4157494,-0.4157494,-0.4157494,-0.4157494,-0.4157494,-0.4157494,-0.4157494,-0.4157494,-0.4157494,-0.4157494,-0.4157494,-0.4157494,-0.4157494,-0.4157494,-0.4157494,-0.4157494,-0.4157494,-0.4157494,-0.4157494,-0.4157494,-0.4157494,-0.4157494,-0.4157494,-0.4157494,-0.4157494,-0.4157494,-0.4157494,-0.4157494,-0.4157494,-0.4157494,-0.4157494,-0.4157494,-0.4157494,-0.4157494,-0.4157494,-0.4157494,-0.4157494,-0.4157494,-0.4157494,-0.4157494,-0.4157494,-0.4157494,-0.4157494,-0.4157494,-0.4157494,-0.4157494,-0.4157494,-0.4157494,-0.4157494,-0.4157494,-0.4157494,-0.4157494,-0.4157494,-0.4157494,-0.4157494,0
0,-0.4157494,-0.4157494,-0.4157494,-0.4157494,-0.4157494,-0.4157494,-0.4157494,-0.4157494,-0.4157494,-0.4157494,-0.4157494,-0.4157494,-0.4157494,-0.4157494,-0.4157494,-0.4157494,-0.4157494,-0.4157494,-0.4157494,-0.4157494,-0.4157494,-0.4157494,-0.4157494,-0.4157494,-0.4157494,-0.4157494,-0.4157494,-0.4157494,-0.4157494,-0.4157494,-0.4157494,-0.4157494,-0.4157494,-0.4157494,-0.4157494,-0.4157494,0,0.5151432,0.5151432,0.5151432,0.5151432,0.5151432,0.5151432,0.5151432,0.5151432,0.5151432,0.5151432,0.5151432,0.5151432,0.5151432,0.5151432,0.5151432,0.5151432,0.5151432,0.5151432,0.5151432,0.5151432,0.5151432,0.5151432,0.5151432,0.5151432,0.5151432,0.5151432,0.5151432,0.5151432,0.5151432,0.5151432,0.5151432,0.5151432,0.5151432,0.5151432,0.5151432,0.5151432,0.5151432,0.5151432,0.5151432,0.5151432,0.5151432,0.5151432,0.5151432,0.5151432,0.5151432,0.5151432,0.5151432,0.5151432,0.5151432,0.5151432,0.5151432,0.5151432,0.5151432,0.5151432,0.5151432,0.5151432,0.5151432,0.5151432,0.5151432,0.5151432,0.5151432,0.5151432,0.5151432,0.5151432,0.5151432,0.5151432,0.5151432,0.5151432,0.5151432,0.5151432,0.5151432,0.5151432,0.5151432,0.5151432,0.5151432,0.5151432,0.5151432,0.5151432,0.5151432,0.5151432,0.5151432,0.5151432,0.5151432,0.5151432,0.5151432,0.5151432,0.5151432,0.5151432,0.5151432,0.5151432,0.5151432,0.5151432,0.5151432,0.5151432,0.5151432,0.5151432,0.5151432,0.5151432,0.5151432,0.5151432,0.5151432,0.5151432,0.5151432,0.5151432,0.5151432,0.5151432,0.5151432,0.5151432,0.5151432,0.5151432,0.5151432,0.5151432,0.5151432,0.5151432,0.5151432,0.5151432,0.5151432,0.5151432,0.5151432,0.5151432,0.5151432,0.5151432,0.5151432,0.5151432,0.5151432,0.5151432,0.5151432,0.5151432,0.5151432,0.5151432,0.5151432,0.5151432,0.5151432,0.5151432,0.5151432,0.5151432,0.5151432,0.5151432,0.5151432,0.5151432,0.5151432,0.5151432,0.5151432,0.5151432,0.5151432,0.5151432,0.5151432,0.5151432,0.5151432,0.5151432,0.5151432,0.5151432,0.5151432,0.5151432,0.5151432,0.5151432,0.5151432,0.5151432,0.5151432,0
0,0.5151432,0.5151432,0.5151432,0.5151432,0.5151432,0.5151432,0.5151432,0.5151432,0.5151432,0.5151432,0.5151432,0.5151432,0.5151432,0.5151432,0.5151432,0.5151432,0.5151432,0.5151432,0.5151432,0.5151432,0.5151432,0.5151432,0.5151432,0.5151432,0.5151432,0.5151432,0.5151432,0.5151432,0.5151432,0.5151432,0.5151432,0.5151432,0.5151432,0.5151432,0.5151432,0.5151432,0.5151432,0.5151432,0.5151432,0.5151432,0.5151432,0.5151432,0.5151432,0.5151432,0.5151432,0.5151432,0.5151432,0.5151432,0.5151432,0.5151432,0.5151432,0.5151432,0.5151432,0.5151432,0.5151432,0.5151432,0.5151432,0.5151432,0.5151432,0.5151432,0.5151432,0.5151432,0.5151432,0.5151432,0.5151432,0.5151432,0.5151432,0.5151432,0.5151432,0.5151432,0.5151432,0.5151432,0.5151432,0.5151432,0.5151432,0.5151432,0.5151432,0.5151432,0.5151432,0.5151432,0.5151432,0.5151432,0.5151432,0.5151432,0.5151432,0.5151432,0.5151432,0.5151432,0.5151432,0.5151432,0.5151432,0.5151432,0.5151432,0.5151432,0.5151432,0.5151432,0.5151432,0.5151432,0.5151432,0.5151432,0.5151432,0.5151432,0.5151432,0.5151432,0.5151432,0.5151432,0.5151432,0.5151432,0.5151432,0.5151432,0.5151432,0.5151432,0.5151432,0.5151432,0.5151432,0.5151432,0.5151432,0.5151432,0.5151432,0.5151432,0.5151432,0.5151432,0.5151432,0.5151432,0.5151432,0.5151432,0.5151432,0.5151432,0.5151432,0.5151432,0.5151432,0.5151432,0.5151432,0.5151432,0.5151432,0.5151432,0.5151432,0.5151432,0.5151432,0.5151432,0.5151432,0.5151432,0.5151432,0.5151432,0.5151432,0.5151432,0.5151432,0.5151432,0.5151432,0.5151432,0.5151432,0.5151432,0.5151432,0.5151432,0.5151432,0.5151432,0.5151432,0.5151432,0.5151432,0.5151432,0.5151432,0.5151432,0.5151432,0.5151432,0.5151432,0.5151432,0.5151432,0.5151432,0.5151432,0.5151432,0.5151432,0.5151432,0.5151432,0.5151432,0.5151432,0.5151432,0.5151432,0.5151432,0.5151432,0.5151432,0.5151432,0.5151432,0.5151432,0.5151432,0.5151432,0.5151432,0.5151432,0.5151432,0.5151432,0.5151432,0.5151432,0.5151432,0.5151432,0.5151432,0.5151432,0.5151432,0
0,0.5151432,0.5151432,0.5151432,0.5151432,0.5151432,0.5151432,0.5151432,0.5151432,0.5151432,0.5151432,0.5151432,0.5151432,0.5151432,0.5151432,0.5151432,0.5151432,0.5151432,0.5151432,0.5151432,0.5151432,0.5151432,0.5151432,0.5151432,0.5151432,0.5151432,0.5151432,0.5151432,0.5151432,0.5151432,0.5151432,0.5151432,0.5151432,0.5151432,0.5151432,0.5151432,0.5151432,0.5151432,0.5151432,0.5151432,0.5151432,0.5151432,0.5151432,0.5151432,0.5151432,0.5151432,0.5151432,0.5151432,0.5151432,0.5151432,0.5151432,0.5151432,0.5151432,0.5151432,0.5151432,0.5151432,0.5151432,0.5151432,0.5151432,0.5151432,0.5151432,0.5151432,0.5151432,0.5151432,0.5151432,0.5151432,0.5151432,0.5151432,0.5151432,0.5151432,0.5151432,0.5151432,0.5151432,0.5151432,0.5151432,0.5151432,0.5151432,0.5151432,0.5151432,0.5151432,0.5151432,0.5151432,0.5151432,0.5151432,0.5151432,0.5151432,0.5151432,0.5151432,0.5151432,0.5151432,0.5151432,0.5151432,0.5151432,0.5151432,0.5151432,0.5151432,0.5151432,0.5151432,0.5151432,0.5151432,0.5151432,0.5151432,0.5151432,0.5151432,0.5151432,0.5151432,0.5151432,0.5151432,0.5151432,0.5151432,0.5151432,0.5151432,0.5151432,0.5151432,0.5151432,0.5151432,0.5151432,0.5151432,0.5151432,0.5151432,0.5151432,0.5151432,0.5151432,0.5151432,0.5151432,0.5151432,0.5151432,0.5151432,0.5151432,0.5151432,0.5151432,0.5151432,0.5151432,0.5151432,0.5151432,0.5151432,0.5151432,0.5151432,0.5151432,0.5151432,0.5151432,0.5151432,0.5151432,0.5151432,0.5151432,0.5151432,0.5151432,0.5151432,0.5151432,0.5151432,0.5151432,0.5151432,0.5151432,0.5151432,0.5151432,0.5151432,0.5151432,0.5151432,0.5151432,0.5151432,0.5151432,0.5151432,0.5151432,0.5151432,0.5151432,0.5151432,0.5151432,0.5151432,0.5151432,0.5151432,0.5151432,0.5151432,0.5151432,0.5151432,0.5151432,0.5151432,0.5151432,0.5151432,0.5151432,0.5151432,0.5151432,0.5151432,0.5151432,0.5151432,0.5151432,0.5151432,0.5151432,0.5151432,0.5151432,0.5151432,0.5151432,0.5151432,0.5151432,0.5151432,0.5151432,0.5151432,0.5151432,0
0,0.5151432,0.5151432,0.5151432,0.5151432,0.5151432,0.5151432,0.5151432,0.5151432,0.5151432,0.5151432,0.5151432,0.5151432,0.5151432,0.5151432,0.5151432,0.5151432,0.5151432,0.5151432,0.5151432,0.5151432,0.5151432,0.5151432,0.5151432,0.5151432,0.5151432,0.5151432,0.5151432,0.5151432,0.5151432,0.5151432,0.5151432,0.5151432,0.5151432,0.5151432,0.5151432,0.5151432,0.5151432,0.5151432,0.5151432,0.5151432,0.5151432,0.5151432,0.5151432,0.5151432,0.5151432,0.5151432,0.5151432,0.5151432,0.5151432,0.5151432,0.5151432,0.5151432,0.5151432,0.5151432,0.5151432,0.5151432,0.5151432,0.5151432,0.5151432,0.5151432,0.5151432,0.5151432,0.5151432,0.5151432,0.5151432,0.5151432,0.5151432,0.5151432,0.5151432,0.5151432,0.5151432,0.5151432,0.5151432,0.5151432,0.5151432,0.5151432,0.5151432,0.5151432,0.5151432,0.5151432,0.5151432,0.5151432,0.5151432,0.5151432,0.5151432,0.5151432,0.5151432,0.5151432,0.5151432,0.5151432,0.5151432,0.5151432,0.5151432,0.5151432,0.5151432,0.5151432,0.5151432,0.5151432,0.5151432,0.5151432,0.5151432,0.5151432,0.5151432,0.5151432,0.5151432,0.5151432,0.5151432,0.5151432,0.5151432,0.5151432,0.5151432,0.5151432,0.5151432,0.5151432,0.5151432,0.5151432,0.5151432,0.5151432,0.5151432,0.5151432,0.5151432,0.5151432,0.5151432,0.5151432,0.5151432,0.5151432,0.5151432,0.5151432,0.5151432,0.5151432,0.5151432,0.5151432,0.5151432,0.5151432,0.5151432,0.5151432,0.5151432,0.5151432,0.5151432,0.5151432,0.5151432,0.5151432,0.5151432,0.5151432,0.5151432,0.5151432,0.5151432,0.5151432,0.5151432,0.5151432,0.5151432,0.5151432,0.5151432,0.5151432,0.5151432,0.5151432,0.5151432,0.5151432,0.5151432,0.5151432,0.5151432,0.5151432,0.5151432,0.5151432,0.5151432,0.5151432,0.5151432,0.5151432,0.5151432,0.5151432,0.5151432,0.5151432,0.5151432,0.5151432,0.5151432,0.5151432,0.5151432,0.5151432,0.5151432,0.5151432,0.5151432,0.5151432,0.5151432,0.5151432,0.5151432,0.5151432,0.5151432,0.5151432,0.5151432,0.5151432,0.5151432,0.5151432,0.5151432,0.5151432,0.5151432,0.5151432,0
0,0.5151432,0.5151432,0.5151432,0.5151432,0.5151432,0.5151432,0.5151432,0.5151432,0.5151432,0.5151432,0.5151432,0.5151432,0.5151432,0.5151432,0.5151432,0.5151432,0.5151432,0.5151432,0.5151432,0.5151432,0.5151432,0.5151432,0.5151432,0.5151432,0.5151432,0.5151432,0.5151432,0.5151432,0.5151432,0.5151432,0.5151432,0.5151432,0.5151432,0.5151432,0.5151432,0.5151432,0.5151432,0.5151432,0.5151432,0.5151432,0.5151432,0.5151432,0.5151432,0.5151432,0.5151432,0.5151432,0.5151432,0.5151432,0.5151432,0.5151432,0.5151432,0.5151432,0.5151432,0.5151432,0.5151432,0.5151432,0.5151432,0.5151432,0.5151432,0.5151432,0.5151432,0.5151432,0.5151432,0.5151432,0.5151432,0.5151432,0.5151432,0.5151432,0.5151432,0.5151432,0.5151432,0.5151432,0.5151432,0.5151432,0.5151432,0.5151432,0.5151432,0.5151432,0.5151432,0.5151432,0.5151432,0.5151432,0.5151432,0.5151432,0.5151432,0.5151432,0.5151432,0.5151432,0.5151432,0.5151432,0.5151432,0.5151432,0.5151432,0.5151432,0.5151432,0.5151432,0.5151432,0.5151432,0.5151432,0.5151432,0.5151432,0.5151432,0.5151432,0.5151432,0.5151432,0.5151432,0.5151432,0.5151432,0.5151432,0.5151432,0.5151432,0.5151432,0.5151432,0.5151432,0.5151432,0.5151432,0.5151432,0.5151432,0.5151432,0.5151432,0.5151432,0.5151432,0.5151432,0.5151432,0.5151432,0.5151432,0.5151432,0.5151432,0.5151432,0.5151432,0.5151432,0.5151432,0.5151432,0.5151432,0.5151432,0.5151432,0.5151432,0.5151432,0.5151432,0.5151432,0.5151432,0.5151432,0.5151432,0.5151432,0.5151432,0.5151432,0.5151432,0.5151432,0.5151432,0.5151432,0.5151432,0.5151432,0.5151432,0.5151432,0.5151432,0.5151432,0.5151432,0.5151432,0.5151432,0.5151432,0.5151432,0.5151432,0.5151432,0.5151432,0.5151432,0.5151432,0.5151432,0.5151432,0.5151432,0.5151432,0.5151432,0.5151432,0.5151432,0.5151432,0.5151432,0.5151432,0.5151432,0.5151432,0.5151432,0.5151432,0.5151432,0.5151432,0.5151432,0.5151432,0.5151432,0.5151432,0.5151432,0.5151432,0.5151432,0.5151432,0.5151432,0.5151432,0.5151432,0.5151432,0.5151432,0.5151432,0
0,0.5151432,0.5151432,0.5151432,0.5151432,0.5151432,0.5151432,0.5151432,0.5151432,0.5151432,0.5151432,0.5151432,0.5151432,0.5151432,0.5151432,0.5151432,0.5151432,0.5151432,0.5151432,0.5151432,0.5151432,0.5151432,0.5151432,0.5151432,0.5151432,0.5151432,0.5151432,0.5151432,0.5151432,0.5151432,0.5151432,0.5151432,0.5151432,0.5151432,0.5151432,0.5151432,0.5151432,0.5151432,0.5151432,0.5151432,0.5151432,0.5151432,0.5151432,0.5151432,0.5151432,0.5151432,0.5151432,0.5151432,0.5151432,0.5151432,0.5151432,0.5151432,0.5151432,0.5151432,0.5151432,0.5151432,0.5151432,0.5151432,0.5151432,0.5151432,0.5151432,0.5151432,0.5151432,0.5151432,0.5151432,0.5151432,0.5151432,0.5151432,0.5151432,0.5151432,0.5151432,0.5151432,0.5151432,0.5151432,0.5151432,0.5151432,0.5151432,0.5151432,0.5151432,0.5151432,0.5151432,0.5151432,0.5151432,0.5151432,0.5151432,0.5151432,0.5151432,0.5151432,0.5151432,0.5151432,0.5151432,0.5151432,0.5151432,0.5151432,0.5151432,0.5151432,0.5151432,0.5151432,0.5151432,0.5151432,0.5151432,0.5151432,0.5151432,0.5151432,0.5151432,0.5151432,0.5151432,0.5151432,0.5151432,0.5151432,0.5151432,0.5151432,0.5151432,0.5151432,0.5151432,0.5151432,0.5151432,0.5151432,0.5151432,0.5151432,0.5151432,0.5151432,0.5151432,0.5151432,0.5151432,0.5151432,0.5151432,0.5151432,0.5151432,0.5151432,0.5151432,0.5151432,0.5151432,0.5151432,0.5151432,0.5151432,0.5151432,0.5151432,0.5151432,0.5151432,0.5151432,0.5151432,0.5151432,0.5151432,0.5151432,0.5151432,0.5151432,0.5151432,0.5151432,0.5151432,0.5151432,0.5151432,0.5151432,0.5151432,0.5151432,0.5151432,0.5151432,0.5151432,0.5151432,0.5151432,0.5151432,0.5151432,0.5151432,0.5151432,0.5151432,0.5151432,0.5151432,0.5151432,0.5151432,0.5151432,0.5151432,0.5151432,0.5151432,0.5151432,0.5151432,0.5151432,0.5151432,0.5151432,0.5151432,0.5151432,0.5151432,0.5151432,0.5151432,0.5151432,0.5151432,0.5151432,0.5151432,0.5151432,0.5151432,0.5151432,0.5151432,0.5151432,0.5151432,0.5151432,0.5151432,0.5151432,0.5151432,0
0,0.5151432,0.5151432,0.5151432,0.5151432,0.5151432,0.5151432,0.5151432,0.5151432,0.5151432,0.5151432,0.5151432,0.5151432,0.5151432,0.5151432,0.5151432,0.5151432,0.5151432,0.5151432,0.5151432,0.5151432,0.5151432,0.5151432,0.5151432,0.5151432,0.5151432,0.5151432,0.5151432,0.5151432,0.5151432,0.5151432,0.5151432,0.5151432,0.5151432,0.5151432,0.5151432,0.5151432,0.5151432,0.5151432,0.5151432,0.5151432,0.5151432,0.5151432,0.5151432,0.5151432,0.5151432,0.5151432,0.5151432,0.5151432,0.5151432,0.5151432,0.5151432,0.5151432,0.5151432,0.5151432,0.5151432,0.5151432,0.5151432,0.5151432,0.5151432,0.5151432,0.5151432,0.5151432,0.5151432,0.5151432,0.5151432,0.5151432,0.5151432,0.5151432,0.5151432,0.5151432,0.5151432,0.5151432,0.5151432,0.5151432,0.5151432,0.5151432,0.5151432,0.5151432,0.5151432,0.5151432,0.5151432,0.5151432,0.5151432,0.5151432,0.5151432,0.5151432,0.5151432,0.5151432,0.5151432,0.5151432,0.5151432,0.5151432,0.5151432,0.5151432,0.5151432,0.5151432,0.5151432,0.5151432,0.5151432,0.5151432,0.5151432,0.5151432,0.5151432,0.5151432,0.5151432,0.5151432,0.5151432,0.5151432,0.5151432,0.5151432,0.5151432,0.5151432,0.5151432,0.5151432,0.5151432,0.5151432,0.5151432,0.5151432,0.5151432,0.5151432,0.5151432,0.5151432,0.5151432,0.5151432,0.5151432,0.5151432,0.5151432,0.5151432,0.5151432,0.5151432,0.5151432,0.5151432,0.5151432,0.5151432,0.5151432,0.5151432,0.5151432,0.5151432,0.5151432,0.5151432,0.5151432,0.5151432,0.5151432,0.5151432,0.5151432,0.5151432,0.5151432,0.5151432,0.5151432,0.5151432,0.5151432,0.5151432,0.5151432,0.5151432,0.5151432,0.5151432,0.5151432,0.5151432,0.5151432,0.5151432,0.5151432,0.5151432,0.5151432,0.5151432,0.5151432,0.5151432,0.5151432,0.5151432,0.5151432,0.5151432,0.5151432,0.5151432,0.5151432,0.5151432,0.5151432,0.5151432,0.5151432,0.5151432,0.5151432,0.5151432,0.5151432,0.5151432,0.5151432,0.5151432,0.5151432,0.5151432,0.5151432,0.5151432,0.5151432,0.5151432,0.5151432,0.5151432,0.5151432,0.5151432,0.5151432,0.5151432,0
0,0.5151432,0.5151432,0.5151432,0.5151432,0.5151432,0.5151432,0.5151432,0.5151432,0.5151432,0.5151432,0.5151432,0.5151432,0.5151432,0.5151432,0.5151432,0.5151432,0.5151432,0.5151432,0.5151432,0.5151432,0.5151432,0.5151432,0.5151432,0.5151432,0.5151432,0.5151432,0.5151432,0.5151432,0.5151432,0.5151432,0.5151432,0.5151432,0.5151432,0.5151432,0.5151432,0.5151432,0.5151432,0.5151432,0.5151432,0.5151432,0.5151432,0.5151432,0.5151432,0.5151432,0.5151432,0.5151432,0.5151432,0.5151432,0.5151432,0.5151432,0.5151432,0.5151432,0.5151432,0.5151432,0.5151432,0.5151432,0.5151432,0.5151432,0.5151432,0.5151432,0.5151432,0.5151432,0.5151432,0.5151432,0.5151432,0.5151432,0.5151432,0.5151432,0.5151432,0.5151432,0.5151432,0.5151432,0.5151432,0.5151432,0.5151432,0.5151432,0.5151432,0.5151432,0.5151432,0.5151432,0.5151432,0.5151432,0.5151432,0.5151432,0.5151432,0.5151432,0.5151432,0.5151432,0.5151432,0.5151432,0.5151432,0.5151432,0.5151432,0.5151432,0.5151432,0.5151432,0.5151432,0.5151432,0.5151432,0.5151432,0.5151432,0.5151432,0.5151432,0.5151432,0.5151432,0.5151432,0.5151432,0.5151432,0.5151432,0.5151432,0.5151432,0.5151432,0.5151432,0.5151432,0.5151432,0.5151432,0.5151432,0.5151432,0.5151432,0.5151432,0.5151432,0.5151432,0.5151432,0.5151432,0.5151432,0.5151432,0.5151432,0.5151432,0.5151432,0.5151432,0.5151432,0.5151432,0.5151432,0.5151432,0.5151432,0.5151432,0.5151432,0.5151432,0.5151432,0.5151432,0.5151432,0.5151432,0.5151432,0.5151432,0.5151432,0.5151432,0.5151432,0.5151432,0.5151432,0.5151432,0.5151432,0.5151432,0.5151432,0.5151432,0.5151432,0.5151432,0.5151432,0.5151432,0.5151432,0.5151432,0.5151432,0.5151432,0.5151432,0.5151432,0.5151432,0.5151432,0.5151432,0.5151432,0.5151432,0.5151432,0.5151432,0.5151432,0.5151432,0.5151432,0.5151432,0.5151432,0.5151432,0.5151432,0.5151432,0.5151432,0.5151432,0.5151432,0.5151432,0.5151432,0.5151432,0.5151432,0.5151432,0.5151432,0.5151432,0.5151432,0.5151432,0.5151432,0.5151432,0.5151432,0.5151432,0.5151432,0
0,0.5151432,0.5151432,0.5151432,0.5151432,0.5151432,0.5151432,0.5151432,0.5151432,0.5151432,0.5151432,0.5151432,0.5151432,0.5151432,0.5151432,0.5151432,0.5151432,0.5151432,0.5151432,0.5151432,0.5151432,0.5151432,0.5151432,0.5151432,0.5151432,0.5151432,0.5151432,0.5151432,0.5151432,0.5151432,0.5151432,0.5151432,0.5151432,0.5151432,0.5151432,0.5151432,0.5151432,0.5151432,0.5151432,0.5151432,0.5151432,0.5151432,0.5151432,0.5151432,0.5151432,0.5151432,0.5151432,0.5151432,0.5151432,0.5151432,0.5151432,0.5151432,0.5151432,0.5151432,0.5151432,0.5151432,0.5151432,0.5151432,0.5151432,0.5151432,0.5151432,0.5151432,0.5151432,0.5151432,0.5151432,0.5151432,0.5151432,0.5151432,0.5151432,0.5151432,0.5151432,0.5151432,0.5151432,0.5151432,0.5151432,0.5151432,0.5151432,0.5151432,0.5151432,0.5151432,0.5151432,0.5151432,0.5151432,0.5151432,0.5151432,0.5151432,0.5151432,0.5151432,0.5151432,0.5151432,0.5151432,0.5151432,0.5151432,0.5151432,0.5151432,0.5151432,0.5151432,0.5151432,0.5151432,0.5151432,0.5151432,0.5151432,0.5151432,0.5151432,0.5151432,0.5151432,0.5151432,0.5151432,0.5151432,0.5151432,0.5151432,0.5151432,0.5151432,0.5151432,0.5151432,0.5151432,0.5151432,0.5151432,0.5151432,0.5151432,0.5151432,0.5151432,0.5151432,0.5151432,0.5151432,0.5151432,0.5151432,0.5151432,0.5151432,0.5151432,0.5151432,0.5151432,0.5151432,0.5151432,0.5151432,0.5151432,0.5151432,0.5151432,0.5151432,0.5151432,0.5151432,0.5151432,0.5151432,0.5151432,0.5151432,0.5151432,0.5151432,0.5151432,0.5151432,0.5151432,0.5151432,0.5151432,0.5151432,0.5151432,0.5151432,0.5151432,0.5151432,0.5151432,0.5151432,0.5151432,0.5151432,0.5151432,0.5151432,0.5151432,0.5151432,0.5151432,0.5151432,0.5151432,0.5151432,0.5151432,0.5151432,0.5151432,0.5151432,0.5151432,0.5151432,0.5151432,0.5151432,0.5151432,0.5151432,0.5151432,0.5151432,0.5151432,0.5151432,0.5151432,0.5151432,0.5151432,0.5151432,0.5151432,0.5151432,0.5151432,0.5151432,0.5151432,0.5151432,0.5151432,0.5151432,0.5151432,0.5151432,0
0,0.5151432,0.5151432,0.5151432,0.5151432,0.5151432,0.5151432,0.5151432,0.5151432,0.5151432,0.5151432,0.5151432,0.5151432,0.5151432,0.5151432,0.5151432,0.5151432,0.5151432,0.5151432,0.5151432,0.5151432,0.5151432,0.5151432,0.5151432,0.5151432,0.5151432,0.5151432,0.5151432,0.5151432,0.5151432,0.5151432,0.5151432,0.5151432,0.5151432,0.5151432,0.5151432,0.5151432,0.5151432,0.5151432,0.5151432,0.5151432,0.5151432,0.5151432,0.5151432,0.5151432,0.5151432,0.5151432,0.5151432,0.5151432,0.5151432,0.5151432,0.5151432,0.5151432,0.5151432,0.5151432,0.5151432,0.5151432,0.5151432,0.5151432,0.5151432,0.5151432,0.5151432,0.5151432,0.5151432,0.5151432,0.5151432,0.5151432,0.5151432,0.5151432,0.5151432,0.5151432,0.5151432,0.5151432,0.5151432,0.5151432,0.5151432,0.5151432,0.5151432,0.5151432,0.5151432,0.5151432,0.5151432,0.5151432,0.5151432,0.5151432,0.5151432,0.5151432,0.5151432,0.5151432,0.5151432,0.5151432,0.5151432,0.5151432,0.5151432,0.5151432,0.5151432,0.5151432,0.5151432,0.5151432,0.5151432,0.5151432,0.5151432,0.5151432,0.5151432,0.5151432,0.5151432,0.5151432,0.5151432,0.5151432,0.5151432,0.5151432,0.5151432,0.5151432,0.5151432,0.5151432,0.5151432,0.5151432,0.5151432,0.5151432,0.5151432,0.5151432,0.5151432,0.5151432,0.5151432,0.5151432,0.5151432,0.5151432,0.5151432,0.5151432,0.5151432,0.5151432,0.5151432,0.5151432,0.5151432,0.5151432,0.5151432,0.5151432,0.5151432,0.5151432,0.5151432,0.5151432,0.5151432,0.5151432,0.5151432,0.5151432,0.5151432,0.5151432,0.5151432,0.5151432,0.5151432,0.5151432,0.5151432,0.5151432,0.5151432,0.5151432,0.5151432,0.5151432,0.5151432,0.5151432,0.5151432,0.5151432,0.5151432,0.5151432,0.5151432,0.5151432,0.5151432,0.5151432,0.5151432,0.5151432,0.5151432,0.5151432,0.5151432,0.5151432,0.5151432,0.5151432,0.5151432,0.5151432,0.5151432,0.5151432,0.5151432,0.5151432,0.5151432,0.5151432,0.5151432,0.5151432,0.5151432,0.5151432,0.5151432,0.5151432,0.5151432,0.5151432,0.5151432,0.5151432,0.5151432,0.5151432,0.5151432,0.5151432,0
0,0.5151432,0.5151432,0.5151432,0.5151432,0.5151432,0.5151432,0.5151432,0.5151432,0.5151432,0.5151432,0.5151432,0.5151432,0.5151432,0.5151432,0.5151432,0.5151432,0.5151432,0.5151432,0.5151432,0.5151432,0.5151432,0.5151432,0.5151432,0.5151432,0.5151432,0.5151432,0.5151432,0.5151432,0.5151432,0.5151432,0.5151432,0.5151432,0.5151432,0.5151432,0.5151432,0.5151432,0.5151432,0.5151432,0.5151432,0.5151432,0.5151432,0.5151432,0.5151432,0.5151432,0.5151432,0.5151432,0.5151432,0.5151432,0.5151432,0.5151432,0.5151432,0.5151432,0.5151432,0.5151432,0.5151432,0.5151432,0.5151432,0.5151432,0.5151432,0.5151432,0.5151432,0.5151432,0.5151432,0.5151432,0.5151432,0.5151432,0.5151432,0.5151432,0.5151432,0.5151432,0.5151432,0.5151432,0.5151432,0.5151432,0.5151432,0.5151432,0.5151432,0.5151432,0.5151432,0.5151432,0.5151432,0.5151432,0.5151432,0.5151432,0.5151432,0.5151432,0.5151432,0.5151432,0.5151432,0.5151432,0.5151432,0.5151432,0.5151432,0.5151432,0.5151432,0.5151432,0,0,0,0,0,0,0,0,0,0,0,0,0,0,0,0,0,0,0,0,0,0,0,0,0,0,0,0,0,0,0,0,0,0,0,0,0,0,0,0,0,0,0,0,0,0,0,0,0,0,0,0,0,0,0,0,0,0,0,0,0,0,0,0,0,0,0,0,0,0,0,0,0,0,0,0,0,0,0,0,0,0,0,0,0,0,0,0,0,0,0,0,0,0,0,0,0,0,0,0,0
0,0,0,0,0,0,0,0,0,0,0,0,0,0,0,0,0,0,0,0,0,0,0,0,0,0,0,0,0,0,0,0,0,0,0,0,0,0,0,0,0,0,0,0,0,0,0,0,0,0,0,0,0,0,0,0,0,0,0,0,0,0,0,0,0,0,0,0,0,0,0,0,0,0,0,0,0,0,0,0,0,0,0,0,0,0,0,0,0,0,0,0,0,0,0,0,0,0,0,0,0,0,0,0,0,0,0,0,0,0,0,0,0,0,0,0,0,0,0,0,0,0,0,0,0,0,0,0,0,0,0,0,0,0,0,0,0,0,0,0,0,0,0,0,0,0,0,0,0,0,0,0,0,0,0,0,0,0,0,0,0,0,0,0,0,0,0,0,0,0,0,0,0,0,0,0,0,0,0,0,0,0,0,0,0,0,0,0,0,0,0,0,0,0,0,0,0,0
0,0,0,0,0,0,0,0,0,0,0,0,0,0,0,0,0,0,0,0,0,0,0,0,0,0,0,0,0,0,0,0,0,0,0,0,0,0,0,0,0,0,0,0,0,0,0,0,0,0,0,0,0,0,0,0,0,0,0,0,0,0,0,0,0,0,0,0,0,0,0,0,0,0,0,0,0,0,0,0,0,0,0,0,0,0,0,0,0,0,0,0,0,0,0,0,0,0,0,0,0,0,0,0,0,0,0,0,0,0,0,0,0,0,0,0,0,0,0,0,0,0,0,0,0,0,0,0,0,0,0,0,0,0,0,0,0,0,0,0,0,0,0,0,0,0,0,0,0,0,0,0,0,0,0,0,0,0,0,0,0,0,0,0,0,0,0,0,0,0,0,0,0,0,0,0,0,0,0,0,0,0,0,0,0,0,0,0,0,0,0,0,0,0,0,0,0,0
0,0,0,0,0,0,0,0,0,0,0,0,0,0,0,0,0,0,0,0,0,0,0,0,0,0,0,0,0,0,0,0,0,0,0,0,0,0,0,0,0,0,0,0,0,0,0,0,0,0,0,0,0,0,0,0,0,0,0,0,0,0,0,0,0,0,0,0,0,0,0,0,0,0,0,0,0,0,0,0,0,0,0,0,0,0,0,0,0,0,0,0,0,0,0,0,0,0,0,0,0,0,0,0,0,0,0,0,0,0,0,0,0,0,0,0,0,0,0,0,0,0,0,0,0,0,0,0,0,0,0,0,0,0,0,0,0,0,0,0,0,0,0,0,0,0,0,0,0,0,0,0,0,0,0,0,0,0,0,0,0,0,0,0,0,0,0,0,0,0,0,0,0,0,0,0,0,0,0,0,0,0,0,0,0,0,0,0,0,0,0,0,0,0,0,0,0,0
0,0,0,0,0,0,0,0,0,0,0,0,0,0,0,0,0,0,0,0,0,0,0,0,0,0,0,0,0,0,0,0,0,0,0,0,0,0,0,0,0,0,0,0,0,0,0,0,0,0,0,0,0,0,0,0,0,0,0,0,0,0,0,0,0,0,0,0,0,0,0,0,0,0,0,0,0,0,0,0,0,0,0,0,0,0,0,0,0,0,0,0,0,0,0,0,0,0,0,0,0,0,0,0,0,0,0,0,0,0,0,0,0,0,0,0,0,0,0,0,0,0,0,0,0,0,0,0,0,0,0,0,0,0,0,0,0,0,0,0,0,0,0,0,0,0,0,0,0,0,0,0,0,0,0,0,0,0,0,0,0,0,0,0,0,0,0,0,0,0,0,0,0,0,0,0,0,0,0,0,0,0,0,0,0,0,0,0,0,0,0,0,0,0,0,0,0,0
0,0,0,0,0,0,0,0,0,0,0,0,0,0,0,0,0,0,0,0,0,0,0,0,0,0,0,0,0,0,0,0,0,0,0,0,0,0,0,0,0,0,0,0,0,0,0,0,0,0,0,0,0,0,0,0,0,0,0,0,0,0,0,0,0,0,0,0,0,0,0,0,0,0,0,0,0,0,0,0,0,0,0,0,0,0,0,0,0,0,0,0,0,0,0,0,0,0,0,0,0,0,0,0,0,0,0,0,0,0,0,0,0,0,0,0,0,0,0,0,0,0,0,0,0,0,0,0,0,0,0,0,0,0,0,0,0,0,0,0,0,0,0,0,0,0,0,0,0,0,0,0,0,0,0,0,0,0,0,0,0,0,0,0,0,0,0,0,0,0,0,0,0,0,0,0,0,0,0,0,0,0,0,0,0,0,0,0,0,0,0,0,0,0,0,0,0,0
0,0,0,0,0,0,0,0,0,0,0,0,0,0,0,0,0,0,0,0,0,0,0,0,0,0,0,0,0,0,0,0,0,0,0,0,0,0,0,0,0,0,0,0,0,0,0,0,0,0,0,0,0,0,0,0,0,0,0,0,0,0,0,0,0,0,0,0,0,0,0,0,0,0,0,0,0,0,0,0,0,0,0,0,0,0,0,0,0,0,0,0,0,0,0,0,0,0,0,0,0,0,0,0,0,0,0,0,0,0,0,0,0,0,0,0,0,0,0,0,0,0,0,0,0,0,0,0,0,0,0,0,0,0,0,0,0,0,0,0,0,0,0,0,0,0,0,0,0,0,0,0,0,0,0,0,0,0,0,0,0,0,0,0,0,0,0,0,0,0,0,0,0,0,0,0,0,0,0,0,0,0,0,0,0,0,0,0,0,0,0,0,0,0,0,0,0,0
0,0,0,0,0,0,0,0,0,0,0,0,0,0,0,0,0,0,0,0,0,0,0,0,0,0,0,0,0,0,0,0,0,0,0,0,0,0,0,0,0,0,0,0,0,0,0,0,0,0,0,0,0,0,0,0,0,0,0,0,0,0,0,0,0,0,0,0,0,0,0,0,0,0,0,0,0,0,0,0,0,0,0,0,0,0,0,0,0,0,0,0,0,0,0,0,0,0,0,0,0,0,0,0,0,0,0,0,0,0,0,0,0,0,0,0,0,0,0,0,0,0,0,0,0,0,0,0,0,0,0,0,0,0,0,0,0,0,0,0,0,0,0,0,0,0,0,0,0,0,0,0,0,0,0,0,0,0,0,0,0,0,0,0,0,0,0,0,0,0,0,0,0,0,0,0,0,0,0,0,0,0,0,0,0,0,0,0,0,0,0,0,0,0,0,0,0,0
0,0,0,0,0,0,0,0,0,0,0,0,0,0,0,0,0,0,0,0,0,0,0,0,0,0,0,0,0,0,0,0,0,0,0,0,0,0,0,0,0,0,0,0,0,0,0,0,0,0,0,0,0,0,0,0,0,0,0,0,0,0,0,0,0,0,0,0,0,0,0,0,0,0,0,0,0,0,0,0,0,0,0,0,0,0,0,0,0,0,0,0,0,0,0,0,0,0,0,0,0,0,0,0,0,0,0,0,0,0,0,0,0,0,0,0,0,0,0,0,0,0,0,0,0,0,0,0,0,0,0,0,0,0,0,0,0,0,0,0,0,0,0,0,0,0,0,0,0,0,0,0,0,0,0,0,0,0,0,0,0,0,0,0,0,0,0,0,0,0,0,0,0,0,0,0,0,0,0,0,0,0,0,0,0,0,0,0,0,0,0,0,0,0,0,0,0,0
0,0,0,0,0,0,0,0,0,0,0,0,0,0,0,0,0,0,0,0,0,0,0,0,0,0,0,0,0,0,0,0,0,0,0,0,0,0,0,0,0,0,0,0,0,0,0,0,0,0,0,0,0,0,0,0,0,0,0,0,0,0,0,0,0,0,0,0,0,0,0,0,0,0,0,0,0,0,0,0,0,0,0,0,0,0,0,0,0,0,0,0,0,0,0,0,0,0,0,0,0,0,0,0,0,0,0,0,0,0,0,0,0,0,0,0,0,0,0,0,0,0,0,0,0,0,0,0,0,0,0,0,0,0,0,0,0,0,0,0,0,0,0,0,0,0,0,0,0,0,0,0,0,0,0,0,0,0,0,0,0,0,0,0,0,0,0,0,0,0,0,0,0,0,0,0,0,0,0,0,0,0,0,0,0,0,0,0,0,0,0,0,0,0,0,0,0,0
0,0,0,0,0,0,0,0,0,0,0,0,0,0,0,0,0,0,0,0,0,0,0,0,0,0,0,0,0,0,0,0,0,0,0,0,0,0,0,0,0,0,0,0,0,0,0,0,0,0,0,0,0,0,0,0,0,0,0,0,0,0,0,0,0,0,0,0,0,0,0,0,0,0,0,0,0,0,0,0,0,0,0,0,0,0,0,0,0,0,0,0,0,0,0,0,0,0,0,0,0,0,0,0,0,0,0,0,0,0,0,0,0,0,0,0,0,0,0,0,0,0,0,0,0,0,0,0,0,0,0,0,0,0,0,0,0,0,0,0,0,0,0,0,0,0,0,0,0,0,0,0,0,0,0,0,0,0,0,0,0,0,0,0,0,0,0,0,0,0,0,0,0,0,0,0,0,0,0,0,0,0,0,0,0,0,0,0,0,0,0,0,0,0,0,0,0,0
0,0,0,0,0,0,0,0,0,0,0,0,0,0,0,0,0,0,0,0,0,0,0,0,0,0,0,0,0,0,0,0,0,0,0,0,0,0,0,0,0,0,0,0,0,0,0,0,0,0,0,0,0,0,0,0,0,0,0,0,0,0,0,0,0,0,0,0,0,0,0,0,0,0,0,0,0,0,0,0,0,0,0,0,0,0,0,0,0,0,0,0,0,0,0,0,0,0,0,0,0,0,0,0,0,0,0,0,0,0,0,0,0,0,0,0,0,0,0,0,0,0,0,0,0,0,0,0,0,0,0,0,0,0,0,0,0,0,0,0,0,0,0,0,0,0,0,0,0,0,0,0,0,0,0,0,0,0,0,0,0,0,0,0,0,0,0,0,0,0,0,0,0,0,0,0,0,0,0,0,0,0,0,0,0,0,0,0,0,0,0,0,0,0,0,0,0,0
0,0,0,0,0,0,0,0,0,0,0,0,0,0,0,0,0,0,0,0,0,0,0,0,0,0,0,0,0,0,0,0,0,0,0,0,0,0,0,0,0,0,0,0,0,0,0,0,0,0,0,0,0,0,0,0,0,0,0,0,0,0,0,0,0,0,0,0,0,0,0,0,0,0,0,0,0,0,0,0,0,0,0,0,0,0,0,0,0,0,0,0,0,0,0,0,0,0,0,0,0,0,0,0,0,0,0,0,0,0,0,0,0,0,0,0,0,0,0,0,0,0,0,0,0,0,0,0,0,0,0,0,0,0,0,0,0,0,0,0,0,0,0,0,0,0,0,0,0,0,0,0,0,0,0,0,0,0,0,0,0,0,0,0,0,0,0,0,0,0,0,0,0,0,0,0,0,0,0,0,0,0,0,0,0,0,0,0,0,0,0,0,0,0,0,0,0,0
0,0,0,0,0,0,0,0,0,0,0,0,0,0,0,0,0,0,0,0,0,0,0,0,0,0,0,0,0,0,0,0,0,0,0,0,0,0,0,0,0,0,0,0,0,0,0,0,0,0,0,0,0,0,0,0,0,0,0,0,0,0,0,0,0,0,0,0,0,0,0,0,0,0,0,0,0,0,0,0,0,0,0,0,0,0,0,0,0,0,0,0,0,0,0,0,0,0,0,0,0,0,0,0,0,0,0,0,0,0,0,0,0,0,0,0,0,0,0,0,0,0,0,0,0,0,0,0,0,0,0,0,0,0,0,0,0,0,0,0,0,0,0,0,0,0,0,0,0,0,0,0,0,0,0,0,0,0,0,0,0,0,0,0,0,0,0,0,0,0,0,0,0,0,0,0,0,0,0,0,0,0,0,0,0,0,0,0,0,0,0,0,0,0,0,0,0,0
0,0,0,0,0,0,0,0,0,0,0,0,0,0,0,0,0,0,0,0,0,0,0,0,0,0,0,0,0,0,0,0,0,0,0,0,0,0,0,0,0,0,0,0,0,0,0,0,0,0,0,0,0,0,0,0,0,0,0,0,0,0,0,0,0,0,0,0,0,0,0,0,0,0,0,0,0,0,0,0,0,0,0,0,0,0,0,0,0,0,0,0,0,0,0,0,0,0,0.8336926,0.8336926,0.8336926,0.8336926,0.8336926,0.8336926,0.8336926,0.8336926,0.8336926,0.8336926,0.8336926,0.8336926,0.8336926,0.8336926,0.8336926,0.8336926,0.8336926,0.8336926,0.8336926,0.8336926,0.8336926,0.8336926,0.8336926,0.8336926,0.8336926,0.8336926,0.8336926,0.8336926,0.8336926,0.8336926,0.8336926,0.8336926,0.8336926,0.8336926,0.8336926,0.8336926,0.8336926,0.8336926,0.8336926,0.8336926,0.8336926,0.8336926,0.8336926,0.8336926,0.8336926,0.8336926,0.8336926,0.8336926,0.8336926,0.8336926,0.8336926,0.8336926,0.8336926,0.8336926,0.8336926,0.8336926,0.8336926,0.8336926,0.8336926,0.8336926,0.8336926,0.8336926,0.8336926,0.8336926,0.8336926,0.8336926,0.8336926,0.8336926,0.8336926,0.8336926,0.8336926,0.8336926,0.8336926,0.8336926,0.8336926,0.8336926,0.8336926,0.8336926,0.8336926,0.8336926,0.8336926,0.8336926,0.8336926,0.8336926,0.8336926,0.8336926,0.8336926,0.8336926,0.8336926,0.8336926,0.8336926,0.8336926,0.8336926,0.8336926,0.8336926,0.8336926,0.8336926,0.8336926,0.8336926,0
0,0.8336926,0.8336926,0.8336926,0.8336926,0.8336926,0.8336926,0.8336926,0.8336926,0.8336926,0.8336926,0.8336926,0.8336926,0.8336926,0.8336926,0.8336926,0.8336926,0.8336926,0.8336926,0.8336926,0.8336926,0.8336926,0.8336926,0.8336926,0.8336926,0.8336926,0.8336926,0.8336926,0.8336926,0.8336926,0.8336926,0.8336926,0.8336926,0.8336926,0.8336926,0.8336926,0.8336926,0.8336926,0.8336926,0.8336926,0.8336926,0.8336926,0.8336926,0.8336926,0.8336926,0.8336926,0.8336926,0.8336926,0.8336926,0.8336926,0.8336926,0.8336926,0.8336926,0.8336926,0.8336926,0.8336926,0.8336926,0.8336926,0.8336926,0.8336926,0.8336926,0.8336926,0.8336926,0.8336926,0.8336926,0.8336926,0.8336926,0.8336926,0.8336926,0.8336926,0.8336926,0.8336926,0.8336926,0.8336926,0.8336926,0.8336926,0.8336926,0.8336926,0.8336926,0.8336926,0.8336926,0.8336926,0.8336926,0.8336926,0.8336926,0.8336926,0.8336926,0.8336926,0.8336926,0.8336926,0.8336926,0.8336926,0.8336926,0.8336926,0.8336926,0.8336926,0.8336926,0.8336926,0.8336926,0.8336926,0.8336926,0.8336926,0.8336926,0.8336926,0.8336926,0.8336926,0.8336926,0.8336926,0.8336926,0.8336926,0.8336926,0.8336926,0.8336926,0.8336926,0.8336926,0.8336926,0.8336926,0.8336926,0.8336926,0.8336926,0.8336926,0.8336926,0.8336926,0.8336926,0.8336926,0.8336926,0.8336926,0.8336926,0.8336926,0.8336926,0.8336926,0.8336926,0.8336926,0.8336926,0.8336926,0.8336926,0.8336926,0.8336926,0.8336926,0.8336926,0.8336926,0.8336926,0.8336926,0.8336926,0.8336926,0.8336926,0.8336926,0.8336926,0.8336926,0.8336926,0.8336926,0.8336926,0.8336926,0.8336926,0.8336926,0.8336926,0.8336926,0.8336926,0.8336926,0.8336926,0.8336926,0.8336926,0.8336926,0.8336926,0.8336926,0.8336926,0.8336926,0.8336926,0.8336926,0.8336926,0.8336926,0.8336926,0.8336926,0.8336926,0.8336926,0.8336926,0.8336926,0.8336926,0.8336926,0.8336926,0.8336926,0.8336926,0.8336926,0.8336926,0.8336926,0.8336926,0.8336926,0.8336926,0.8336926,0.8336926,0.8336926,0.8336926,0.8336926,0.8336926,0.8336926,0.8336926,0.8336926,0
0,0.8336926,0.8336926,0.8336926,0.8336926,0.8336926,0.8336926,0.8336926,0.8336926,0.8336926,0.8336926,0.8336926,0.8336926,0.8336926,0.8336926,0.8336926,0.8336926,0.8336926,0.8336926,0.8336926,0.8336926,0.8336926,0.8336926,0.8336926,0.8336926,0.8336926,0.8336926,0.8336926,0.8336926,0.8336926,0.8336926,0.8336926,0.8336926,0.8336926,0.8336926,0.8336926,0.8336926,0.8336926,0.8336926,0.8336926,0.8336926,0.8336926,0.8336926,0.8336926,0.8336926,0.8336926,0.8336926,0.8336926,0.8336926,0.8336926,0.8336926,0.8336926,0.8336926,0.8336926,0.8336926,0.8336926,0.8336926,0.8336926,0.8336926,0.8336926,0.8336926,0.8336926,0.8336926,0.8336926,0.8336926,0.8336926,0.8336926,0.8336926,0.8336926,0.8336926,0.8336926,0.8336926,0.8336926,0.8336926,0.8336926,0.8336926,0.8336926,0.8336926,0.8336926,0.8336926,0.8336926,0.8336926,0.8336926,0.8336926,0.8336926,0.8336926,0.8336926,0.8336926,0.8336926,0.8336926,0.8336926,0.8336926,0.8336926,0.8336926,0.8336926,0.8336926,0.8336926,0.8336926,0.8336926,0.8336926,0.8336926,0.8336926,0.8336926,0.8336926,0.8336926,0.8336926,0.8336926,0.8336926,0.8336926,0.8336926,0.8336926,0.8336926,0.8336926,0.8336926,0.8336926,0.8336926,0.8336926,0.8336926,0.8336926,0.8336926,0.8336926,0.8336926,0.8336926,0.8336926,0.8336926,0.8336926,0.8336926,0.8336926,0.8336926,0.8336926,0.8336926,0.8336926,0.8336926,0.8336926,0.8336926,0.8336926,0.8336926,0.8336926,0.8336926,0.8336926,0.8336926,0.8336926,0.8336926,0.8336926,0.8336926,0.8336926,0.8336926,0.8336926,0.8336926,0.8336926,0.8336926,0.8336926,0.8336926,0.8336926,0.8336926,0.8336926,0.8336926,0.8336926,0.8336926,0.8336926,0.8336926,0.8336926,0.8336926,0.8336926,0.8336926,0.8336926,0.8336926,0.8336926,0.8336926,0.8336926,0.8336926,0.8336926,0.8336926,0.8336926,0.8336926,0.8336926,0.8336926,0.8336926,0.8336926,0.8336926,0.8336926,0.8336926,0.8336926,0.8336926,0.8336926,0.8336926,0.8336926,0.8336926,0.8336926,0.8336926,0.8336926,0.8336926,0.8336926,0.8336926,0.8336926,0.8336926,0.8336926,0
0,0.8336926,0.8336926,0.8336926,0.8336926,0.8336926,0.8336926,0.8336926,0.8336926,0.8336926,0.8336926,0.8336926,0.8336926,0.8336926,0.8336926,0.8336926,0.8336926,0.8336926,0.8336926,0.8336926,0.8336926,0.8336926,0.8336926,0.8336926,0.8336926,0.8336926,0.8336926,0.8336926,0.8336926,0.8336926,0.8336926,0.8336926,0.8336926,0.8336926,0.8336926,0.8336926,0.8336926,0.8336926,0.8336926,0.8336926,0.8336926,0.8336926,0.8336926,0.8336926,0.8336926,0.8336926,0.8336926,0.8336926,0.8336926,0.8336926,0.8336926,0.8336926,0.8336926,0.8336926,0.8336926,0.8336926,0.8336926,0.8336926,0.8336926,0.8336926,0.8336926,0.8336926,0.8336926,0.8336926,0.8336926,0.8336926,0.8336926,0.8336926,0.8336926,0.8336926,0.8336926,0.8336926,0.8336926,0.8336926,0.8336926,0.8336926,0.8336926,0.8336926,0.8336926,0.8336926,0.8336926,0.8336926,0.8336926,0.8336926,0.8336926,0.8336926,0.8336926,0.8336926,0.8336926,0.8336926,0.8336926,0.8336926,0.8336926,0.8336926,0.8336926,0.8336926,0.8336926,0.8336926,0.8336926,0.8336926,0.8336926,0.8336926,0.8336926,0.8336926,0.8336926,0.8336926,0.8336926,0.8336926,0.8336926,0.8336926,0.8336926,0.8336926,0.8336926,0.8336926,0.8336926,0.8336926,0.8336926,0.8336926,0.8336926,0.8336926,0.8336926,0.8336926,0.8336926,0.8336926,0.8336926,0.8336926,0.8336926,0.8336926,0.8336926,0.8336926,0.8336926,0.8336926,0.8336926,0.8336926,0.8336926,0.8336926,0.8336926,0.8336926,0.8336926,0.8336926,0.8336926,0.8336926,0.8336926,0.8336926,0.8336926,0.8336926,0.8336926,0.8336926,0.8336926,0.8336926,0.8336926,0.8336926,0.8336926,0.8336926,0.8336926,0.8336926,0.8336926,0.8336926,0.8336926,0.8336926,0.8336926,0.8336926,0.8336926,0.8336926,0.8336926,0.8336926,0.8336926,0.8336926,0.8336926,0.8336926,0.8336926,0.8336926,0.8336926,0.8336926,0.8336926,0.8336926,0.8336926,0.8336926,0.8336926,0.8336926,0.8336926,0.8336926,0.8336926,0.8336926,0.8336926,0.8336926,0.8336926,0.8336926,0.8336926,0.8336926,0.8336926,0.8336926,0.8336926,0.8336926,0.8336926,0.8336926,0.8336926,0
0,0.8336926,0.8336926,0.8336926,0.8336926,0.8336926,0.8336926,0.8336926,0.8336926,0.8336926,0.8336926,0.8336926,0.8336926,0.8336926,0.8336926,0.8336926,0.8336926,0.8336926,0.8336926,0.8336926,0.8336926,0.8336926,0.8336926,0.8336926,0.8336926,0.8336926,0.8336926,0.8336926,0.8336926,0.8336926,0.8336926,0.8336926,0.8336926,0.8336926,0.8336926,0.8336926,0.8336926,0.8336926,0.8336926,0.8336926,0.8336926,0.8336926,0.8336926,0.8336926,0.8336926,0.8336926,0.8336926,0.8336926,0.8336926,0.8336926,0.8336926,0.8336926,0.8336926,0.8336926,0.8336926,0.8336926,0.8336926,0.8336926,0.8336926,0.8336926,0.8336926,0.8336926,0.8336926,0.8336926,0.8336926,0.8336926,0.8336926,0.8336926,0.8336926,0.8336926,0.8336926,0.8336926,0.8336926,0.8336926,0.8336926,0.8336926,0.8336926,0.8336926,0.8336926,0.8336926,0.8336926,0.8336926,0.8336926,0.8336926,0.8336926,0.8336926,0.8336926,0.8336926,0.8336926,0.8336926,0.8336926,0.8336926,0.8336926,0.8336926,0.8336926,0.8336926,0.8336926,0.8336926,0.8336926,0.8336926,0.8336926,0.8336926,0.8336926,0.8336926,0.8336926,0.8336926,0.8336926,0.8336926,0.8336926,0.8336926,0.8336926,0.8336926,0.8336926,0.8336926,0.8336926,0.8336926,0.8336926,0.8336926,0.8336926,0.8336926,0.8336926,0.8336926,0.8336926,0.8336926,0.8336926,0.8336926,0.8336926,0.8336926,0.8336926,0.8336926,0.8336926,0.8336926,0.8336926,0.8336926,0.8336926,0.8336926,0.8336926,0.8336926,0.8336926,0.8336926,0.8336926,0.8336926,0.8336926,0.8336926,0.8336926,0.8336926,0.8336926,0.8336926,0.8336926,0.8336926,0.8336926,0.8336926,0.8336926,0.8336926,0.8336926,0.8336926,0.8336926,0.8336926,0.8336926,0.8336926,0.8336926,0.8336926,0.8336926,0.8336926,0.8336926,0.8336926,0.8336926,0.8336926,0.8336926,0.8336926,0.8336926,0.8336926,0.8336926,0.8336926,0.8336926,0.8336926,0.8336926,0.8336926,0.8336926,0.8336926,0.8336926,0.8336926,0.8336926,0.8336926,0.8336926,0.8336926,0.8336926,0.8336926,0.8336926,0.8336926,0.8336926,0.8336926,0.8336926,0.8336926,0.8336926,0.8336926,0.8336926,0
0,0.8336926,0.8336926,0.8336926,0.8336926,0.8336926,0.8336926,0.8336926,0.8336926,0.8336926,0.8336926,0.8336926,0.8336926,0.8336926,0.8336926,0.8336926,0.8336926,0.8336926,0.8336926,0.8336926,0.8336926,0.8336926,0.8336926,0.8336926,0.8336926,0.8336926,0.8336926,0.8336926,0.8336926,0.8336926,0.8336926,0.8336926,0.8336926,0.8336926,0.8336926,0.8336926,0.8336926,0.8336926,0.8336926,0.8336926,0.8336926,0.8336926,0.8336926,0.8336926,0.8336926,0.8336926,0.8336926,0.8336926,0.8336926,0.8336926,0.8336926,0.8336926,0.8336926,0.8336926,0.8336926,0.8336926,0.8336926,0.8336926,0.8336926,0.8336926,0.8336926,0.8336926,0.8336926,0.8336926,0.8336926,0.8336926,0.8336926,0.8336926,0.8336926,0.8336926,0.8336926,0.8336926,0.8336926,0.8336926,0.8336926,0.8336926,0.8336926,0.8336926,0.8336926,0.8336926,0.8336926,0.8336926,0.8336926,0.8336926,0.8336926,0.8336926,0.8336926,0.8336926,0.8336926,0.8336926,0.8336926,0.8336926,0.8336926,0.8336926,0.8336926,0.8336926,0.8336926,0.8336926,0.8336926,0.8336926,0.8336926,0.8336926,0.8336926,0.8336926,0.8336926,0.8336926,0.8336926,0.8336926,0.8336926,0.8336926,0.8336926,0.8336926,0.8336926,0.8336926,0.8336926,0.8336926,0.8336926,0.8336926,0.8336926,0.8336926,0.8336926,0.8336926,0.8336926,0.8336926,0.8336926,0.8336926,0.8336926,0.8336926,0.8336926,0.8336926,0.8336926,0.8336926,0.8336926,0.8336926,0.8336926,0.8336926,0.8336926,0.8336926,0.8336926,0.8336926,0.8336926,0.8336926,0.8336926,0.8336926,0.8336926,0.8336926,0.8336926,0.8336926,0.8336926,0.8336926,0.8336926,0.8336926,0.8336926,0.8336926,0.8336926,0.8336926,0.8336926,0,0,0,0,0,0,0,0,0,0,0,0,0,0,0,0,0,0,0,0,0,0,0,0,0,0,0,0,0,0,0,0,0,0,0,0,0,0,0,0,0
0,0,0,0,0,0,0,0,0,0,0,0,0,0,0,0,0,0,0,0,0,0,0,0,0,0,0,0,0,0,0,0,0,0,0,0,0,0,0,0,0,0,0,0,0,0,0,0,0,0,0,0,0,0,0,0,0,0,0,0,0,0,0,0,0,0,0,0,0,0,0,0,0,0,0,0,0,0,0,0,0,0,0,0,0,0,0,0,0,0,0,0,0,0,0,0,0,0,0,0,0,0,0,0,0,0,0,0,0,0,0,0,0,0,0,0,0,0,0,0,0,0,0,0,0,0,0,0,0,0,0,0,0,0,0,0,0,0,0,0,0,0,0,0,0,0,0,0,0,0,0,0,0,0,0,0,0,0,0,0,0,0,0,0,0,0,0,0,0,0,0,0,0,0,0,0,0,0,0,0,0,0,0,0,0,0,0,0,0,0,0,0,0,0,0,0,0,0
0,0,0,0,0,0,0,0,0,0,0,0,0,0,0,0,0,0,0,0,0,0,0,0,0,0,0,0,0,0,0,0,0,0,0,0,0,0,0,0,0,0,0,0,0,0,0,0,0,0,0,0,0,0,0,0,0,0,0,0,0,0,0,0,0,0,0,0,0,0,0,0,0,0,0,0,0,0,0,0,0,0,0,0,0,0,0,0,0,0,0,0,0,0,0,0,0,0,0,0,0,0,0,0,0,0,0,0,0,0,0,0,0,0,0,0,0,0,0,0,0,0,0,0,0,0,0,0,0,0,0,0,0,0,0,0,0,0,0,0,0,0,0,0,0,0,0,0,0,0,0,0,0,0,0,0,0,0,0,0,0,0,0,0,0,0,0,0,0,0,0,0,0,0,0,0,0,0,0,0,0,0,0,0,0,0,0,0,0,0,0,0,0,0,0,0,0,0
0,0,0,0,0,0,0,0,0,0,0,0,0,0,0,0,0,0,0,0,0,0,0,0,0,0,0,0,0,0,0,0,0,0,0,0,0,0,0,0,0,0,0,0,0,0,0,0,0,0,0,0,0,0,0,0,0,0,0,0,0,0,0,0,0,0,0,0,0,0,0,0,0,0,0,0,0,0,0,0,0,0,0,0,0,0,0,0,0,0,0,0,0,0,0,0,0,0,0,0,0,0,0,0,0,0,0,0,0,0,0,0,0,0,0,0,0,0,0,0,0,0,0,0,0,0,0,0,0,0,0,0,0,0,0,0,0,0,0,0,0,0,0,0,0,0,0,0,0,0,0,0,0,0,0,0,0,0,0,0,0,0,0,0,0,0,0,0,0,0,0,0,0,0,0,0,0,0,0,0,0,0,0,0,0,0,0,0,0,0,0,0,0,0,0,0,0,0
0,0,0,0,0,0,0,0,0,0,0,0,0,0,0,0,0,0,0,0,0,0,0,0,0,0,0,0,0,0,0,0,0,0,0,0,0,0,0,0,0,0,0,0,0,0,0,0,0,0,0,0,0,0,0,0,0,0,0,0,0,0,0,0,0,0,0,0,0,0,0,0,0,0,0,0,0,0,0,0,0,0,0,0,0,0,0,0,0,0,0,0,0,0,0,0,0,0,0,0,0,0,0,0,0,0,0,0,0,0,0,0,0,0,0,0,0,0,0,0,0,0,0,0,0,0,0,0,0,0,0,0,0,0,0,0,0,0,0,0,0,0,0,0,0,0,0,0,0,0,0,0,0,0,0,0,0,0,0,0,0,0,0,0,0,0,0,0,0,0,0,0,0,0,0,0,0,0,0,0,0,0,0,0,0,0,0,0,0,0,0,0,0,0,0,0,0,0
0,0,0,0,0,0,0,0,0,0,0,0,0,0,0,0,0,0,0,0,0,0,0,0,0,0,0,0,0,0,0,0,0,0,0,0,0,0,0,0,0,0,0,0,0,0,0,0,0,0,0,0,0,0,0,0,0,0,0,0,0,0,0,0,0,0,0,0,0,0,0,0,0,0,0,0,0,0,0,0,0,0,0,0,0,0,0,0,0,0,0,0,0,0,0,0,0,0,0,0,0,0,0,0,0,0,0,0,0,0,0,0,0,0,0,0,0,0,0,0,0,0,0,0,0,0,0,0,0,0,0,0,0,0,0,0,0,0,0,0,0,0,0,0,0,0,0,0,0,0,0,0,0,0,0,0,0,0,0,0,0,0,0,0,0,0,0,0,0,0,0,0,0,0,0,0,0,0,0,0,0,0,0,0,0,0,0,0,0,0,0,0,0,0,0,0,0,0
0,0,0,0,0,0,0,0,0,0,0,0,0,0,0,0,0,0,0,0,0,0,0,0,0,0,0,0,0,0,0,0,0,0,0,0,0,0,0,0,0,0,0,0,0,0,0,0,0,0,0,0,0,0,0,0,0,0,0,0,0,0,0,0,0,0,0,0,0,0,0,0,0,0,0,0,0,0,0,0,0,0,0,0,0,0,0,0,0,0,0,0,0,0,0,0,0,0,0,0,0,0,0,0,0,0,0,0,0,0,0,0,0,0,0,0,0,0,0,0,0,0,0,0,0,0,0,0,0,0,0,0,0,0,0,0,0,0,0,0,0,0,0,0,0,0,0,0,0,0,0,0,0,0,0,0,0,0,0,0,0,0,0,0,0,0,0,0,0,0,0,0,0,0,0,0,0,0,0,0,0,0,0,0,0,0,0,0,0,0,0,0,0,0,0,0,0,0
0,0,0,0,0,0,0,0,0,0,0,0,0,0,0,0,0,0,0,0,0,0,0,0,0,0,0,0,0,0,0,0,0,0,0,0,0,0,0,0,0,0,0,0,0,0,0,0,0,0,0,0,0,0,0,0,0,0,0,0,0,0,0,0,0,0,0,0,0,0,0,0,0,0,0,0,0,0,0,0,0,0,0,0,0,0,0,0,0,0,0,0,0,0,0,0,0,0,0,0,0,0,0,0,0,0,0,0,0,0,0,0,0,0,0,0,0,0,0,0,0,0,0,0,0,0,0,0,0,0,0,0,0,0,0,0,0,0,0,0,0,0,0,0,0,0,0,0,0,0,0,0,0,0,0,0,0,0,0,0,0,0,0,0,0,0,0,0,0,0,0,0,0,0,0,0,0,0,0,0,0,0,0,0,0,0,0,0,0,0,0,0,0,0,0,0,0,0
0,0,0,0,0,0,0,0,0,0,0,0,0,0,0,0,0,0,0,0,0,0,0,0,0,0,0,0,0,0,0,0,0,0,0,0,0,0,0,0,0,0,0,0,0,0,0,0,0,0,0,0,0,0,0,0,0,0,0,0,0,0,0,0,0,0,0,0,0,0,0,0,0,0,0,0,0,0,0,0,0,0,0,0,0,0,0,0,0,0,0,0,0,0,0,0,0,0,0,0,0,0,0,0,0,0,0,0,0,0,0,0,0,0,0,0,0,0,0,0,0,0,0,0,0,0,0,0,0,0,0,0,0,0,0,0,0,0,0,0,0,0,0,0,0,0,0,0,0,0,0,0,0,0,0,0,0,0,0,0,0,0,0,0,0,0,0,0,0,0,0,0,0,0,0,0,0,0,0,0,0,0,0,0,0,0,0,0,0,0,0,0,0,0,0,0,0,0
0,0,0,0,0,0,0,0,0,0,0,0,0,0,0,0,0,0,0,0,0,0,0,0,0,0,0,0,0,0,0,0,0,0,0,0,0,0,0,0,0,0,0,0,0,0,0,0,0,0,0,0,0,0,0,0,0,0,0,0,0,0,0,0,0,0,0,0,0,0,0,0,0,0,0,0,0,0,0,0,0,0,0,0,0,0,0,0,0,0,0,0,0,0,0,0,0,0,0,0,0,0,0,0,0,0,0,0,0,0,0,0,0,0,0,0,0,0,0,0,0,0,0,0,0,0,0,0,0,0,0,0,0,0,0,0,0,0,0,0,0,0,0,0,0,0,0,0,0,0,0,0,0,0,0,0,0,0,0,0,0,0,0,0,0,0,0,0,0,0,0,0,0,0,0,0,0,0,0,0,0,0,0,0,0,0,0,0,0,0,0,0,0,0,0,0,0,0
0,0,0,0,0,0,0,0,0,0,0,0,0,0,0,0,0,0,0,0,0,0,0,0,0,0,0,0,0,0,0,0,0,0,0,0,0,0,0,0,0,0,0,0,0,0,0,0,0,0,0,0,0,0,0,0,0,0,0,0,0,0,0,0,0,0,0,0,0,0,0,0,0,0,0,0,0,0,0,0,0,0,0,0,0,0,0,0,0,0,0,0,0,0,0,0,0,0,0,0,0,0,0,0,0,0,0,0,0,0,0,0,0,0,0,0,0,0,0,0,0,0,0,0,0,0,0,0,0,0,0,0,0,0,0,0,0,0,0,0,0,0,0,0,0,0,0,0,0,0,0,0,0,0,0,0,0,0,0,0,0,0,0,0,0,0,0,0,0,0,0,0,0,0,0,0,0,0,0,0,0,0,0,0,0,0,0,0,0,0,0,0,0,0,0,0,0,0
0,0,0,0,0,0,0,0,0,0,0,0,0,0,0,0,0,0,0,0,0,0,0,0,0,0,0,0,0,0,0,0,0,0,0,0,0,0,0,0,0,0,0,0,0,0,0,0,0,0,0,0,0,0,0,0,0,0,0,0,0,0,0,0,0,0,0,0,0,0,0,0,0,0,0,0,0,0,0,0,0,0,0,0,0,0,0,0,0,0,0,0,0,0,0,0,0,0,0,0,0,0,0,0,0,0,0,0,0,0,0,0,0,0,0,0,0,0,0,0,0,0,0,0,0,0,0,0,0,0,0,0,0,0,0,0,0,0,0,0,0,0,0,0,0,0,0,0,0,0,0,0,0,0,0,0,0,0,0,0,0,0,0,0,0,0,0,0,0,0,0,0,0,0,0,0,0,0,0,0,0,0,0,0,0,0,0,0,0,0,0,0,0,0,0,0,0,0
0,0,0,0,0,0,0,0,0,0,0,0,0,0,0,0,0,0,0,0,0,0,0,0,0,0,0,0,0,0,0,0,0,0,0,0,0,0,0,0,0,0,0,0,0,0,0,0,0,0,0,0,0,0,0,0,0,0,0,0,0,0,0,0,0,0,0,0,0,0,0,0,0,0,0,0,0,0,0,0,0,0,0,0,0,0,0,0,0,0,0,0,0,0,0,0,0,0,0,0,0,0,0,0,0,0,0,0,0,0,0,0,0,0,0,0,0,0,0,0,0,0,0,0,0,0,0,0,0,0,0,0,0,0,0,0,0,0,0,0,0,0,0,0,0,0,0,0,0,0,0,0,0,0,0,0,0,0,0,0,0,0,0,0,0,0,0,0,0,0,0,0,0,0,0,0,0,0,0,0,0,0,0,0,0,0,0,0,0,0,0,0,0,0,0,0,0,0
0,0,0,0,0,0,0,0,0,0,0,0,0,0,0,0,0,0,0,0,0,0,0,0,0,0,0,0,0,0,0,0,0,0,0,0,0,0,0,0,0,0,0,0,0,0,0,0,0,0,0,0,0,0,0,0,0,0,0,0,0,0,0,0,0,0,0,0,0,0,0,0,0,0,0,0,0,0,0,0,0,0,0,0,0,0,0,0,0,0,0,0,0,0,0,0,0,0,0,0,0,0,0,0,0,0,0,0,0,0,0,0,0,0,0,0,0,0,0,0,0,0,0,0,0,0,0,0,0,0,0,0,0,0,0,0,0,0,0,0,0,0,0,0,0,0,0,0,0,0,0,0,0,0,0,0,0,0,0,0,0,0,0,0,0,0,0,0,0,0,0,0,0,0,0,0,0,0,0,0,0,0,0,0,0,0,0,0,0,0,0,0,0,0,0,0,0,0
0,0,0,0,0,0,0,0,0,0,0,0,0,0,0,0,0,0,0,0,0,0,0,0,0,0,0,0,0,0,0,0,0,0,0,0,0,0,0,0,0,0,0,0,0,0,0,0,0,0,0,0,0,0,0,0,0,0,0,0,0,0,0,0,0,0,0,0,0,0,0,0,0,0,0,0,0,0,0,0,0,0,0,0,0,0,0,0,0,0,0,0,0,0,0,0,0,0,0,0,0,0,0,0,0,0,0,0,0,0,0,0,0,0,0,0,0,0,0,0,0,0,0,0,0,0,0,0,0,0,0,0,0,0,0,0,0,0,0,0,0,0,0,0,0,0,0,0,0,0,0,0,0,0,0,0,0,0,0,0,0,0,0,0,0,0,0,0,0,0,0,0,0,0,0,0,0,0,0,0,0,0,0,0,0,0,0,0,0,0,0,0,0,0,0,0,0,0
0,0,0,0,0,0,0,0,0,0,0,0,0,0,0,0,0,0,0,0,0,0,0,0,0,0,0,0,0,0,0,0,0,0,0,0,0,0,0,0,0,0,0,0,0,0,0,0,0,0,0,0,0,0,0,0,0,0,0,0,0,0,0,0,0,0,0,0,0,0,0,0,0,0,0,0,0,0,0,0,0,0,0,0,0,0,0,0,0,0,0,0,0,0,0,0,0,0,0,0,0,0,0,0,0,0,0,0,0,0,0,0,0,0,0,0,0,0,0,0,0,0,0,0,0,0,0,0,0,0,0,0,0,0,0,0,0,0,0,0,0,0,0,0,0,0,0,0,0,0,0,0,0,0,0,0,0,0,0,0,0,0,0,0,0,0,0,0,0,0,0,0,0,0,0,0,0,0,0,0,0,0,0,0,0,0,0,0,0,0,0,0,0,0,0,0,0,0
0,0,0,0,0,0,0,0,0,0,0,0,0,0,0,0,0,0,0,0,0,0,0,0,0,0,0,0,0,0,0,0,0,0,0,0,0,0,0,0,0,0,0,0,0,0,0,0,0,0,0,0,0,0,0,0,0,0,0,0,0,0,0,0,0,0,0,0,0,0,0,0,0,0,0,0,0,0,0,0,0,0,0,0,0,0,0,0,0,0,0,0,0,0,0,0,0,0,0,0,0,0,0,0,0,0,0,0,0,0,0,0,0,0,0,0,0,0,0,0,0,0,0,0,0,0,0,0,0,0,0,0,0,0,0,0,0,0,0,0,0,0,0,0,0,0,0,0,0,0,0,0,0,0,0,0,0,0,0,0,0,0,0,0,0,0,0,0,0,0,0,0,0,0,0,0,0,0,0,0,0,0,0,0,0,0,0,0,0,0,0,0,0,0,0,0,0,0
0,0,0,0,0,0,0,0,0,0,0,0,0,0,0,0,0,0,0,0,0,0,0,0,0,0,0,0,0,0,0,0,0,0,0,0,0,0,0,0,0,0,0,0,0,0,0,0,0,0,0,0,0,0,0,0,0,0,0,0,0,0,0,0,0,0,0,0,0,0,0,0,0,0,0,0,0,0,0,0,0,0,0,0,0,0,0,0,0,0,0,0,0,0,0,0,0,0,0,0,0,0,0,0,0,0,0,0,0,0,0,0,0,0,0,0,0,0,0,0,0,0,0,0,0,0,0,0,0,0,0,0,0,0,0,0,0,0,0,0,0,0,0,0,0,0,0,0,0,0,0,0,0,0,0,0,0,0,0,0,0,0,0,0,0,0,0,0,0,0,0,0,0,0,0,0,0,0,0,0,0,0,0,0,0,0,0,0,0,0,0,0,0,0,0,0,0,0
0,0,0,0,0,0,0,0,0,0,0,0,0,0,0,0,0,0,0,0,0,0,0,0,0,0,0,0,0,0,0,0,0,0,0,0,0,0,0,0,0,0,0,0,0,0,0,0,0,0,0,0,0,0,0,0,0,0,0,0,0,0,0,0,0,0,0,0,0,0,0,0,0,0,0,0,0,0,0,0,0,0,0,0,0,0,0,0,0,0,0,0,0,0,0,0,0,0,0,0,0,0,0,0,0,0,0,0,0,0,0,0,0,0,0,0,0,0,0,0,0,0,0,0,0,0,0,0,0,0,0,0,0,0,0,0,0,0,0,0,0,0,0,0,0,0,0,0,0,0,0,0,0,0,0,0,0,0,0,0,0,0,0,0,0,0,0,0,0,0,0,0,0,0,0,0,0,0,0,0,0,0,0,0,0,0,0,0,0,0,0,0,0,0,0,0,0,0
0,0,0,0,0,0,0,0,0,0,0,0,0,0,0,0,0,0,0,0,0,0,0,0,0,0,0,0,0,0,0,0,0,0,0,0,0,0,0,0,0,0,0,0,0,0,0,0,0,0,0,0,0,0,0,0,0,0,0,0,0,0,0,0,0,0,0,0,0,0,0,0,0,0,0,0,0,0,0,0,0,0,0,0,0,0,0,0,0,0,0,0,0,0,0,0,0,0,0,0,0,0,0,0,0,0,0,0,0,0,0,0,0,0,0,0,0,0,0,0,0,0,0,0,0,0,0,0,0,0,0,0,0,0,0,0,0,0,0,0,0,0,0,0,0,0,0,0,0,0,0,0,0,0,0,0,0,0,0,0,0,0,0,0,0,0,0,0,0,0,0,0,0,0,0,0,0,0,0,0,0,0,0,0,0,0,0,0,0,0,0,0,0,0,0,0,0,0
0,0,0,0,0,0,0,0,0,0,0,0,0,0,0,0,0,0,0,0,0,0,0,0,0,0,0,0,0,0,0,0,0,0,0,0,0,0,0,0,0,0,0,0,0,0,0,0,0,0,0,0,0,0,0,0,0,0,0,0,0,0,0,0,0,0,0,0,0,0,0,0,0,0,0,0,0,0,0,0,0,0,0,0,0,0,0,0,0,0,0,0,0,0,0,0,0,0,0,0,0,0,0,0,0,0,0,0,0,0,0,0,0,0,0,0,0,0,0,0,0,0,0,0,0,0,0,0,0,0,0,0,0,0,0,0,0,0,0,0,0,0,0,0,0,0,0,0,0,0,0,0,0,0,0,0,0,0,0,0,0,0,0,0,0,0,0,0,0,0,0,0,0,0,0,0,0,0,0,0,0,0,0,0,0,0,0,0,0,0,0,0,0,0,0,0,0,0
0,0,0,0,0,0,0,0,0,0,0,0,0,0,0,0,0,0,0,0,0,0,0,0,0,0,0,0,0,0,0,0,0,0,0,0,0,0,0,0,0,0,0,0,0,0,0,0,0,0,0,0,0,0,0,0,0,0,0,0,0,0,0,0,0,0,0,0,0,0,0,0,0,0,0,0,0,0,0,0,0,0,0,0,0,0,0,0,0,0,0,0,0,0,0,0,0,0,0,0,0,0,0,0,0,0,0,0,0,0,0,0,0,0,0,0,0,0,0,0,0,0,0,0,0,0,0,0,0,0,0,0,0,0,0,0,0,0,0,0,0,0,0,0,0,0,0,0,0,0,0,0,0,0,0,0,0,0,0,0,0,0,0,0,0,0,0,0,0,0,0,0,0,0,0,0,0,0,0,0,0,0,0,0,0,0,0,0,0,0,0,0,0,0,0,0,0,0
0,0,0,0,0,0,0,0,0,0,0,0,0,0,0,0,0,0,0,0,0,0,0,0,0,0,0,0,0,0,0,0,0,0,0,0,0,0,0,0,0,0,0,0,0,0,0,0,0,0,0,0,0,0,0,0,0,0,0,0,0,0,0,0,0,0,0,0,0,0,0,0,0,0,0,0,0,0,0,0,0,0,0,0,0,0,0,0,0,0,0,0,0,0,0,0,0,0,0,0,0,0,0,0,0,0,0,0,0,0,0,0,0,0,0,0,0,0,0,0,0,0,0,0,0,0,0,0,0,0,0,0,0,0,0,0,0,0,0,0,0,0,0,0,0,0,0,0,0,0,0,0,0,0,0,0,0,0,0,0,0,0,0,0,0,0,0,0,0,0,0,0,0,0,0,0,0,0,0,0,0,0,0,0,0,0,0,0,0,0,0,0,0,0,0,0,0,0
0,0,0,0,0,0,0,0,0,0,0,0,0,0,0,0,0,0,0,0,0,0,0,0,0,0,0,0,0,0,0,0,0,0,0,0,0,0,0,0,0,0,0,0,0,0,0,0,0,0,0,0,0,0,0,0,0,0,0,0,0,0,0,0,0,0,0,0,0,0,0,0,0,0,0,0,0,0,0,0,0,0,0,0,0,0,0,0,0,0,0,0,0,0,0,0,0,0,0,0,0,0,0,0,0,0,0,0,0,0,0,0,0,0,0,0,0,0,0,0,0,0,0,0,0,0,0,0,0,0,0,0,0,0,0,0,0,0,0,0,0,0,0,0,0,0,0,0,0,0,0,0,0,0,0,0,0,0,0,0,0,0,0,0,0,0,0,0,0,0,0,0,0,0,0,0,0,0,0,0,0,0,0,0,0,0,0,0,0,0,0,0,0,0,0,0,0,0
0,0,0,0,0,0,0,0,0,0,0,0,0,0,0,0,0,0,0,0,0,0,0,0,0,0,0,0,0,0,0,0,0,0,0,0,0,0,0,0,0,0,0,0,0,0,0,0,0,0,0,0,0,0,0,0,0,0,0,0,0,0,0,0,0,0,0,0,0,0,0,0,0,0,0,0,0,0,0,0,0,0,0,0,0,0,0,0,0,0,0,0,0,0,0,0,0,0,0,0,0,0,0,0,0,0,0,0,0,0,0,0,0,0,0,0,0,0,0,0,0,0,0,0,0,0,0,0,0,0,0,0,0,0,0,0,0,0,0,0,0,0,0,0,0,0,0,0,0,0,0,0,0,0,0,0,0,0,0,0,0,0,0,0,0,0,0,0,0,0,0,0,0,0,0,0,0,0,0,0,0,0,0,0,0,0,0,0,0,0,0,0,0,0,0,0,0,0
0,0,0,0,0,0,0,0,0,0,0,0,0,0,0,0,0,0,0,0,0,0,0,0,0,0,0,0,0,0,0,0,0,0,0,0,0,0,0,0,0,0,0,0,0,0,0,0,0,0,0,0,0,0,0,0,0,0,0,0,0,0,0,0,0,0,0,0,0,0,0,0,0,0,0,0,0,0,0,0,0,0,0,0,0,0,0,0,0,0,0,0,0,0,0,0,0,0,0,0,0,0,0,0,0,0,0,0,0,0,0,0,0,0,0,0,0,0,0,0,0,0,0,0,0,0,0,0,0,0,0,0,0,0,0,0,0,0,0,0,0,0,0,0,0,0,0,0,0,0,0,0,0,0,0,0,0,0,0,0,0,0,0,0,0,0,0,0,0,0,0,0,0,0,0,0,0,0,0,0,0,0,0,0,0,0,0,0,0,0,0,0,0,0,0,0,0,0
0,0,0,0,0,0,0,0,0,0,0,0,0,0,0,0,0,0,0,0,0,0,0,0,0,0,0,0,0,0,0,0,0,0,0,0,0,0,0,0,0,0,0,0,0,0,0,0,0,0,0,0,0,0,0,0,0,0,0,0,0,0,0,0,0,0,0,0,0,0,0,0,0,0,0,0,0,0,0,0,0,0,0,0,0,0,0,0,0,0,0,0,0,0,0,0,0,0,0,0,0,0,0,0,0,0,0,0,0,0,0,0,0,0,0,0,0,0,0,0,0,0,0,0,0,0,0,0,0,0,0,0,0,0,0,0,0,0,0,0,0,0,0,0,0,0,0,0,0,0,0,0,0,0,0,0,0,0,0,0,0,0,0,0,0,0,0,0,0,0,0,0,0,0,0,0,0,0,0,0,0,0,0,0,0,0,0,0,0,0,0,0,0,0,0,0,0,0
0,0,0,0,0,0,0,0,0,0,0,0,0,0,0,0,0,0,0,0,0,0,0,0,0,0,0,0,0,0,0,0,0,0,0,0,0,0,0,0,0,0,0,0,0,0,0,0,0,0,0,0,0,0,0,0,0,0,0,0,0,0,0,0,0,0,0,0,0,0,0,0,0,0,0,0,0,0,0,0,0,0,0,0,0,0,0,0,0,0,0,0,0,0,0,0,0,0,0,0,0,0,0,0,0,0,0,0,0,0,0,0,0,0,0,0,0,0,0,0,0,0,0,0,0,0,0,0,0,0,0,0,0,0,0,0,0,0,0,0,0,0,0,0,0,0,0,0,0,0,0,0,0,0,0,0,0,0,0,0,0,0,0,0,0,0,0,0,0,0,0,0,0,0,0,0,0,0,0,0,0,0,0,0,0,0,0,0,0,0,0,0,0,0,0,0,0,0
0,0,0,0,0,0,0,0,0,0,0,0,0,0,0,0,0,0,0,0,0,0,0,0,0,0,0,0,0,0,0,0,0,0,0,0,0,0,0,0,0,0,0,0,0,0,0,0,0,0,0,0,0,0,0,0,0,0,0,0,0,0,0,0,0,0,0,0,0,0,0,0,0,0,0,0,0,0,0,0,0,0,0,0,0,0,0,0,0,0,0,0,0,0,0,0,0,0,0,0,0,0,0,0,0,0,0,0,0,0,0,0,0,0,0,0,0,0,0,0,0,0,0,0,0,0,0,0,0,0,0,0,0,0,0,0,0,0,0,0,0,0,0,0,0,0,0,0,0,0,0,0,0,0,0,0,0,0,0,0,0,0,0,0,0,0,0,0,0,0,0,0,0,0,0,0,0,0,0,0,0,0,0,0,0,0,0,0,0,0,0,0,0,0,0,0,0,0
0,0,0,0,0,0,0,0,0,0,0,0,0,0,0,0,0,0,0,0,0,0,0,0,0,0,0,0,0,0,0,0,0,0,0,0,0,0,0,0,0,0,0,0,0,0,0,0,0,0,0,0,0,0,0,0,0,0,0,0,0,0,0,0,0,0,0,0,0,0,0,0,0,0,0,0,0,0,0,0,0,0,0,0,0,0,0,0,0,0,0,0,0,0,0,0,0,0,0,0,0,0,0,0,0,0,0,0,0,0,0,0,0,0,0,0,0,0,0,0,0,0,0,0,0,0,0,0,0,0,0,0,0,0,0,0,0,0,0,0,0,0,0,0,0,0,0,0,0,0,0,0,0,0,0,0,0,0,0,0,0,0,0,0,0,0,0,0,0,0,0,0,0,0,0,0,0,0,0,0,0,0,0,0,0,0,0,0,0,0,0,0,0,0,0,0,0,0
0,0,0,0,0,0,0,0,0,0,0,0,0,0,0,0,0,0,0,0,0,0,0,0,0,0,0,0,0,0,0,0,0,0,0,0,0,0,0,0,0,0,0,0,0,0,0,0,0,0,0,0,0,0,0,0,0,0,0,0,0,0,0,0,0,0,0,0,0,0,0,0,0,0,0,0,0,0,0,0,0,0,0,0,0,0,0,0,0,0,0,0,0,0,0,0,0,0,0,0,0,0,0,0,0,0,0,0,0,0,0,0,0,0,0,0,0,0,0,0,0,0,0,0,0,0,0,0,0,0,0,0,0,0,0,0,0,0,0,0,0,0,0,0,0,0,0,0,0,0,0,0,0,0,0,0,0,0,0,0,0,0,0,0,0,0,0,0,0,0,0,0,0,0,0,0,0,0,0,0,0,0,0,0,0,0,0,0,0,0,0,0,0,0,0,0,0,0
0,0,0,0,0,0,0,0,0,0,0,0,0,0,0,0,0,0,0,0,0,0,0,0,0,0,0,0,0,0,0,0,0,0,0,0,0,0,0,0,0,0,0,0,0,0,0,0,0,0,0,0,0,0,0,0,0,0,0,0,0,0,0,0,0,0,0,0,0,0,0,0,0,0,0,0,0,0,0,0,0,0,0,0,0,0,0,0,0,0,0,0,0,0,0,0,0,0,0,0,0,0,0,0,0,0,0,0,0,0,0,0,0,0,0,0,0,0,0,0,0,0,0,0,0,0,0,0,0,0,0,0,0,0,0,0,0,0,0,0,0,0,0,0,0,0,0,0,0,0,0,0,0,0,0,0,0,0,0,0,0,0,0,0,0,0,0,0,0,0,0,0,0,0,0,0,0,0,0,0,0,0,0,0,0,0,0,0,0,0,0,0,0,0,0,0,0,0
0,0,0,0,0,0,0,0,0,0,0,0,0,0,0,0,0,0,0,0,0,0,0,0,0,0,0,0,0,0,0,0,0,0,0,0,0,0,0,0,0,0,0,0,0,0,0,0,0,0,0,0,0,0,0,0,0,0,0,0,0,0,0,0,0,0,0,0,0,0,0,0,0,0,0,0,0,0,0,0,0,0,0,0,0,0,0,0,0,0,0,0,0,0,0,0,0,0,0,0,0,0,0,0,0,0,0,0,0,0,0,0,0,0,0,0,0,0,0,0,0,0,0,0,0,0,0,0,0,0,0,0,0,0,0,0,0,0,0,0,0,0,0,0,0,0,0,0,0,0,0,0,0,0,0,0,0,0,0,0,0,0,0,0,0,0,0,0,0,0,0,0,0,0,0,0,0,0,0,0,0,0,0,0,0,0,0,0,0,0,0,0,0,0,0,0,0,0
0,0,0,0,0,0,0,0,0,0,0,0,0,0,0,0,0,0,0,0,0,0,0,0,0,0,0,0,0,0,0,0,0,0,0,0,0,0,0,0,0,0,0,0,0,0,0,0,0,0,0,0,0,0,0,0,0,0,0,0,0,0,0,0,0,0,0,0,0,0,0,0,0,0,0,0,0,0,0,0,0,0,0,0,0,0,0,0,0,0,0,0,0,0,0,0,0,0,0,0,0,0,0,0,0,0,0,0,0,0,0,0,0,0,0,0,0,0,0,0,0,0,0,0,0,0,0,0,0,0,0,0,0,0,0,0,0,0,0,0,0,0,0,0,0,0,0,0,0,0,0,0,0,0,0,0,0,0,0,0,0,0,0,0,0,0,0,0,0,0,0,0,0,0,0,0,0,0,0,0,0,0,0,0,0,0,0,0,0,0,0,0,0,0,0,0,0,0
0,0,0,0,0,0,0,0,0,0,0,0,0,0,0,0,0,0,0,0,0,0,0,0,0,0,0,0,0,0,0,0,0,0,0,0,0,0,0,0,0,0,0,0,0,0,0,0,0,0,0,0,0,0,0,0,0,0,0,0,0,0,0,0,0,0,0,0,0,0,0,0,0,0,0,0,0,0,0,0,0,0,0,0,0,0,0,0,0,0,0,0,0,0,0,0,0,0,0,0,0,0,0,0,0,0,0,0,0,0,0,0,0,0,0,0,0,0,0,0,0,0,0,0,0,0,0,0,0,0,0,0,0,0,0,0,0,0,0,0,0,0,0,0,0,0,0,0,0,0,0,0,0,0,0,0,0,0,0,0,0,0,0,0,0,0,0,0,0,0,0,0,0,0,0,0,0,0,0,0,0,0,0,0,0,0,0,0,0,0,0,0,0,0,0,0,0,0
0,0,0,0,0,0,0,0,0,0,0,0,0,0,0,0,0,0,0,0,0,0,0,0,0,0,0,0,0,0,0,0,0,0,0,0,0,0,0,0,0,0,0,0,0,0,0,0,0,0,0,0,0,0,0,0,0,0,0,0,0,0,0,0,0,0,0,0,0,0,0,0,0,0,0,0,0,0,0,0,0,0,0,0,0,0,0,0,0,0,0,0,0,0,0,0,0,0,0,0,0,0,0,0,0,0,0,0,0,0,0,0,0,0,0,0,0,0,0,0,0,0,0,0,0,0,0,0,0,0,0,0,0,0,0,0,0,0,0,0,0,0,0,0,0,0,0,0,0,0,0,0,0,0,0,0,0,0,0,0,0,0,0,0,0,0,0,0,0,0,0,0,0,0,0,0,0,0,0,0,0,0,0,0,0,0,0,0,0,0,0,0,0,0,0,0,0,0
0,0,0,0,0,0,0,0,0,0,0,0,0,0,0,0,0,0,0,0,0,0,0,0,0,0,0,0,0,0,0,0,0,0,0,0,0,0,0,0,0,0,0,0,0,0,0,0,0,0,0,0,0,0,0,0,0,0,0,0,0,0,0,0,0,0,0,0,0,0,0,0,0,0,0,0,0,0,0,0,0,0,0,0,0,0,0,0,0,0,0,0,0,0,0,0,0,0,0,0,0,0,0,0,0,0,0,0,0,0,0,0,0,0,0,0,0,0,0,0,0,0,0,0,0,0,0,0,0,0,0,0,0,0,0,0,0,0,0,0,0,0,0,0,0,0,0,0,0,0,0,0,0,0,0,0,0,0,0,0,0,0,0,0,0,0,0,0,0,0,0,0,0,0,0,0,0,0,0,0,0,0,0,0,0,0,0,0,0,0,0,0,0,0,0,0,0,0
0,0,0,0,0,0,0,0,0,0,0,0,0,0,0,0,0,0,0,0,0,0,0,0,0,0,0,0,0,0,0,0,0,0,0,0,0,0,0,0,0,0,0,0,0,0,0,0,0,0,0,0,0,0,0,0,0,0,0,0,0,0,0,0,0,0,0,0,0,0,0,0,0,0,0,0,0,0,0,0,0,0,0,0,0,0,0,0,0,0,0,0,0,0,0,0,0,0,0,0,0,0,0,0,0,0,0,0,0,0,0,0,0,0,0,0,0,0,0,0,0,0,0,0,0,0,0,0,0,0,0,0,0,0,0,0,0,0,0,0,0,0,0,0,0,0,0,0,0,0,0,0,0,0,0,0,0,0,0,0,0,0,0,0,0,0,0,0,0,0,0,0,0,0,0,0,0,0,0,0,0,0,0,0,0,0,0,0,0,0,0,0,0,0,0,0,0,0
0,0,0,0,0,0,0,0,0,0,0,0,0,0,0,0,0,0,0,0,0,0,0,0,0,0,0,0,0,0,0,0,0,0,0,0,0,0,0,0,0,0,0,0,0,0,0,0,0,0,0,0,0,0,0,0,0,0,0,0,0,0,0,0,0,0,0,0,0,0,0,0,0,0,0,0,0,0,0,0,0,0,0,0,0,0,0,0,0,0,0,0,0,0,0,0,0,0,0,0,0,0,0,0,0,0,0,0,0,0,0,0,0,0,0,0,0,0,0,0,0,0,0,0,0,0,0,0,0,0,0,0,0,0,0,0,0,0,0,0,0,0,0,0,0,0,0,0,0,0,0,0,0,0,0,0,0,0,0,0,0,0,0,0,0,0,0,0,0,0,0,0,0,0,0,0,0,0,0,0,0,0,0,0,0,0,0,0,0,0,0,0,0,0,0,0,0,0
0,0,0,0,0,0,0,0,0,0,0,0,0,0,0,0,0,0,0,0,0,0,0,0,0,0,0,0,0,0,0,0,0,0,0,0,0,0,0,0,0,0,0,0,0,0,0,0,0,0,0,0,0,0,0,0,0,0,0,0,0,0,0,0,0,0,0,0,0,0,0,0,0,0,0,0,0,0,0,0,0,0,0,0,0,0,0,0,0,0,0,0,0,0,0,0,0,0,0,0,0,0,0,0,0,0,0,0,0,0,0,0,0,0,0,0,0,0,0,0,0,0,0,0,0,0,0,0,0,0,0,0,0,0,0,0,0,0,0,0,0,0,0,0,0,0,0,0,0,0,0,0,0,0,0,0,0,0,0,0,0,0,0,0,0,0,0,0,0,0,0,0,0,0,0,0,0,0,0,0,0,0,0,0,0,0,0,0,0,0,0,0,0,0,0,0,0,0
0,0,0,0,0,0,0,0,0,0,0,0,0,0,0,0,0,0,0,0,0,0,0,0,0,0,0,0,0,0,0,0,0,0,0,0,0,0,0,0,0,0,0,0,0,0,0,0,0,0,0,0,0,0,0,0,0,0,0,0,0,0,0,0,0,0,0,0,0,0,0,0,0,0,0,0,0,0,0,0,0,0,0,0,0,0,0,0,0,0,0,0,0,0,0,0,0,0,0,0,0,0,0,0,0,0,0,0,0,0,0,0,0,0,0,0,0,0,0,0,0,0,0,0,0,0,0,0,0,0,0,0,0,0,0,0,0,0,0,0,0,0,0,0,0,0,0,0,0,0,0,0,0,0,0,0,0,0,0,0,0,0,0,0,0,0,0,0,0,0,0,0,0,0,0,0,0,0,0,0,0,0,0,0,0,0,0,0,0,0,0,0,0,0,0,0,0,0
0,0,0,0,0,0,0,0,0,0,0,0,0,0,0,0,0,0,0,0,0,0,0,0,0,0,0,0,0,0,0,0,0,0,0,0,0,0,0,0,0,0,0,0,0,0,0,0,0,0,0,0,0,0,0,0,0,0,0,0,0,0,0,0,0,0,0,0,0,0,0,0,0,0,0,0,0,0,0,0,0,0,0,0,0,0,0,0,0,0,0,0,0,0,0,0,0,0,0,0,0,0,0,0,0,0,0,0,0,0,0,0,0,0,0,0,0,0,0,0,0,0,0,0,0,0,0,0,0,0,0,0,0,0,0,0,0,0,0,0,0,0,0,0,0,0,0,0,0,0,0,0,0,0,0,0,0,0,0,0,0,0,0,0,0,0,0,0,0,0,0,0,0,0,0,0,0,0,0,0,0,0,0,0,0,0,0,0,0,0,0,0,0,0,0,0,0,0
0,0,0,0,0,0,0,0,0,0,0,0,0,0,0,0,0,0,0,0,0,0,0,0,0,0,0,0,0,0,0,0,0,0,0,0,0,0,0,0,0,0,0,0,0,0,0,0,0,0,0,0,0,0,0,0,0,0,0,0,0,0,0,0,0,0,0,0,0,0,0,0,0,0,0,0,0,0,0,0,0,0,0,0,0,0,0,0,0,0,0,0,0,0,0,0,0,0,0,0,0,0,0,0,0,0,0,0,0,0,0,0,0,0,0,0,0,0,0,0,0,0,0,0,0,0,0,0,0,0,0,0,0,0,0,0,0,0,0,0,0,0,0,0,0,0,0,0,0,0,0,0,0,0,0,0,0,0,0,0,0,0,0,0,0,0,0,0,0,0,0,0,0,0,0,0,0,0,0,0,0,0,0,0,0,0,0,0,0,0,0,0,0,0,0,0,0,0
0,0,0,0,0,0,0,0,0,0,0,0,0,0,0,0,0,0,0,0,0,0,0,0,0,0,0,0,0,0,0,0,0,0,0,0,0,0,0,0,0,0,0,0,0,0,0,0,0,0,0,0,0,0,0,0,0,0,0,0,0,0,0,0,0,0,0,0,0,0,0,0,0,0,0,0,0,0,0,0,0,0,0,0,0,0,0,0,0,0,0,0,0,0,0,0,0,0,0,0,0,0,0,0,0,0,0,0,0,0,0,0,0,0,0,0,0,0,0,0,0,0,0,0,0,0,0,0,0,0,0,0,0,0,0,0,0,0,0,0,0,0,0,0,0,0,0,0,0,0,0,0,0,0,0,0,0,0,0,0,0,0,0,0,0,0,0,0,0,0,0,0,0,0,0,0,0,0,0,0,0,0,0,0,0,0,0,0,0,0,0,0,0,0,0,0,0,0
0,0,0,0,0,0,0,0,0,0,0,0,0,0,0,0,0,0,0,0,0,0,0,0,0,0,0,0,0,0,0,0,0,0,0,0,0,0,0,0,0,0,0,0,0,0,0,0,0,0,0,0,0,0,0,0,0,0,0,0,0,0,0,0,0,0,0,0,0,0,0,0,0,0,0,0,0,0,0,0,0,0,0,0,0,0,0,0,0,0,0,0,0,0,0,0,0,0,0,0,0,0,0,0,0,0,0,0,0,0,0,0,0,0,0,0,0,0,0,0,0,0,0,0,0,0,0,0,0,0,0,0,0,0,0,0,0,0,0,0,0,0,0,0,0,0,0,0,0,0,0,0,0,0,0,0,0,0,0,0,0,0,0,0,0,0,0,0,0,0,0,0,0,0,0,0,0,0,0,0,0,0,0,0,0,0,0,0,0,0,0,0,0,0,0,0,0,0
0,0,0,0,0,0,0,0,0,0,0,0,0,0,0,0,0,0,0,0,0,0,0,0,0,0,0,0,0,0,0,0,0,0,0,0,0,0,0,0,0,0,0,0,0,0,0,0,0,0,0,0,0,0,0,0,0,0,0,0,0,0,0,0,0,0,0,0,0,0,0,0,0,0,0,0,0,0,0,0,0,0,0,0,0,0,0,0,0,0,0,0,0,0,0,0,0,0,0,0,0,0,0,0,0,0,0,0,0,0,0,0,0,0,0,0,0,0,0,0,0,0,0,0,0,0,0,0,0,0,0,0,0,0,0,0,0,0,0,0,0,0,0,0,0,0,0,0,0,0,0,0,0,0,0,0,0,0,0,0,0,0,0,0,0,0,0,0,0,0,0,0,0,0,0,0,0,0,0,0,0,0,0,0,0,0,0,0,0,0,0,0,0,0,0,0,0,0
0,0,0,0,0,0,0,0,0,0,0,0,0,0,0,0,0,0,0,0,0,0,0,0,0,0,0,0,0,0,0,0,0,0,0,0,0,0,0,0,0,0,0,0,0,0,0,0,0,0,0,0,0,0,0,0,0,0,0,0,0,0,0,0,0,0,0,0,0,0,0,0,0,0,0,0,0,0,0,0,0,0,0,0,0,0,0,0,0,0,0,0,0,0,0,0,0,0,0,0,0,0,0,0,0,0,0,0,0,0,0,0,0,0,0,0,0,0,0,0,0,0,0,0,0,0,0,0,0,0,0,0,0,0,0,0,0,0,0,0,0,0,0,0,0,0,0,0,0,0,0,0,0,0,0,0,0,0,0,0,0,0,0,0,0,0,0,0,0,0,0,0,0,0,0,0,0,0,0,0,0,0,0,0,0,0,0,0,0,0,0,0,0,0,0,0,0,0
0,0,0,0,0,0,0,0,0,0,0,0,0,0,0,0,0,0,0,0,0,0,0,0,0,0,0,0,0,0,0,0,0,0,0,0,0,0,0,0,0,0,0,0,0,0,0,0,0,0,0,0,0,0,0,0,0,0,0,0,0,0,0,0,0,0,0,0,0,0,0,0,0,0,0,0,0,0,0,0,0,0,0,0,0,0,0,0,0,0,0,0,0,0,0,0,0,0,0,0,0,0,0,0,0,0,0,0,0,0,0,0,0,0,0,0,0,0,0,0,0,0,0,0,0,0,0,0,0,0,0,0,0,0,0,0,0,0,0,0,0,0,0,0,0,0,0,0,0,0,0,0,0,0,0,0,0,0,0,0,0,0,0,0,0,0,0,0,0,0,0,0,0,0,0,0,0,0,0,0,0,0,0,0,0,0,0,0,0,0,0,0,0,0,0,0,0,0
0,0,0,0,0,0,0,0,0,0,0,0,0,0,0,0,0,0,0,0,0,0,0,0,0,0,0,0,0,0,0,0,0,0,0,0,0,0,0,0,0,0,0,0,0,0,0,0,0,0,0,0,0,0,0,0,0,0,0,0,0,0,0,0,0,0,0,0,0,0,0,0,0,0,0,0,0,0,0,0,0,0,0,0,0,0,0,0,0,0,0,0,0,0,0,0,0,0,0,0,0,0,0,0,0,0,0,0,0,0,0,0,0,0,0,0,0,0,0,0,0,0,0,0,0,0,0,0,0,0,0,0,0,0,0,0,0,0,0,0,0,0,0,0,0,0,0,0,0,0,0,0,0,0,0,0,0,0,0,0,0,0,0,0,0,0,0,0,0,0,0,0,0,0,0,0,0,0,0,0,0,0,0,0,0,0,0,0,0,0,0,0,0,0,0,0,0,0
0,0,0,0,0,0,0,0,0,0,0,0,0,0,0,0,0,0,0,0,0,0,0,0,0,0,0,0,0,0,0,0,0,0,0,0,0,0,0,0,0,0,0,0,0,0,0,0,0,0,0,0,0,0,0,0,0,0,0,0,0,0,0,0,0,0,0,0,0,0,0,0,0,0,0,0,0,0,0,0,0,0,0,0,0,0,0,0,0,0,0,0,0,0,0,0,0,0,0,0,0,0,0,0,0,0,0,0,0,0,0,0,0,0,0,0,0,0,0,0,0,0,0,0,0,0,0,0,0,0,0,0,0,0,0,0,0,0,0,0,0,0,0,0,0,0,0,0,0,0,0,0,0,0,0,0,0,0,0,0,0,0,0,0,0,0,0,0,0,0,0,0,0,0,0,0,0,0,0,0,0,0,0,0,0,0,0,0,0,0,0,0,0,0,0,0,0,0
0,0,0,0,0,0,0,0,0,0,0,0,0,0,0,0,0,0,0,0,0,0,0,0,0,0,0,0,0,0,0,0,0,0,0,0,0,0,0,0,0,0,0,0,0,0,0,0,0,0,0,0,0,0,0,0,0,0,0,0,0,0,0,0,0,0,0,0,0,0,0,0,0,0,0,0,0,0,0,0,0,0,0,0,0,0,0,0,0,0,0,0,0,0,0,0,0,0,0,0,0,0,0,0,0,0,0,0,0,0,0,0,0,0,0,0,0,0,0,0,0,0,0,0,0,0,0,0,0,0,0,0,0,0,0,0,0,0,0,0,0,0,0,0,0,0,0,0,0,0,0,0,0,0,0,0,0,0,0,0,0,0,0,0,0,0,0,0,0,0,0,0,0,0,0,0,0,0,0,0,0,0,0,0,0,0,0,0,0,0,0,0,0,0,0,0,0,0
0,0,0,0,0,0,0,0,0,0,0,0,0,0,0,0,0,0,0,0,0,0,0,0,0,0,0,0,0,0,0,0,0,0,0,0,0,0,0,0,0,0,0,0,0,0,0,0,0,0,0,0,0,0,0,0,0,0,0,0,0,0,0,0,0,0,0,0,0,0,0,0,0,0,0,0,0,0,0,0,0,0,0,0,0,0,0,0,0,0,0,0,0,0,0,0,0,0,0,0,0,0,0,0,0,0,0,0,0,0,0,0,0,0,0,0,0,0,0,0,0,0,0,0,0,0,0,0,0,0,0,0,0,0,0,0,0,0,0,0,0,0,0,0,0,0,0,0,0,0,0,0,0,0,0,0,0,0,0,0,0,0,0,0,0,0,0,0,0,0,0,0,0,0,0,0,0,0,0,0,0,0,0,0,0,0,0,0,0,0,0,0,0,0,0,0,0,0
0,0,0,0,0,0,0,0,0,0,0,0,0,0,0,0,0,0,0,0,0,0,0,0,0,0,0,0,0,0,0,0,0,0,0,0,0,0,0,0,0,0,0,0,0,0,0,0,0,0,0,0,0,0,0,0,0,0,0,0,0,0,0,0,0,0,0,0,0,0,0,0,0,0,0,0,0,0,0,0,0,0,0,0,0,0,0,0,0,0,0,0,0,0,0,0,0,0,0,0,0,0,0,0,0,0,0,0,0,0,0,0,0,0,0,0,0,0,0,0,0,0,0,0,0,0,0,0,0,0,0,0,0,0,0,0,0,0,0,0,0,0,0,0,0,0,0,0,0,0,0,0,0,0,0,0,0,0,0,0,0,0,0,0,0,0,0,0,0,0,0,0,0,0,0,0,0,0,0,0,0,0,0,0,0,0,0,0,0,0,0,0,0,0,0,0,0,0
0,0,0,0,0,0,0,0,0,0,0,0,0,0,0,0,0,0,0,0,0,0,0,0,0,0,0,0,0,0,0,0,0,0,0,0,0,0,0,0,0,0,0,0,0,0,0,0,0,0,0,0,0,0,0,0,0,0,0,0,0,0,0,0,0,0,0,0,0,0,0,0,0,0,0,0,0,0,0,0,0,0,0,0,0,0,0,0,0,0,0,0,0,0,0,0,0,0,0,0,0,0,0,0,0,0,0,0,0,0,0,0,0,0,0,0,0,0,0,0,0,0,0,0,0,0,0,0,0,0,0,0,0,0,0,0,0,0,0,0,0,0,0,0,0,0,0,0,0,0,0,0,0,0,0,0,0,0,0,0,0,0,0,0,0,0,0,0,0,0,0,0,0,0,0,0,0,0,0,0,0,0,0,0,0,0,0,0,0,0,0,0,0,0,0,0,0,0
0,0,0,0,0,0,0,0,0,0,0,0,0,0,0,0,0,0,0,0,0,0,0,0,0,0,0,0,0,0,0,0,0,0,0,0,0,0,0,0,0,0,0,0,0,0,0,0,0,0,0,0,0,0,0,0,0,0,0,0,0,0,0,0,0,0,0,0,0,0,0,0,0,0,0,0,0,0,0,0,0,0,0,0,0,0,0,0,0,0,0,0,0,0,0,0,0,0,0,0,0,0,0,0,0,0,0,0,0,0,0,0,0,0,0,0,0,0,0,0,0,0,0,0,0,0,0,0,0,0,0,0,0,0,0,0,0,0,0,0,0,0,0,0,0,0,0,0,0,0,0,0,0,0,0,0,0,0,0,0,0,0,0,0,0,0,0,0,0,0,0,0,0,0,0,0,0,0,0,0,0,0,0,0,0,0,0,0,0,0,0,0,0,0,0,0,0,0
0,0,0,0,0,0,0,0,0,0,0,0,0,0,0,0,0,0,0,0,0,0,0,0,0,0,0,0,0,0,0,0,0,0,0,0,0,0,0,0,0,0,0,0,0,0,0,0,0,0,0,0,0,0,0,0,0,0,0,0,0,0,0,0,0,0,0,0,0,0,0,0,0,0,0,0,0,0,0,0,0,0,0,0,0,0,0,0,0,0,0,0,0,0,0,0,0,0,0,0,0,0,0,0,0,0,0,0,0,0,0,0,0,0,0,0,0,0,0,0,0,0,0,0,0,0,0,0,0,0,0,0,0,0,0,0,0,0,0,0,0,0,0,0,0,0,0,0,0,0,0,0,0,0,0,0,0,0,0,0,0,0,0,0,0,0,0,0,0,0,0,0,0,0,0,0,0,0,0,0,0,0,0,0,0,0,0,0,0,0,0,0,0,0,0,0,0,0
0,0,0,0,0,0,0,0,0,0,0,0,0,0,0,0,0,0,0,0,0,0,0,0,0,0,0,0,0,0,0,0,0,0,0,0,0,0,0,0,0,0,0,0,0,0,0,0,0,0,0,0,0,0,0,0,0,0,0,0,0,0,0,0,0,0,0,0,0,0,0,0,0,0,0,0,0,0,0,0,0,0,0,0,0,0,0,0,0,0,0,0,0,0,0,0,0,0,0,0,0,0,0,0,0,0,0,0,0,0,0,0,0,0,0,0,0,0,0,0,0,0,0,0,0,0,0,0,0,0,0,0,0,0,0,0,0,0,0,0,0,0,0,0,0,0,0,0,0,0,0,0,0,0,0,0,0,0,0,0,0,0,0,0,0,0,0,0,0,0,0,0,0,0,0,0,0,0,0,0,0,0,0,0,0,0,0,0,0,0,0,0,0,0,0,0,0,0
0,0,0,0,0,0,0,0,0,0,0,0,0,0,0,0,0,0,0,0,0,0,0,0,0,0,0,0,0,0,0,0,0,0,0,0,0,0,0,0,0,0,0,0,0,0,0,0,0,0,0,0,0,0,0,0,0,0,0,0,0,0,0,0,0,0,0,0,0,0,0,0,0,0,0,0,0,0,0,0,0,0,0,0,0,0,0,0,0,0,0,0,0,0,0,0,0,0,0,0,0,0,0,0,0,0,0,0,0,0,0,0,0,0,0,0,0,0,0,0,0,0,0,0,0,0,0,0,0,0,0,0,0,0,0,0,0,0,0,0,0,0,0,0,0,0,0,0,0,0,0,0,0,0,0,0,0,0,0,0,0,0,0,0,0,0,0,0,0,0,0,0,0,0,0,0,0,0,0,0,0,0,0,0,0,0,0,0,0,0,0,0,0,0,0,0,0,0
0,0,0,0,0,0,0,0,0,0,0,0,0,0,0,0,0,0,0,0,0,0,0,0,0,0,0,0,0,0,0,0,0,0,0,0,0,0,0,0,0,0,0,0,0,0,0,0,0,0,0,0,0,0,0,0,0,0,0,0,0,0,0,0,0,0,0,0,0,0,0,0,0,0,0,0,0,0,0,0,0,0,0,0,0,0,0,0,0,0,0,0,0,0,0,0,0,0,0,0,0,0,0,0,0,0,0,0,0,0,0,0,0,0,0,0,0,0,0,0,0,0,0,0,0,0,0,0,0,0,0,0,0,0,0,0,0,0,0,0,0,0,0,0,0,0,0,0,0,0,0,0,0,0,0,0,0,0,0,0,0,0,0,0,0,0,0,0,0,0,0,0,0,0,0,0,0,0,0,0,0,0,0,0,0,0,0,0,0,0,0,0,0,0,0,0,0,0
0,0,0,0,0,0,0,0,0,0,0,0,0,0,0,0,0,0,0,0,0,0,0,0,0,0,0,0,0,0,0,0,0,0,0,0,0,0,0,0,0,0,0,0,0,0,0,0,0,0,0,0,0,0,0,0,0,0,0,0,0,0,0,0,0,0,0,0,0,0,0,0,0,0,0,0,0,0,0,0,0,0,0,0,0,0,0,0,0,0,0,0,0,0,0,0,0,0,0,0,0,0,0,0,0,0,0,0,0,0,0,0,0,0,0,0,0,0,0,0,0,0,0,0,0,0,0,0,0,0,0,0,0,0,0,0,0,0,0,0,0,0,0,0,0,0,0,0,0,0,0,0,0,0,0,0,0,0,0,0,0,0,0,0,0,0,0,0,0,0,0,0,0,0,0,0,0,0,0,0,0,0,0,0,0,0,0,0,0,0,0,0,0,0,0,0,0,0
0,0,0,0,0,0,0,0,0,0,0,0,0,0,0,0,0,0,0,0,0,0,0,0,0,0,0,0,0,0,0,0,0,0,0,0,0,0,0,0,0,0,0,0,0,0,0,0,0,0,0,0,0,0,0,0,0,0,0,0,0,0,0,0,0,0,0,0,0,0,0,0,0,0,0,0,0,0,0,0,0,0,0,0,0,0,0,0,0,0,0,0,0,0,0,0,0,0,0,0,0,0,0,0,0,0,0,0,0,0,0,0,0,0,0,0,0,0,0,0,0,0,0,0,0,0,0,0,0,0,0,0,0,0,0,0,0,0,0,0,0,0,0,0,0,0,0,0,0,0,0,0,0,0,0,0,0,0,0,0,0,0,0,0,0,0,0,0,0,0,0,0,0,0,0,0,0,0,0,0,0,0,0,0,0,0,0,0,0,0,0,0,0,0,0,0,0,0
0,0,0,0,0,0,0,0,0,0,0,0,0,0,0,0,0,0,0,0,0,0,0,0,0,0,0,0,0,0,0,0,0,0,0,0,0,0,0,0,0,0,0,0,0,0,0,0,0,0,0,0,0,0,0,0,0,0,0,0,0,0,0,0,0,0,0,0,0,0,0,0,0,0,0,0,0,0,0,0,0,0,0,0,0,0,0,0,0,0,0,0,0,0,0,0,0,0,0,0,0,0,0,0,0,0,0,0,0,0,0,0,0,0,0,0,0,0,0,0,0,0,0,0,0,0,0,0,0,0,0,0,0,0,0,0,0,0,0,0,0,0,0,0,0,0,0,0,0,0,0,0,0,0,0,0,0,0,0,0,0,0,0,0,0,0,0,0,0,0,0,0,0,0,0,0,0,0,0,0,0,0,0,0,0,0,0,0,0,0,0,0,0,0,0,0,0,0
0,0,0,0,0,0,0,0,0,0,0,0,0,0,0,0,0,0,0,0,0,0,0,0,0,0,0,0,0,0,0,0,0,0,0,0,0,0,0,0,0,0,0,0,0,0,0,0,0,0,0,0,0,0,0,0,0,0,0,0,0,0,0,0,0,0,0,0,0,0,0,0,0,0,0,0,0,0,0,0,0,0,0,0,0,0,0,0,0,0,0,0,0,0,0,0,0,0,0,0,0,0,0,0,0,0,0,0,0,0,0,0,0,0,0,0,0,0,0,0,0,0,0,0,0,0,0,0,0,0,0,0,0,0,0,0,0,0,0,0,0,0,0,0,0,0,0,0,0,0,0,0,0,0,0,0,0,0,0,0,0,0,0,0,0,0,0,0,0,0,0,0,0,0,0,0,0,0,0,0,0,0,0,0,0,0,0,0,0,0,0,0,0,0,0,0,0,0
0,0,0,0,0,0,0,0,0,0,0,0,0,0,0,0,0,0,0,0,0,0,0,0,0,0,0,0,0,0,0,0,0,0,0,0,0,0,0,0,0,0,0,0,0,0,0,0,0,0,0,0,0,0,0,0,0,0,0,0,0,0,0,0,0,0,0,0,0,0,0,0,0,0,0,0,0,0,0,0,0,0,0,0,0,0,0,0,0,0,0,0,0,0,0,0,0,0,0,0,0,0,0,0,0,0,0,0,0,0,0,0,0,0,0,0,0,0,0,0,0,0,0,0,0,0,0,0,0,0,0,0,0,0,0,0,0,0,0,0,0,0,0,0,0,0,0,0,0,0,0,0,0,0,0,0,0,0,0,0,0,0,0,0,0,0,0,0,0,0,0,0,0,0,0,0,0,0,0,0,0,0,0,0,0,0,0,0,0,0,0,0,0,0,0,0,0,0
0,0,0,0,0,0,0,0,0,0,0,0,0,0,0,0,0,0,0,0,0,0,0,0,0,0,0,0,0,0,0,0,0,0,0,0,0,0,0,0,0,0,0,0,0,0,0,0,0,0,0,0,0,0,0,0,0,0,0,0,0,0,0,0,0,0,0,0,0,0,0,0,0,0,0,0,0,0,0,0,0,0,0,0,0,0,0,0,0,0,0,0,0,0,0,0,0,0,0,0,0,0,0,0,0,0,0,0,0,0,0,0,0,0,0,0,0,0,0,0,0,0,0,0,0,0,0,0,0,0,0,0,0,0,0,0,0,0,0,0,0,0,0,0,0,0,0,0,0,0,0,0,0,0,0,0,0,0,0,0,0,0,0,0,0,0,0,0,0,0,0,0,0,0,0,0,0,0,0,0,0,0,0,0,0,0,0,0,0,0,0,0,0,0,0,0,0,0
0,0,0,0,0,0,0,0,0,0,0,0,0,0,0,0,0,0,0,0,0,0,0,0,0,0,0,0,0,0,0,0,0,0,0,0,0,0,0,0,0,0,0,0,0,0,0,0,0,0,0,0,0,0,0,0,0,0,0,0,0,0,0,0,0,0,0,0,0,0,0,0,0,0,0,0,0,0,0,0,0,0,0,0,0,0,0,0,0,0,0,0,0,0,0,0,0,0,0,0,0,0,0,0,0,0,0,0,0,0,0,0,0,0,0,0,0,0,0,0,0,0,0,0,0,0,0,0,0,0,0,0,0,0,0,0,0,0,0,0,0,0,0,0,0,0,0,0,0,0,0,0,0,0,0,0,0,0,0,0,0,0,0,0,0,0,0,0,0,0,0,0,0,0,0,0,0,0,0,0,0,0,0,0,0,0,0,0,0,0,0,0,0,0,0,0,0,0
0,0,0,0,0,0,0,0,0,0,0,0,0,0,0,0,0,0,0,0,0,0,0,0,0,0,0,0,0,0,0,0,0,0,0,0,0,0,0,0,0,0,0,0,0,0,0,0,0,0,0,0,0,0,0,0,0,0,0,0,0,0,0,0,0,0,0,0,0,0,0,0,0,0,0,0,0,0,0,0,0,0,0,0,0,0,0,0,0,0,0,0,0,0,0,0,0,0,0,0,0,0,0,0,0,0,0,0,0,0,0,0,0,0,0,0,0,0,0,0,0,0,0,0,0,0,0,0,0,0,0,0,0,0,0,0,0,0,0,0,0,0,0,0,0,0,0,0,0,0,0,0,0,0,0,0,0,0,0,0,0,0,0,0,0,0,0,0,0,0,0,0,0,0,0,0,0,0,0,0,0,0,0,0,0,0,0,0,0,0,0,0,0,0,0,0,0,0
0,0,0,0,0,0,0,0,0,0,0,0,0,0,0,0,0,0,0,0,0,0,0,0,0,0,0,0,0,0,0,0,0,0,0,0,0,0,0,0,0,0,0,0,0,0,0,0,0,0,0,0,0,0,0,0,0,0,0,0,0,0,0,0,0,0,0,0,0,0,0,0,0,0,0,0,0,0,0,0,0,0,0,0,0,0,0,0,0,0,0,0,0,0,0,0,0,0,0,0,0,0,0,0,0,0,0,0,0,0,0,0,0,0,0,0,0,0,0,0,0,0,0,0,0,0,0,0,0,0,0,0,0,0,0,0,0,0,0,0,0,0,0,0,0,0,0,0,0,0,0,0,0,0,0,0,0,0,0,0,0,0,0,0,0,0,0,0,0,0,0,0,0,0,0,0,0,0,0,0,0,0,0,0,0,0,0,0,0,0,0,0,0,0,0,0,0,0
0,0,0,0,0,0,0,0,0,0,0,0,0,0,0,0,0,0,0,0,0,0,0,0,0,0,0,0,0,0,0,0,0,0,0,0,0,0,0,0,0,0,0,0,0,0,0,0,0,0,0,0,0,0,0,0,0,0,0,0,0,0,0,0,0,0,0,0,0,0,0,0,0,0,0,0,0,0,0,0,0,0,0,0,0,0,0,0,0,0,0,0,0,0,0,0,0,0,0,0,0,0,0,0,0,0,0,0,0,0,0,0,0,0,0,0,0,0,0,0,0,0,0,0,0,0,0,0,0,0,0,0,0,0,0,0,0,0,0,0,0,0,0,0,0,0,0,0,0,0,0,0,0,0,0,0,0,0,0,0,0,0,0,0,0,0,0,0,0,0,0,0,0,0,0,0,0,0,0,0,0,0,0,0,0,0,0,0,0,0,0,0,0,0,0,0,0,0
0,0,0,0,0,0,0,0,0,0,0,0,0,0,0,0,0,0,0,0,0,0,0,0,0,0,0,0,0,0,0,0,0,0,0,0,0,0,0,0,0,0,0,0,0,0,0,0,0,0,0,0,0,0,0,0,0,0,0,0,0,0,0,0,0,0,0,0,0,0,0,0,0,0,0,0,0,0,0,0,0,0,0,0,0,0,0,0,0,0,0,0,0,0,0,0,0,0,0,0,0,0,0,0,0,0,0,0,0,0,0,0,0,0,0,0,0,0,0,0,0,0,0,0,0,0,0,0,0,0,0,0,0,0,0,0,0,0,0,0,0,0,0,0,0,0,0,0,0,0,0,0,0,0,0,0,0,0,0,0,0,0,0,0,0,0,0,0,0,0,0,0,0,0,0,0,0,0,0,0,0,0,0,0,0,0,0,0,0,0,0,0,0,0,0,0,0,0
0,0,0,0,0,0,0,0,0,0,0,0,0,0,0,0,0,0,0,0,0,0,0,0,0,0,0,0,0,0,0,0,0,0,0,0,0,0,0,0,0,0,0,0,0,0,0,0,0,0,0,0,0,0,0,0,0,0,0,0,0,0,0,0,0,0,0,0,0,0,0,0,0,0,0,0,0,0,0,0,0,0,0,0,0,0,0,0,0,0,0,0,0,0,0,0,0,0,0,0,0,0,0,0,0,0,0,0,0,0,0,0,0,0,0,0,0,0,0,0,0,0,0,0,0,0,0,0,0,0,0,0,0,0,0,0,0,0,0,0,0,0,0,0,0,0,0,0,0,0,0,0,0,0,0,0,0,0,0,0,0,0,0,0,0,0,0,0,0,0,0,0,0,0,0,0,0,0,0,0,0,0,0,0,0,0,0,0,0,0,0,0,0,0,0,0,0,0
0,0,0,0,0,0,0,0,0,0,0,0,0,0,0,0,0,0,0,0,0,0,0,0,0,0,0,0,0,0,0,0,0,0,0,0,0,0,0,0,0,0,0,0,0,0,0,0,0,0,0,0,0,0,0,0,0,0,0,0,0,0,0,0,0,0,0,0,0,0,0,0,0,0,0,0,0,0,0,0,0,0,0,0,0,0,0,0,0,0,0,0,0,0,0,0,0,0,0,0,0,0,0,0,0,0,0,0,0,0,0,0,0,0,0,0,0,0,0,0,0,0,0,0,0,0,0,0,0,0,0,0,0,0,0,0,0,0,0,0,0,0,0,0,0,0,0,0,0,0,0,0,0,0,0,0,0,0,0,0,0,0,0,0,0,0,0,0,0,0,0,0,0,0,0,0,0,0,0,0,0,0,0,0,0,0,0,0,0,0,0,0,0,0,0,0,0,0
0,0,0,0,0,0,0,0,0,0,0,0,0,0,0,0,0,0,0,0,0,0,0,0,0,0,0,0,0,0,0,0,0,0,0,0,0,0,0,0,0,0,0,0,0,0,0,0,0,0,0,0,0,0,0,0,0,0,0,0,0,0,0,0,0,0,0,0,0,0,0,0,0,0,0,0,0,0,0,0,0,0,0,0,0,0,0,0,0,0,0,0,0,0,0,0,0,0,0,0,0,0,0,0,0,0,0,0,0,0,0,0,0,0,0,0,0,0,0,0,0,0,0,0,0,0,0,0,0,0,0,0,0,0,0,0,0,0,0,0,0,0,0,0,0,0,0,0,0,0,0,0,0,0,0,0,0,0,0,0,0,0,0,0,0,0,0,0,0,0,0,0,0,0,0,0,0,0,0,0,0,0,0,0,0,0,0,0,0,0,0,0,0,0,0,0,0,0
0,0,0,0,0,0,0,0,0,0,0,0,0,0,0,0,0,0,0,0,0,0,0,0,0,0,0,0,0,0,0,0,0,0,0,0,0,0,0,0,0,0,0,0,0,0,0,0,0,0,0,0,0,0,0,0,0,0,0,0,0,0,0,0,0,0,0,0,0,0,0,0,0,0,0,0,0,0,0,0,0,0,0,0,0,0,0,0,0,0,0,0,0,0,0,0,0,0,0,0,0,0,0,0,0,0,0,0,0,0,0,0,0,0,0,0,0,0,0,0,0,0,0,0,0,0,0,0,0,0,0,0,0,0,0,0,0,0,0,0,0,0,0,0,0,0,0,0,0,0,0,0,0,0,0,0,0,0,0,0,0,0,0,0,0,0,0,0,0,0,0,0,0,0,0,0,0,0,0,0,0,0,0,0,0,0,0,0,0,0,0,0,0,0,0,0,0,0
0,0,0,0,0,0,0,0,0,0,0,0,0,0,0,0,0,0,0,0,0,0,0,0,0,0,0,0,0,0,0,0,0,0,0,0,0,0,0,0,0,0,0,0,0,0,0,0,0,0,0,0,0,0,0,0,0,0,0,0,0,0,0,0,0,0,0,0,0,0,0,0,0,0,0,0,0,0,0,0,0,0,0,0,0,0,0,0,0,0,0,0,0,0,0,0,0,0,0,0,0,0,0,0,0,0,0,0,0,0,0,0,0,0,0,0,0,0,0,0,0,0,0,0,0,0,0,0,0,0,0,0,0,0,0,0,0,0,0,0,0,0,0,0,0,0,0,0,0,0,0,0,0,0,0,0,0,0,0,0,0,0,0,0,0,0,0,0,0,0,0,0,0,0,0,0,0,0,0,0,0,0,0,0,0,0,0,0,0,0,0,0,0,0,0,0,0,0
0,0,0,0,0,0,0,0,0,0,0,0,0,0,0,0,0,0,0,0,0,0,0,0,0,0,0,0,0,0,0,0,0,0,0,0,0,0,0,0,0,0,0,0,0,0,0,0,0,0,0,0,0,0,0,0,0,0,0,0,0,0,0,0,0,0,0,0,0,0,0,0,0,0,0,0,0,0,0,0,0,0,0,0,0,0,0,0,0,0,0,0,0,0,0,0,0,0,0,0,0,0,0,0,0,0,0,0,0,0,0,0,0,0,0,0,0,0,0,0,0,0,0,0,0,0,0,0,0,0,0,0,0,0,0,0,0,0,0,0,0,0,0,0,0,0,0,0,0,0,0,0,0,0,0,0,0,0,0,0,0,0,0,0,0,0,0,0,0,0,0,0,0,0,0,0,0,0,0,0,0,0,0,0,0,0,0,0,0,0,0,0,0,0,0,0,0,0
0,0,0,0,0,0,0,0,0,0,0,0,0,0,0,0,0,0,0,0,0,0,0,0,0,0,0,0,0,0,0,0,0,0,0,0,0,0,0,0,0,0,0,0,0,0,0,0,0,0,0,0,0,0,0,0,0,0,0,0,0,0,0,0,0,0,0,0,0,0,0,0,0,0,0,0,0,0,0,0,0,0,0,0,0,0,0,0,0,0,0,0,0,0,0,0,0,0,0,0,0,0,0,0,0,0,0,0,0,0,0,0,0,0,0,0,0,0,0,0,0,0,0,0,0,0,0,0,0,0,0,0,0,0,0,0,0,0,0,0,0,0,0,0,0,0,0,0,0,0,0,0,0,0,0,0,0,0,0,0,0,0,0,0,0,0,0,0,0,0,0,0,0,0,0,0,0,0,0,0,0,0,0,0,0,0,0,0,0,0,0,0,0,0,0,0,0,0
0,0,0,0,0,0,0,0,0,0,0,0,0,0,0,0,0,0,0,0,0,0,0,0,0,0,0,0,0,0,0,0,0,0,0,0,0,0,0,0,0,0,0,0,0,0,0,0,0,0,0,0,0,0,0,0,0,0,0,0,0,0,0,0,0,0,0,0,0,0,0,0,0,0,0,0,0,0,0,0,0,0,0,0,0,0,0,0,0,0,0,0,0,0,0,0,0,0,0,0,0,0,0,0,0,0,0,0,0,0,0,0,0,0,0,0,0,0,0,0,0,0,0,0,0,0,0,0,0,0,0,0,0,0,0,0,0,0,0,0,0,0,0,0,0,0,0,0,0,0,0,0,0,0,0,0,0,0,0,0,0,0,0,0,0,0,0,0,0,0,0,0,0,0,0,0,0,0,0,0,0,0,0,0,0,0,0,0,0,0,0,0,0,0,0,0,0,0
0,0,0,0,0,0,0,0,0,0,0,0,0,0,0,0,0,0,0,0,0,0,0,0,0,0,0,0,0,0,0,0,0,0,0,0,0,0,0,0,0,0,0,0,0,0,0,0,0,0,0,0,0,0,0,0,0,0,0,0,0,0,0,0,0,0,0,0,0,0,0,0,0,0,0,0,0,0,0,0,0,0,0,0,0,0,0,0,0,0,0,0,0,0,0,0,0,0,0,0,0,0,0,0,0,0,0,0,0,0,0,0,0,0,0,0,0,0,0,0,0,0,0,0,0,0,0,0,0,0,0,0,0,0,0,0,0,0,0,0,0,0,0,0,0,0,0,0,0,0,0,0,0,0,0,0,0,0,0,0,0,0,0,0,0,0,0,0,0,0,0,0,0,0,0,0,0,0,0,0,0,0,0,0,0,0,0,0,0,0,0,0,0,0,0,0,0,0
0,0,0,0,0,0,0,0,0,0,0,0,0,0,0,0,0,0,0,0,0,0,0,0,0,0,0,0,0,0,0,0,0,0,0,0,0,0,0,0,0,0,0,0,0,0,0,0,0,0,0,0,0,0,0,0,0,0,0,0,0,0,0,0,0,0,0,0,0,0,0,0,0,0,0,0,0,0,0,0,0,0,0,0,0,0,0,0,0,0,0,0,0,0,0,0,0,0,0,0,0,0,0,0,0,0,0,0,0,0,0,0,0,0,0,0,0,0,0,0,0,0,0,0,0,0,0,0,0,0,0,0,0,0,0,0,0,0,0,0,0,0,0,0,0,0,0,0,0,0,0,0,0,0,0,0,0,0,0,0,0,0,0,0,0,0,0,0,0,0,0,0,0,0,0,0,0,0,0,0,0,0,0,0,0,0,0,0,0,0,0,0,0,0,0,0,0,0
0,0,0,0,0,0,0,0,0,0,0,0,0,0,0,0,0,0,0,0,0,0,0,0,0,0,0,0,0,0,0,0,0,0,0,0,0,0,0,0,0,0,0,0,0,0,0,0,0,0,0,0,0,0,0,0,0,0,0,0,0,0,0,0,0,0,0,0,0,0,0,0,0,0,0,0,0,0,0,0,0,0,0,0,0,0,0,0,0,0,0,0,0,0,0,0,0,0,0,0,0,0,0,0,0,0,0,0,0,0,0,0,0,0,0,0,0,0,0,0,0,0,0,0,0,0,0,0,0,0,0,0,0,0,0,0,0,0,0,0,0,0,0,0,0,0,0,0,0,0,0,0,0,0,0,0,0,0,0,0,0,0,0,0,0,0,0,0,0,0,0,0,0,0,0,0,0,0,0,0,0,0,0,0,0,0,0,0,0,0,0,0,0,0,0,0,0,0
