0,0,0,0,0,0,0,0,0,0,0,0,0,0,0,0,0,0,0,0,0,0,0,0,0,0,0,0,0,0,0,0,0,0,0,0,0,0,0,0,0,0,0,0,0,0,0,0,0,0,0,0,0,0,0,0,0,0,0,0,0,0,0,0,0,0,0,0,0,0,0,0,0,0,0,0,0,0,0,0,0,0,0,0,0,0,0,0,0,0,0,0,0,0,0,0,0,0,0,0,0,0,0,0,0,0,0,0,0,0,0,0,0,0,0,0,0,0,0,0,0,0,0,0,0,0,0,0,0,0,0,0,0,0,0,0,0,0,0,0,0,0,0,0,0,0,0,0,0,0,0,0,0,0,0,0,0,0,0,0,0,0,0,0,0,0,0,0,0,0,0,0,0,0,0,0,0,0,0,0,0,0,0,0,0,0,0,0,0,0,0,0,0,0,0,0,0,0
0,0,0,0,0,0,0,0,0,0,0,0,0,0,0,0,0,0,0,0,0,0,0,0,0,0,0,0,0,0,0,0,0,0,0,0,0,0,0,0,0,0,0,0,0,0,0,0,0,0,0,0,0,0,0,0,0,0,0,0,0,0,0,0,0,0,0,0,0,0,0,0,0,0,0,0,0,0,0,0,0,0,0,0,0,0,0,0,0,0,0,0,0,0,0,0,0,0,0,0,0,0,0,0,0,0,0,0,0,0,0,0,0,0,0,0,0,0,0,0,0,0,0,0,0,0,0,0,0,0,0,0,0,0,0,0,0,0,0,0,0,0,0,0,0,0,0,0,0,0,0,0,0,0,0,0,0,0,0,0,0,0,0,0,0,0,0,0,0,0,0,0,0,0,0,0,0,0,0,0,0,0,0,0,0,0,0,0,0,0,0,0,0,0,0,0,0,0
0,0,0,0,0,0,0,0,0,0,0,0,0,0,0,0,0,0,0,0,0,0,0,0,0,0,0,0,0,0,0,0,0,0,0,0,0,0,0,0,0,0,0,0,0,0,0,0,0,0,0,0,0,0,0,0,0,0,0,0,0,0,0,0,0,0,0,0,0,0,0,0,0,0,0,0,0,0,0,0,0,0,0,0,0,0,0,0,0,0,0,0,0,0,0,0,0,0,0,0,0,0,0,0,0,0,0,0,0,0,0,0,0,0,0,0,0,0,0,0,0,0,0,0,0,0,0,0,0,0,0,0,0,0,0,0,0,0,0,0,0,0,0,0,0,0,0,0,0,0,0,0,0,0,0,0,0,0,0,0,0,0,0,0,0,0,0,0,0,0,0,0,0,0,0,0,0,0,0,0,0,0,0,0,0,0,0,0,0,0,0,0,0,0,0,0,0,0
0,0,0,0,0,0,0,0,0,0,0,0,0,0,0,0,0,0,0,0,0,0,0,0,0,0,0,0,0,0,0,0,0,0,0,0,0,0,0,0,0,0,0,0,0,0,0,0,0,0,0,0,0,0,0,0,0,0,0,0,0,0,0,0,0,0,0,0,0,0,0,0,0,0,0,0,0,0,0,0,0,0,0,0,0,0,0,0,0,0,0,0,0,0,0,0,0,0,0,0,0,0,0,0,0,0,0,0,0,0,0,0,0,0,0,0,0,0,0,0,0,0,0,0,0,0,0,0,0,0,0,0,0,0,0,0,0,0,0,0,0,0,0,0,0,0,0,0,0,0,0,0,0,0,0,0,0,0,0,0,0,0,0,0,0,0,0,0,0,0,0,0,0,0,0,0,0,0,0,0,0,0,0,0,0,0,0,0,0,0,0,0,0,0,0,0,0,0
0,0,0,0,0,0,0,0,0,0,0,0,0,0,0,0,0,0,0,0,0,0,0,0,0,0,0,0,0,0,0,0,0,0,0,0,0,0,0,0,0,0,0,0,0,0,0,0,0,0,0,0,0,0,0,0,0,0,0,0,0,0,0,0,0,0,0,0,0,0,0,0,0,0,0,0,0,0,0,0,0,0,0,0,0,0,0,0,0,0,0,0,0,0,0,0,0,0,0,0,0,0,0,0,0,0,0,0,0,0,0,0,0,0,0,0,0,0,0,0,0,0,0,0,0,0,0,0,0,0,0,0,0,0,0,0,0,0,0,0,0,0,0,0,0,0,0,0,0,0,0,0,0,0,0,0,0,0,0,0,0,0,0,0,0,0,0,0,0,0,0,0,0,0,0,0,0,0,0,0,0,0,0,0,0,0,0,0,0,0,0,0,0,0,0,0,0,0
0,0,0,0,0,0,0,0,0,0,0,0,0,0,0,0,0,0,0,0,0,0,0,0,0,0,0,0,0,0,0,0,0,0,0,0,0,0,0,0,0,0,0,0,0,0,0,0,0,0,0,0,0,0,0,0,0,0,0,0,0,0,0,0,0,0,0,0,0,0,0,0,0,0,0,0,0,0,0,0,0,0,0,0,0,0,0,0,0,0,0,0,0,0,0,0,0,0,0,0,0,0,0,0,0,0,0,0,0,0,0,0,0,0,0,0,0,0,0,0,0,0,0,0,0,0,0,0,0,0,0,0,0,0,0,0,0,0,0,0,0,0,0,0,0,0,0,0,0,0,0,0,0,0,0,0,0,0,0,0,0,0,0,0,0,0,0,0,0,0,0,0,0,0,0,0,0,0,0,0,0,0,0,0,0,0,0,0,0,0,0,0,0,0,0,0,0,0
0,0,0,0,0,0,0,0,0,0,0,0,0,0,0,0,0,0,0,0,0,0,0,0,0,0,0,0,0,0,0,0,0,0,0,0,0,0,0,0,0,0,0,0,0,0,0,0,0,0,0,0,0,0,0,0,0,0,0,0,0,0,0,0,0,0,0,0,0,0,0,0,0,0,0,0,0,0,0,0,0,0,0,0,0,0,0,0,0,0,0,0,0,0,0,0,0,0,0,0,0,0,0,0,0,0,0,0,0,0,0,0,0,0,0,0,0,0,0,0,0,0,0,0,0,0,0,0,0,0,0,0,0,0,0,0,0,0,0,0,0,0,0,0,0,0,0,0,0,0,0,0,0,0,0,0,0,0,0,0,0,0,0,0,0,0,0,0,0,0,0,0,0,0,0,0,0,0,0,0,0,0,0,0,0,0,0,0,0,0,0,0,0,0,0,0,0,0
0,0,0,0,0,0,0,0,0,0,0,0,0,0,0,0,0,0,0,0,0,0,0,0,0,0,0,0,0,0,0,0,0,0,0,0,0,0,0,0,0,0,0,0,0,0,0,0,0,0,0,0,0,0,0,0,0,0,0,0,0,0,0,0,0,0,0,0,0,0,0,0,0,0,0,0,0,0,0,0,0,0,0,0,0,0,0,0,0,0,0,0,0,0,0,0,0,0,0,0,0,0,0,0,0,0,0,0,0,0,0,0,0,0,0,0,0,0,0,0,0,0,0,0,0,0,0,0,0,0,0,0,0,0,0,0,0,0,0,0,0,0,0,0,0,0,0,0,0,0,0,0,0,0,0,0,0,0,0,0,0,0,0,0,0,0,0,0,0,0,0,0,0,0,0,0,0,0,0,0,0,0,0,0,0,0,0,0,0,0,0,0,0,0,0,0,0,0
0,0,0,0,0,0,0,0,0,0,0,0,0,0,0,0,0,0,0,0,0,0,0,0,0,0,0,0,0,0,0,0,0,0,0,0,0,0,0,0,0,0,0,0,0,0,0,0,0,0,0,0,0,0,0,0,0,0,0,0,0,0,0,0,0,0,0,0,0,0,0,0,0,0,0,0,0,0,0,0,0,0,0,0,0,0,0,0,0,0,0,0,0,0,0,0,0,0,0,0,0,0,0,0,0,0,0,0,0,0,0,0,0,0,0,0,0,0,0,0,0,0,0,0,0,0,0,0,0,0,0,0,0,0,0,0,0,0,0,0,0,0,0,0,0,0,0,0,0,0,0,0,0,0,0,0,0,0,0,0,0,0,0,0,0,0,0,0,0,0,0,0,0,0,0,0,0,0,0,0,0,0,0,0,0,0,0,0,0,0,0,0,0,0,0,0,0,0
0,0,0,0,0,0,0,0,0,0,0,0,0,0,0,0,0,0,0,0,0,0,0,0,0,0,0,0,0,0,0,0,0,0,0,0,0,0,0,0,0,0,0,0,0,0,0,0,0,0,0,0,0,0,0,0,0,0,0,0,0,0,0,0,0,0,0,0,0,0,0,0,0,0,0,0,0,0,0,0,0,0,0,0,0,0,0,0,0,0,0,0,0,0,0,0,0,0,0,0,0,0,0,0,0,0,0,0,0,0,0,0,0,0,0,0,0,0,0,0,0,0,0,0,0,0,0,0,0,0,0,0,0,0,0,0,0,0,0,0,0,0,0,0,0,0,0,0,0,0,0,0,0,0,0,0,0,0,0,0,0,0,0,0,0,0,0,0,0,0,0,0,0,0,0,0,0,0,0,0,0,0,0,0,0,0,0,0,0,0,0,0,0,0,0,0,0,0
0,0,0,0,0,0,0,0,0,0,0,0,0,0,0,0,0,0,0,0,0,0,0,0,0,0,0,0,0,0,0,0,0,0,0,0,0,0,0,0,0,0,0,0,0,0,0,0,0,0,0,0,0,0,0,0,0,0,0,0,0,0,0,0,0,0,0,0,0,0,0,0,0,0,0,0,0,0,0,0,0,0,0,0,0,0,0,0,0,0,0,0,0,0,0,0,0,0,0,0,0,0,0,0,0,0,0,0,0,0,0,0,0,0,0,0,0,0,0,0,0,0,0,0,0,0,0,0,0,0,0,0,0,0,0,0,0,0,0,0,0,0,0,0,0,0,0,0,0,0,0,0,0,0,0,0,0,0,0,0,0,0,0,0,0,0,0,0,0,0,0,0,0,0,0,0,0,0,0,0,0,0,0,0,0,0,0,0,0,0,0,0,0,0,0,0,0,0
0,0,0,0,0,0,0,0,0,0,0,0,0,0,0,0,0,0,0,0,0,0,0,0,0,0,0,0,0,0,0,0,0,0,0,0,0,0,0,0,0,0,0,0,0,0,0,0,0,0,0,0,0,0,0,0,0,0,0,0,0,0,0,0,0,0,0,0,0,0,0,0,0,0,0,0,0,0,0,0,0,0,0,0,0,0,0,0,0,0,0,0,0,0,0,0,0,0,0,0,0,0,0,0,0,0,0,0,0,0,0,0,0,0,0,0,0,0,0,0,0,0,0,0,0,0,0,0,0,0,0,0,0,0,0,0,0,0,0,0,0,0,0,0,0,0,0,0,0,0,0,0,0,0,0,0,0,0,0,0,0,0,0,0,0,0,0,0,0,0,0,0,0,0,0,0,0,0,0,0,0,0,0,0,0,0,0,0,0,0,0,0,0,0,0,0,0,0
0,0,0,0,0,0,0,0,0,0,0,0,0,0,0,0,0,0,0,0,0,0,0,0,0,0,0,0,0,0,0,0,0,0,0,0,0,0,0,0,0,0,0,0,0,0,0,0,0,0,0,0,0,0,0,0,0,0,0,0,0,0,0,0,0,0,0,0,0,0,0,0,0,0,0,0,0,0,0,0,0,0,0,0,0,0,0,0,0,0,0,0,0,0,0,0,0,0,0,0,0,0,0,0,0,0,0,0,0,0,0,0,0,0,0,0,0,0,0,0,0,0,0,0,0,0,0,0,0,0,0,0,0,0,0,0,0,0,0,0,0,0,0,0,0,0,0,0,0,0,0,0,0,0,0,0,0,0,0,0,0,0,0,0,0,0,0,0,0,0,0,0,0,0,0,0,0,0,0,0,0,0,0,0,0,0,0,0,0,0,0,0,0,0,0,0,0,0
0,0,0,0,0,0,0,0,0,0,0,0,0,0,0,0,0,0,0,0,0,0,0,0,0,0,0,0,0,0,0,0,0,0,0,0,0,0,0,0,0,0,0,0,0,0,0,0,0,0,0,0,0,0,0,0,0,0,0,0,0,0,0,0,0,0,0,0,0,0,0,0,0,0,0,0,0,0,0,0,0,0,0,0,0,0,0,0,0,0,0,0,0,0,0,0,0,0,0,0,0,0,0,0,0,0,0,0,0,0,0,0,0,0,0,0,0,0,0,0,0,0,0,0,0,0,0,0,0,0,0,0,0,0,0,0,0,0,0,0,0,0,0,0,0,0,0,0,0,0,0,0,0,0,0,0,0,0,0,0,0,0,0,0,0,0,0,0,0,0,0,0,0,0,0,0,0,0,0,0,0,0,0,0,0,0,0,0,0,0,0,0,0,0,0,0,0,0
0,0,0,0,0,0,0,0,0,0,0,0,0,0,0,0,0,0,0,0,0,0,0,0,0,0,0,0,0,0,0,0,0,0,0,0,0,0,0,0,0,0,0,0,0,0,0,0,0,0,0,0,0,0,0,0,0,0,0,0,0,0,0,0,0,0,0,0,0,0,0,0,0,0,0,0,0,0,0,0,0,0,0,0,0,0,0,0,0,0,0,0,0,0,0,0,0,0,0,0,0,0,0,0,0,0,0,0,0,0,0,0,0,0,0,0,0,0,0,0,0,0,0,0,0,0,0,0,0,0,0,0,0,0,0,0,0,0,0,0,0,0,0,0,0,0,0,0,0,0,0,0,0,0,0,0,0,0,0,0,0,0,0,0,0,0,0,0,0,0,0,0,0,0,0,0,0,0,0,0,0,0,0,0,0,0,0,0,0,0,0,0,0,0,0,0,0,0
0,0,0,0,0,0,0,0,0,0,0,0,0,0,0,0,0,0,0,0,0,0,0,0,0,0,0,0,0,0,0,0,0,0,0,0,0,0,0,0,0,0,0,0,0,0,0,0,0,0,0,0,0,0,0,0,0,0,0,0,0,0,0,0,0,0,0,0,0,0,0,0,0,0,0,0,0,0,0,0,0,0,0,0,0,0,0,0,0,0,0,0,0,0,0,0,0,0,0,0,0,0,0,0,0,0,0,0,0,0,0,0,0,0,0,0,0,0,0,0,0,0,0,0,0,0,0,0,0,0,0,0,0,0,0,0,0,0,0,0,0,0,0,0,0,0,0,0,0,0,0,0,0,0,0,0,0,0,0,0,0,0,0,0,0,0,0,0,0,0,0,0,0,0,0,0,0,0,0,0,0,0,0,0,0,0,0,0,0,0,0,0,0,0,0,0,0,0
0,0,0,0,0,0,0,0,0,0,0,0,0,0,0,0,0,0,0,0,0,0,0,0,0,0,0,0,0,0,0,0,0,0,0,0,0,0,0,0,0,0,0,0,0,0,0,0,0,0,0,0,0,0,0,0,0,0,0,0,0,0,0,0,0,0,0,0,0,0,0,0,0,0,0,0,0,0,0,0,0,0,0,0,0,0,0,0,0,0,0,0,0,0,0,0,0,0,0,0,0,0,0,0,0,0,0,0,0,0,0,0,0,0,0,0,0,0,0,0,0,0,0,0,0,0,0,0,0,0,0,0,0,0,0,0,0,0,0,0,0,0,0,0,0,0,0,0,0,0,0,0,0,0,0,0,0,0,0,0,0,0,0,0,0,0,0,0,0,0,0,0,0,0,0,0,0,0,0,0,0,0,0,0,0,0,0,0,0,0,0,0,0,0,0,0,0,0
0,0,0,0,0,0,0,0,0,0,0,0,0,0,0,0,0,0,0,0,0,0,0,0,0,0,0,0,0,0,0,0,0,0,0,0,0,0,0,0,0,0,0,0,0,0,0,0,0,0,0,0,0,0,0,0,0,0,0,0,0,0,0,0,0,0,0,0,0,0,0,0,0,0,0,0,0,0,0,0,0,0,0,0,0,0,0,0,0,0,0,0,0,0,0,0,0,0,0,0,0,0,0,0,0,0,0,0,0,0,0,0,0,0,0,0,0,0,0,0,0,0,0,0,0,0,0,0,0,0,0,0,0,0,0,0,0,0,0,0,0,0,0,0,0,0,0,0,0,0,0,0,0,0,0,0,0,0,0,0,0,0,0,0,0,0,0,0,0,0,0,0,0,0,0,0,0,0,0,0,0,0,0,0,0,0,0,0,0,0,0,0,0,0,0,0,0,0
0,0,0,0,0,0,0,0,0,0,0,0,0,0,0,0,0,0,0,0,0,0,0,0,0,0,0,0,0,0,0,0,0,0,0,0,0,0,0,0,0,0,0,0,0,0,0,0,0,0,0,0,0,0,0,0,0,0,0,0,0,0,0,0,0,0,0,0,0,0,0,0,0,0,0,0,0,0,0,0,0,0,0,0,0,0,0,0,0,0,0,0,0,0,0,0,0,0,0,0,0,0,0,0,0,0,0,0,0,0,0,0,0,0,0,0,0,0,0,0,0,0,0,0,0,0,0,0,0,0,0,0,0,0,0,0,0,0,0,0,0,0,0,0,0,0,0,0,0,0,0,0,0,0,0,0,0,0,0,0,0,0,0,0,0,0,0,0,0,0,0,0,0,0,0,0,0,0,0,0,0,0,0,0,0,0,0,0,0,0,0,0,0,0,0,0,0,0
0,0,0,0,0,0,0,0,0,0,0,0,0,0,0,0,0,0,0,0,0,0,0,0,0,0,0,0,0,0,0,0,0,0,0,0,0,0,0,0,0,0,0,0,0,0,0,0,0,0,0,0,0,0,0,0,0,0,0,0,0,0,0,0,0,0,0,0,0,0,0,0,0,0,0,0,0,0,0,0,0,0,0,0,0,0,0,0,0,0,0,0,0,0,0,0,0,0,0,0,0,0,0,0,0,0,0,0,0,0,0,0,0,0,0,0,0,0,0,0,0,0,0,0,0,0,0,0,0,0,0,0,0,0,0,0,0,0,0,0,0,0,0,0,0,0,0,0,0,0,0,0,0,0,0,0,0,0,0,0,0,0,0,0,0,0,0,0,0,0,0,0,0,0,0,0,0,0,0,0,0,0,0,0,0,0,0,0,0,0,0,0,0,0,0,0,0,0
0,0,0,0,0,0,0,0,0,0,0,0,0,0,0,0,0.7451227,0.7451227,0.7451227,0.7451227,0.7451227,0.7451227,0.7451227,0.7451227,0.7451227,0.7451227,0.7451227,0.7451227,0.7451227,0.7451227,0.7451227,0.7451227,0.7451227,0.7451227,0.7451227,0.7451227,0.7451227,0.7451227,0.7451227,0.7451227,0.7451227,0.7451227,0.7451227,0.7451227,0.7451227,0.7451227,0.7451227,0.7451227,0.7451227,0.7451227,0.7451227,0.7451227,0.7451227,0.7451227,0.7451227,0.7451227,0.7451227,0.7451227,0.7451227,0.7451227,0.7451227,0.7451227,0.7451227,0.7451227,0.7451227,0.7451227,0.7451227,0.7451227,0.7451227,0.7451227,0.7451227,0.7451227,0.7451227,0.7451227,0.7451227,0.7451227,0.7451227,0.7451227,0.7451227,0.7451227,0.7451227,0.7451227,0.7451227,0.7451227,0.7451227,0.7451227,0.7451227,0.7451227,0.7451227,0.7451227,0.7451227,0.7451227,0.7451227,0.7451227,0.7451227,0.7451227,0.7451227,0.7451227,0.7451227,0.7451227,0.7451227,0.7451227,0.7451227,0.7451227,0.7451227,0.7451227,0.7451227,0.7451227,0.7451227,0.7451227,0.7451227,0.7451227,0.7451227,0.7451227,0.7451227,0.7451227,0.7451227,0.7451227,0.7451227,0.7451227,0.7451227,0.7451227,0.7451227,0.7451227,0.7451227,0.7451227,0.7451227,0.7451227,0.7451227,0.7451227,0.7451227,0.7451227,0.7451227,0.7451227,0.7451227,0.7451227,0.7451227,0.7451227,0.7451227,0.7451227,0.7451227,0.7451227,0.7451227,0.7451227,0.7451227,0.7451227,0.7451227,0.7451227,0.7451227,0.7451227,0.7451227,0.7451227,0.7451227,0.7451227,0.7451227,0.7451227,0.7451227,0.7451227,0.7451227,0.7451227,0.7451227,0.7451227,0.7451227,0.7451227,0.7451227,0.7451227,0.7451227,0.7451227,0.7451227,0.7451227,0.7451227,0.7451227,0.7451227,0.7451227,0.7451227,0.7451227,0.7451227,0.7451227,0.7451227,0.7451227,0.7451227,0.7451227,0.7451227,0.7451227,0.7451227,0.7451227,0.7451227,0.7451227,0.7451227,0.7451227,0.7451227,0.7451227,0.7451227,0.7451227,0.7451227,0.7451227,0.7451227,0
0,0.7451227,0.7451227,0.7451227,0.7451227,0.7451227,0.7451227,0.7451227,0.7451227,0.7451227,0.7451227,0.7451227,0.7451227,0.7451227,0.7451227,0.7451227,0.7451227,0.7451227,0.7451227,0.7451227,0.7451227,0.7451227,0.7451227,0.7451227,0.7451227,0.7451227,0.7451227,0.7451227,0.7451227,0.7451227,0.7451227,0.7451227,0.7451227,0.7451227,0.7451227,0.7451227,0.7451227,0.7451227,0.7451227,0.7451227,0.7451227,0.7451227,0.7451227,0.7451227,0.7451227,0.7451227,0.7451227,0.7451227,0.7451227,0.7451227,0.7451227,0.7451227,0.7451227,0.7451227,0.7451227,0.7451227,0.7451227,0.7451227,0.7451227,0.7451227,0.7451227,0.7451227,0.7451227,0.7451227,0.7451227,0.7451227,0.7451227,0.7451227,0.7451227,0.7451227,0.7451227,0.7451227,0.7451227,0.7451227,0.7451227,0.7451227,0.7451227,0.7451227,0.7451227,0.7451227,0.7451227,0.7451227,0.7451227,0.7451227,0.7451227,0.7451227,0.7451227,0.7451227,0.7451227,0.7451227,0.7451227,0.7451227,0.7451227,0.7451227,0.7451227,0.7451227,0.7451227,0.7451227,0.7451227,0.7451227,0.7451227,0.7451227,0.7451227,0.7451227,0.7451227,0.7451227,0.7451227,0.7451227,0.7451227,0.7451227,0.7451227,0.7451227,0.7451227,0.7451227,0.7451227,0.7451227,0.7451227,0.7451227,0.7451227,0.7451227,0.7451227,0.7451227,0.7451227,0.7451227,0.7451227,0.7451227,0.7451227,0.7451227,0.7451227,0.7451227,0.7451227,0.7451227,0.7451227,0.7451227,0.7451227,0.7451227,0.7451227,0.7451227,0.7451227,0.7451227,0.7451227,0.7451227,0.7451227,0.7451227,0.7451227,0.7451227,0.7451227,0.7451227,0.7451227,0.7451227,0.7451227,0.7451227,0.7451227,0.7451227,0.7451227,0.7451227,0.7451227,0.7451227,0.7451227,0.7451227,0.7451227,0.7451227,0.7451227,0.7451227,0.7451227,0.7451227,0.7451227,0.7451227,0.7451227,0.7451227,0.7451227,0.7451227,0.7451227,0.7451227,0.7451227,0.7451227,0.7451227,0.7451227,0.7451227,0.7451227,0.7451227,0.7451227,0.7451227,0.7451227,0.7451227,0.7451227,0.7451227,0.7451227,0.7451227,0.7451227,0.7451227,0.7451227,0.7451227,0.7451227,0.7451227,0.7451227,0.7451227,0
0,0.7451227,0.7451227,0.7451227,0.7451227,0.7451227,0.7451227,0.7451227,0.7451227,0.7451227,0.7451227,0.7451227,0.7451227,0.7451227,0.7451227,0.7451227,0.7451227,0.7451227,0.7451227,0.7451227,0.7451227,0.7451227,0.7451227,0.7451227,0.7451227,0.7451227,0.7451227,0.7451227,0.7451227,0.7451227,0.7451227,0.7451227,0.7451227,0.7451227,0.7451227,0.7451227,0.7451227,0.7451227,0.7451227,0.7451227,0.7451227,0.7451227,0.7451227,0.7451227,0.7451227,0.7451227,0.7451227,0.7451227,0.7451227,0.7451227,0.7451227,0.7451227,0.7451227,0.7451227,0.7451227,0.7451227,0.7451227,0.7451227,0.7451227,0.7451227,0.7451227,0.7451227,0.7451227,0.7451227,0.7451227,0.7451227,0.7451227,0.7451227,0.7451227,0.7451227,0.7451227,0.7451227,0.7451227,0.7451227,0.7451227,0.7451227,0.7451227,0.7451227,0.7451227,0.7451227,0.7451227,0.7451227,0.7451227,0.7451227,0.7451227,0.7451227,0.7451227,0.7451227,0.7451227,0.7451227,0.7451227,0.7451227,0.7451227,0.7451227,0.7451227,0.7451227,0.7451227,0.7451227,0.7451227,0.7451227,0.7451227,0.7451227,0.7451227,0.7451227,0.7451227,0.7451227,0.7451227,0.7451227,0.7451227,0.7451227,0.7451227,0.7451227,0.7451227,0.7451227,0.7451227,0.7451227,0.7451227,0.7451227,0.7451227,0.7451227,0.7451227,0.7451227,0.7451227,0.7451227,0.7451227,0.7451227,0.7451227,0.7451227,0.7451227,0.7451227,0.7451227,0.7451227,0.7451227,0.7451227,0.7451227,0.7451227,0.7451227,0.7451227,0.7451227,0.7451227,0.7451227,0.7451227,0.7451227,0.7451227,0.7451227,0.7451227,0.7451227,0.7451227,0.7451227,0.7451227,0.7451227,0.7451227,0.7451227,0.7451227,0.7451227,0.7451227,0.7451227,0.7451227,0.7451227,0.7451227,0.7451227,0.7451227,0.7451227,0.7451227,0.7451227,0.7451227,0.7451227,0.7451227,0.7451227,0.7451227,0.7451227,0.7451227,0.7451227,0.7451227,0.7451227,0.7451227,0.7451227,0.7451227,0.7451227,0.7451227,0.7451227,0.7451227,0.7451227,0.7451227,0.7451227,0.7451227,0.7451227,0.7451227,0.7451227,0.7451227,0.7451227,0.7451227,0.7451227,0.7451227,0.7451227,0.7451227,0.7451227,0
0,0.7451227,0.7451227,0.7451227,0.7451227,0.7451227,0.7451227,0.7451227,0.7451227,0.7451227,0.7451227,0.7451227,0.7451227,0.7451227,0.7451227,0.7451227,0.7451227,0.7451227,0.7451227,0.7451227,0.7451227,0.7451227,0.7451227,0.7451227,0.7451227,0.7451227,0.7451227,0.7451227,0.7451227,0.7451227,0.7451227,0.7451227,0.7451227,0.7451227,0.7451227,0.7451227,0.7451227,0.7451227,0.7451227,0.7451227,0.7451227,0.7451227,0.7451227,0.7451227,0.7451227,0.7451227,0.7451227,0.7451227,0.7451227,0.7451227,0.7451227,0.7451227,0.7451227,0.7451227,0.7451227,0.7451227,0.7451227,0.7451227,0.7451227,0.7451227,0.7451227,0.7451227,0.7451227,0.7451227,0.7451227,0.7451227,0.7451227,0.7451227,0.7451227,0.7451227,0.7451227,0.7451227,0.7451227,0.7451227,0.7451227,0.7451227,0.7451227,0.7451227,0.7451227,0.7451227,0.7451227,0.7451227,0.7451227,0.7451227,0.7451227,0.7451227,0.7451227,0.7451227,0.7451227,0.7451227,0.7451227,0.7451227,0.7451227,0.7451227,0.7451227,0.7451227,0.7451227,0.7451227,0.7451227,0.7451227,0.7451227,0.7451227,0.7451227,0.7451227,0.7451227,0.7451227,0.7451227,0.7451227,0.7451227,0.7451227,0.7451227,0.7451227,0.7451227,0.7451227,0.7451227,0.7451227,0.7451227,0.7451227,0.7451227,0.7451227,0.7451227,0.7451227,0.7451227,0.7451227,0.7451227,0.7451227,0.7451227,0.7451227,0.7451227,0.7451227,0.7451227,0.7451227,0.7451227,0.7451227,0.7451227,0.7451227,0.7451227,0.7451227,0.7451227,0.7451227,0.7451227,0.7451227,0.7451227,0.7451227,0.7451227,0.7451227,0.7451227,0.7451227,0.7451227,0.7451227,0.7451227,0.7451227,0.7451227,0.7451227,0.7451227,0.7451227,0.7451227,0.7451227,0.7451227,0.7451227,0.7451227,0.7451227,0.7451227,0.7451227,0.7451227,0.7451227,0.7451227,0.7451227,0.7451227,0.7451227,0.7451227,0.7451227,0.7451227,0.7451227,0.7451227,0.7451227,0.7451227,0.7451227,0.7451227,0.7451227,0.7451227,0.7451227,0.7451227,0.7451227,0.7451227,0.7451227,0.7451227,0.7451227,0.7451227,0.7451227,0.7451227,0.7451227,0.7451227,0.7451227,0.7451227,0.7451227,0.7451227,0
0,0.7451227,0.7451227,0.7451227,0.7451227,0.7451227,0.7451227,0.7451227,0.7451227,0.7451227,0.7451227,0.7451227,0.7451227,0.7451227,0.7451227,0.7451227,0.7451227,0.7451227,0.7451227,0.7451227,0.7451227,0.7451227,0.7451227,0.7451227,0.7451227,0.7451227,0.7451227,0.7451227,0.7451227,0.7451227,0.7451227,0.7451227,0.7451227,0.7451227,0.7451227,0.7451227,0.7451227,0.7451227,0.7451227,0.7451227,0.7451227,0.7451227,0.7451227,0.7451227,0.7451227,0.7451227,0.7451227,0.7451227,0.7451227,0.7451227,0.7451227,0.7451227,0.7451227,0.7451227,0.7451227,0.7451227,0.7451227,0.7451227,0.7451227,0.7451227,0.7451227,0.7451227,0.7451227,0.7451227,0.7451227,0.7451227,0.7451227,0.7451227,0.7451227,0.7451227,0.7451227,0.7451227,0.7451227,0.7451227,0.7451227,0.7451227,0.7451227,0.7451227,0.7451227,0.7451227,0.7451227,0.7451227,0.7451227,0.7451227,0.7451227,0.7451227,0.7451227,0.7451227,0.7451227,0.7451227,0.7451227,0.7451227,0.7451227,0.7451227,0.7451227,0.7451227,0.7451227,0.7451227,0.7451227,0.7451227,0.7451227,0.7451227,0.7451227,0.7451227,0.7451227,0.7451227,0.7451227,0.7451227,0.7451227,0.7451227,0.7451227,0.7451227,0.7451227,0.7451227,0.7451227,0.7451227,0.7451227,0.7451227,0.7451227,0.7451227,0.7451227,0.7451227,0.7451227,0.7451227,0.7451227,0.7451227,0.7451227,0.7451227,0.7451227,0.7451227,0.7451227,0.7451227,0.7451227,0.7451227,0.7451227,0.7451227,0.7451227,0.7451227,0.7451227,0.7451227,0.7451227,0.7451227,0.7451227,0.7451227,0.7451227,0.7451227,0.7451227,0.7451227,0.7451227,0.7451227,0.7451227,0.7451227,0.7451227,0.7451227,0.7451227,0.7451227,0.7451227,0.7451227,0.7451227,0.7451227,0.7451227,0.7451227,0.7451227,0.7451227,0.7451227,0.7451227,0.7451227,0.7451227,0.7451227,0.7451227,0.7451227,0.7451227,0.7451227,0.7451227,0.7451227,0.7451227,0.7451227,0.7451227,0.7451227,0.7451227,0.7451227,0.7451227,0.7451227,0.7451227,0.7451227,0.7451227,0.7451227,0.7451227,0.7451227,0.7451227,0.7451227,0.7451227,0.7451227,0.7451227,0.7451227,0.7451227,0.7451227,0
0,0.7451227,0.7451227,0.7451227,0.7451227,0.7451227,0.7451227,0.7451227,0.7451227,0.7451227,0.7451227,0.7451227,0.7451227,0.7451227,0.7451227,0.7451227,0.7451227,0.7451227,0.7451227,0.7451227,0.7451227,0.7451227,0.7451227,0.7451227,0.7451227,0.7451227,0.7451227,0.7451227,0.7451227,0.7451227,0.7451227,0.7451227,0.7451227,0.7451227,0.7451227,0.7451227,0.7451227,0.7451227,0.7451227,0.7451227,0.7451227,0.7451227,0.7451227,0.7451227,0.7451227,0.7451227,0.7451227,0.7451227,0.7451227,0.7451227,0.7451227,0.7451227,0.7451227,0.7451227,0.7451227,0.7451227,0.7451227,0.7451227,0.7451227,0.7451227,0.7451227,0.7451227,0.7451227,0.7451227,0.7451227,0.7451227,0.7451227,0.7451227,0.7451227,0.7451227,0.7451227,0.7451227,0.7451227,0.7451227,0.7451227,0.7451227,0.7451227,0.7451227,0.7451227,0.7451227,0.7451227,0.7451227,0.7451227,0.7451227,0.7451227,0.7451227,0.7451227,0.7451227,0.7451227,0.7451227,0.7451227,0.7451227,0.7451227,0.7451227,0.7451227,0.7451227,0.7451227,0.7451227,0.7451227,0.7451227,0.7451227,0.7451227,0.7451227,0.7451227,0.7451227,0.7451227,0.7451227,0.7451227,0.7451227,0.7451227,0.7451227,0.7451227,0.7451227,0.7451227,0.7451227,0.7451227,0.7451227,0.7451227,0.7451227,0.7451227,0.7451227,0.7451227,0.7451227,0.7451227,0.7451227,0.7451227,0.7451227,0.7451227,0.7451227,0.7451227,0.7451227,0.7451227,0.7451227,0.7451227,0.7451227,0.7451227,0.7451227,0.7451227,0.7451227,0.7451227,0.7451227,0.7451227,0.7451227,0.7451227,0.7451227,0.7451227,0.7451227,0.7451227,0.7451227,0.7451227,0.7451227,0.7451227,0.7451227,0.7451227,0.7451227,0.7451227,0.7451227,0.7451227,0.7451227,0.7451227,0.7451227,0.7451227,0.7451227,0.7451227,0.7451227,0.7451227,0.7451227,0.7451227,0.7451227,0.7451227,0.7451227,0.7451227,0.7451227,0.7451227,0.7451227,0.7451227,0.7451227,0.7451227,0.7451227,0.7451227,0.7451227,0.7451227,0.7451227,0.7451227,0.7451227,0.7451227,0.7451227,0.7451227,0.7451227,0.7451227,0.7451227,0.7451227,0.7451227,0.7451227,0.7451227,0.7451227,0.7451227,0
0,0.7451227,0.7451227,0.7451227,0.7451227,0.7451227,0.7451227,0.7451227,0.7451227,0.7451227,0.7451227,0.7451227,0.7451227,0.7451227,0.7451227,0.7451227,0.7451227,0.7451227,0.7451227,0.7451227,0.7451227,0.7451227,0.7451227,0.7451227,0.7451227,0.7451227,0.7451227,0.7451227,0.7451227,0.7451227,0.7451227,0.7451227,0.7451227,0.7451227,0.7451227,0.7451227,0.7451227,0.7451227,0.7451227,0.7451227,0.7451227,0.7451227,0.7451227,0.7451227,0.7451227,0.7451227,0.7451227,0.7451227,0.7451227,0.7451227,0.7451227,0.7451227,0.7451227,0.7451227,0.7451227,0.7451227,0.7451227,0.7451227,0.7451227,0.7451227,0.7451227,0.7451227,0.7451227,0.7451227,0.7451227,0.7451227,0.7451227,0.7451227,0.7451227,0.7451227,0.7451227,0.7451227,0.7451227,0.7451227,0.7451227,0.7451227,0.7451227,0.7451227,0.7451227,0.7451227,0.7451227,0.7451227,0.7451227,0.7451227,0.7451227,0.7451227,0.7451227,0.7451227,0.7451227,0.7451227,0.7451227,0.7451227,0.7451227,0.7451227,0.7451227,0.7451227,0.7451227,0.7451227,0.7451227,0.7451227,0.7451227,0.7451227,0.7451227,0.7451227,0.7451227,0.7451227,0.7451227,0.7451227,0.7451227,0.7451227,0.7451227,0.7451227,0.7451227,0.7451227,0.7451227,0.7451227,0.7451227,0.7451227,0.7451227,0.7451227,0.7451227,0.7451227,0.7451227,0.7451227,0.7451227,0.7451227,0.7451227,0.7451227,0.7451227,0.7451227,0.7451227,0.7451227,0.7451227,0.7451227,0.7451227,0.7451227,0.7451227,0.7451227,0.7451227,0.7451227,0.7451227,0.7451227,0.7451227,0.7451227,0.7451227,0.7451227,0.7451227,0.7451227,0.7451227,0.7451227,0.7451227,0.7451227,0.7451227,0.7451227,0.7451227,0.7451227,0.7451227,0.7451227,0.7451227,0.7451227,0.7451227,0.7451227,0.7451227,0.7451227,0.7451227,0.7451227,0.7451227,0.7451227,0.7451227,0.7451227,0.7451227,0.7451227,0.7451227,0.7451227,0.7451227,0.7451227,0.7451227,0.7451227,0.7451227,0.7451227,0.7451227,0.7451227,0.7451227,0.7451227,0.7451227,0.7451227,0.7451227,0.7451227,0.7451227,0.7451227,0.7451227,0.7451227,0.7451227,0.7451227,0.7451227,0.7451227,0.7451227,0
0,0.7451227,0.7451227,0.7451227,0.7451227,0.7451227,0.7451227,0.7451227,0.7451227,0.7451227,0.7451227,0.7451227,0.7451227,0.7451227,0.7451227,0.7451227,0.7451227,0.7451227,0.7451227,0.7451227,0.7451227,0.7451227,0.7451227,0.7451227,0.7451227,0.7451227,0.7451227,0.7451227,0.7451227,0.7451227,0.7451227,0.7451227,0.7451227,0.7451227,0.7451227,0.7451227,0.7451227,0.7451227,0.7451227,0.7451227,0.7451227,0.7451227,0.7451227,0.7451227,0.7451227,0.7451227,0.7451227,0.7451227,0.7451227,0.7451227,0.7451227,0.7451227,0.7451227,0.7451227,0.7451227,0.7451227,0.7451227,0.7451227,0.7451227,0.7451227,0.7451227,0.7451227,0.7451227,0.7451227,0.7451227,0.7451227,0.7451227,0.7451227,0.7451227,0.7451227,0.7451227,0.7451227,0.7451227,0.7451227,0.7451227,0.7451227,0.7451227,0.7451227,0.7451227,0.7451227,0.7451227,0.7451227,0.7451227,0.7451227,0.7451227,0.7451227,0.7451227,0.7451227,0.7451227,0.7451227,0.7451227,0.7451227,0.7451227,0.7451227,0.7451227,0.7451227,0.7451227,0.7451227,0.7451227,0.7451227,0.7451227,0.7451227,0.7451227,0.7451227,0.7451227,0.7451227,0.7451227,0.7451227,0.7451227,0.7451227,0.7451227,0.7451227,0.7451227,0.7451227,0.7451227,0.7451227,0.7451227,0.7451227,0.7451227,0.7451227,0.7451227,0.7451227,0.7451227,0.7451227,0.7451227,0.7451227,0.7451227,0.7451227,0.7451227,0.7451227,0.7451227,0.7451227,0.7451227,0.7451227,0.7451227,0.7451227,0.7451227,0.7451227,0.7451227,0.7451227,0.7451227,0.7451227,0.7451227,0.7451227,0.7451227,0.7451227,0.7451227,0.7451227,0.7451227,0.7451227,0.7451227,0.7451227,0.7451227,0.7451227,0.7451227,0.7451227,0.7451227,0.7451227,0.7451227,0.7451227,0.7451227,0.7451227,0.7451227,0.7451227,0.7451227,0.7451227,0.7451227,0.7451227,0.7451227,0.7451227,0.7451227,0.7451227,0.7451227,0.7451227,0.7451227,0.7451227,0.7451227,0.7451227,0.7451227,0.7451227,0.7451227,0.7451227,0.7451227,0.7451227,0.7451227,0.7451227,0.7451227,0.7451227,0.7451227,0.7451227,0.7451227,0.7451227,0.7451227,0.7451227,0.7451227,0.7451227,0.7451227,0
0,0.7451227,0.7451227,0.7451227,0.7451227,0.7451227,0.7451227,0.7451227,0.7451227,0.7451227,0.7451227,0.7451227,0.7451227,0.7451227,0.7451227,0.7451227,0.7451227,0.7451227,0.7451227,0.7451227,0.7451227,0.7451227,0.7451227,0.7451227,0.7451227,0.7451227,0.7451227,0.7451227,0.7451227,0.7451227,0.7451227,0.7451227,0.7451227,0.7451227,0.7451227,0.7451227,0.7451227,0.7451227,0.7451227,0.7451227,0.7451227,-0.5948895,-0.5948895,-0.5948895,-0.5948895,-0.5948895,-0.5948895,-0.5948895,-0.5948895,-0.5948895,-0.5948895,-0.5948895,-0.5948895,-0.5948895,-0.5948895,-0.5948895,-0.5948895,-0.5948895,-0.5948895,-0.5948895,-0.5948895,-0.5948895,-0.5948895,-0.5948895,-0.5948895,-0.5948895,-0.5948895,-0.5948895,-0.5948895,-0.5948895,-0.5948895,-0.5948895,-0.5948895,-0.5948895,-0.5948895,-0.5948895,-0.5948895,-0.5948895,-0.5948895,-0.5948895,-0.5948895,-0.5948895,-0.5948895,-0.5948895,-0.5948895,-0.5948895,-0.5948895,-0.5948895,-0.5948895,-0.5948895,-0.5948895,-0.5948895,-0.5948895,-0.5948895,-0.5948895,-0.5948895,-0.5948895,-0.5948895,-0.5948895,-0.5948895,-0.5948895,-0.5948895,-0.5948895,-0.5948895,-0.5948895,-0.5948895,-0.5948895,-0.5948895,-0.5948895,-0.5948895,-0.5948895,-0.5948895,-0.5948895,-0.5948895,-0.5948895,-0.5948895,-0.5948895,-0.5948895,-0.5948895,-0.5948895,-0.5948895,-0.5948895,-0.5948895,-0.5948895,-0.5948895,-0.5948895,-0.5948895,-0.5948895,-0.5948895,-0.5948895,-0.5948895,-0.5948895,-0.5948895,-0.5948895,-0.5948895,-0.5948895,-0.5948895,-0.5948895,-0.5948895,-0.5948895,-0.5948895,-0.5948895,-0.5948895,-0.5948895,-0.5948895,-0.5948895,-0.5948895,-0.5948895,-0.5948895,-0.5948895,-0.5948895,-0.5948895,-0.5948895,-0.5948895,-0.5948895,-0.5948895,-0.5948895,-0.5948895,-0.5948895,-0.5948895,-0.5948895,-0.5948895,-0.5948895,-0.5948895,-0.5948895,-0.5948895,-0.5948895,-0.5948895,-0.5948895,-0.5948895,-0.5948895,-0.5948895,-0.5948895,-0.5948895,-0.5948895,-0.5948895,-0.5948895,-0.5948895,-0.5948895,-0.5948895,-0.5948895,-0.5948895,-0.5948895,-0.5948895,-0.5948895,-0.5948895,-0.5948895,-0.5948895,-0.5948895,-0.5948895,-0.5948895,-0.5948895,-0.5948895,-0.5948895,-0.5948895,-0.5948895,-0.5948895,0
0,-0.5948895,-0.5948895,-0.5948895,-0.5948895,-0.5948895,-0.5948895,-0.5948895,-0.5948895,-0.5948895,-0.5948895,-0.5948895,-0.5948895,-0.5948895,-0.5948895,-0.5948895,-0.5948895,-0.5948895,-0.5948895,-0.5948895,-0.5948895,-0.5948895,-0.5948895,-0.5948895,-0.5948895,-0.5948895,-0.5948895,-0.5948895,-0.5948895,-0.5948895,-0.5948895,-0.5948895,-0.5948895,-0.5948895,-0.5948895,-0.5948895,-0.5948895,-0.5948895,-0.5948895,-0.5948895,-0.5948895,-0.5948895,-0.5948895,-0.5948895,-0.5948895,-0.5948895,-0.5948895,-0.5948895,-0.5948895,-0.5948895,-0.5948895,-0.5948895,-0.5948895,-0.5948895,-0.5948895,-0.5948895,-0.5948895,-0.5948895,-0.5948895,-0.5948895,-0.5948895,-0.5948895,-0.5948895,-0.5948895,-0.5948895,-0.5948895,-0.5948895,-0.5948895,-0.5948895,-0.5948895,-0.5948895,-0.5948895,-0.5948895,-0.5948895,-0.5948895,-0.5948895,-0.5948895,-0.5948895,-0.5948895,-0.5948895,-0.5948895,-0.5948895,-0.5948895,-0.5948895,-0.5948895,-0.5948895,-0.5948895,-0.5948895,-0.5948895,-0.5948895,-0.5948895,-0.5948895,-0.5948895,-0.5948895,-0.5948895,-0.5948895,-0.5948895,-0.5948895,-0.5948895,-0.5948895,-0.5948895,-0.5948895,-0.5948895,-0.5948895,-0.5948895,-0.5948895,-0.5948895,-0.5948895,-0.5948895,-0.5948895,-0.5948895,-0.5948895,-0.5948895,-0.5948895,-0.5948895,-0.5948895,-0.5948895,-0.5948895,-0.5948895,-0.5948895,-0.5948895,-0.5948895,-0.5948895,-0.5948895,-0.5948895,-0.5948895,-0.5948895,-0.5948895,-0.5948895,-0.5948895,-0.5948895,-0.5948895,-0.5948895,-0.5948895,-0.5948895,-0.5948895,-0.5948895,-0.5948895,-0.5948895,-0.5948895,-0.5948895,-0.5948895,-0.5948895,-0.5948895,-0.5948895,-0.5948895,-0.5948895,-0.5948895,-0.5948895,-0.5948895,-0.5948895,-0.5948895,-0.5948895,-0.5948895,-0.5948895,-0.5948895,-0.5948895,-0.5948895,-0.5948895,-0.5948895,-0.5948895,-0.5948895,-0.5948895,-0.5948895,-0.5948895,-0.5948895,-0.5948895,-0.5948895,-0.5948895,-0.5948895,-0.5948895,-0.5948895,-0.5948895,-0.5948895,-0.5948895,-0.5948895,-0.5948895,-0.5948895,-0.5948895,-0.5948895,-0.5948895,-0.5948895,-0.5948895,-0.5948895,-0.5948895,-0.5948895,-0.5948895,-0.5948895,-0.5948895,-0.5948895,-0.5948895,-0.5948895,-0.5948895,-0.5948895,-0.5948895,-0.5948895,-0.5948895,0
0,-0.5948895,-0.5948895,-0.5948895,-0.5948895,-0.5948895,-0.5948895,-0.5948895,-0.5948895,-0.5948895,-0.5948895,-0.5948895,-0.5948895,-0.5948895,-0.5948895,-0.5948895,-0.5948895,-0.5948895,-0.5948895,-0.5948895,-0.5948895,-0.5948895,-0.5948895,-0.5948895,-0.5948895,-0.5948895,-0.5948895,-0.5948895,-0.5948895,-0.5948895,-0.5948895,-0.5948895,-0.5948895,-0.5948895,-0.5948895,-0.5948895,-0.5948895,-0.5948895,-0.5948895,-0.5948895,-0.5948895,-0.5948895,-0.5948895,-0.5948895,-0.5948895,-0.5948895,-0.5948895,-0.5948895,-0.5948895,-0.5948895,-0.5948895,-0.5948895,-0.5948895,-0.5948895,-0.5948895,-0.5948895,-0.5948895,-0.5948895,-0.5948895,-0.5948895,-0.5948895,-0.5948895,-0.5948895,-0.5948895,-0.5948895,-0.5948895,-0.5948895,-0.5948895,-0.5948895,-0.5948895,-0.5948895,-0.5948895,-0.5948895,-0.5948895,-0.5948895,-0.5948895,-0.5948895,-0.5948895,-0.5948895,-0.5948895,-0.5948895,-0.5948895,-0.5948895,-0.5948895,-0.5948895,-0.5948895,-0.5948895,-0.5948895,-0.5948895,-0.5948895,-0.5948895,-0.5948895,-0.5948895,-0.5948895,-0.5948895,-0.5948895,-0.5948895,-0.5948895,-0.5948895,-0.5948895,-0.5948895,-0.5948895,-0.5948895,-0.5948895,-0.5948895,-0.5948895,-0.5948895,-0.5948895,-0.5948895,-0.5948895,-0.5948895,-0.5948895,-0.5948895,-0.5948895,-0.5948895,-0.5948895,-0.5948895,-0.5948895,-0.5948895,-0.5948895,-0.5948895,-0.5948895,-0.5948895,-0.5948895,-0.5948895,-0.5948895,-0.5948895,-0.5948895,-0.5948895,-0.5948895,-0.5948895,-0.5948895,-0.5948895,-0.5948895,-0.5948895,-0.5948895,-0.5948895,-0.5948895,-0.5948895,-0.5948895,-0.5948895,-0.5948895,-0.5948895,-0.5948895,-0.5948895,-0.5948895,-0.5948895,-0.5948895,-0.5948895,-0.5948895,-0.5948895,-0.5948895,-0.5948895,-0.5948895,-0.5948895,-0.5948895,-0.5948895,-0.5948895,-0.5948895,-0.5948895,-0.5948895,-0.5948895,-0.5948895,-0.5948895,-0.5948895,-0.5948895,-0.5948895,-0.5948895,-0.5948895,-0.5948895,-0.5948895,-0.5948895,-0.5948895,-0.5948895,-0.5948895,-0.5948895,-0.5948895,-0.5948895,-0.5948895,-0.5948895,-0.5948895,-0.5948895,-0.5948895,-0.5948895,-0.5948895,-0.5948895,-0.5948895,-0.5948895,-0.5948895,-0.5948895,-0.5948895,-0.5948895,-0.5948895,-0.5948895,-0.5948895,-0.5948895,-0.5948895,0
0,-0.5948895,-0.5948895,-0.5948895,-0.5948895,-0.5948895,-0.5948895,-0.5948895,-0.5948895,-0.5948895,-0.5948895,-0.5948895,-0.5948895,-0.5948895,-0.5948895,-0.5948895,-0.5948895,-0.5948895,-0.5948895,-0.5948895,-0.5948895,-0.5948895,-0.5948895,-0.5948895,-0.5948895,-0.5948895,-0.5948895,-0.5948895,-0.5948895,-0.5948895,-0.5948895,-0.5948895,-0.5948895,-0.5948895,-0.5948895,-0.5948895,-0.5948895,-0.5948895,-0.5948895,-0.5948895,-0.5948895,-0.5948895,-0.5948895,-0.5948895,-0.5948895,-0.5948895,-0.5948895,-0.5948895,-0.5948895,-0.5948895,-0.5948895,-0.5948895,-0.5948895,-0.5948895,-0.5948895,-0.5948895,-0.5948895,-0.5948895,-0.5948895,-0.5948895,-0.5948895,-0.5948895,-0.5948895,-0.5948895,-0.5948895,-0.5948895,-0.5948895,-0.5948895,-0.5948895,-0.5948895,-0.5948895,-0.5948895,-0.5948895,-0.5948895,-0.5948895,-0.5948895,-0.5948895,-0.5948895,-0.5948895,-0.5948895,-0.5948895,-0.5948895,-0.5948895,-0.5948895,-0.5948895,-0.5948895,-0.5948895,-0.5948895,-0.5948895,-0.5948895,-0.5948895,-0.5948895,-0.5948895,-0.5948895,-0.5948895,-0.5948895,-0.5948895,-0.5948895,-0.5948895,-0.5948895,-0.5948895,-0.5948895,-0.5948895,-0.5948895,-0.5948895,-0.5948895,-0.5948895,-0.5948895,-0.5948895,-0.5948895,-0.5948895,-0.5948895,-0.5948895,-0.5948895,-0.5948895,-0.5948895,-0.5948895,-0.5948895,-0.5948895,-0.5948895,-0.5948895,-0.5948895,-0.5948895,-0.5948895,-0.5948895,-0.5948895,-0.5948895,-0.5948895,-0.5948895,-0.5948895,-0.5948895,-0.5948895,-0.5948895,-0.5948895,-0.5948895,-0.5948895,-0.5948895,-0.5948895,-0.5948895,-0.5948895,-0.5948895,-0.5948895,-0.5948895,-0.5948895,-0.5948895,-0.5948895,-0.5948895,-0.5948895,-0.5948895,-0.5948895,-0.5948895,-0.5948895,-0.5948895,-0.5948895,-0.5948895,-0.5948895,-0.5948895,-0.5948895,-0.5948895,-0.5948895,-0.5948895,-0.5948895,-0.5948895,-0.5948895,-0.5948895,-0.5948895,-0.5948895,-0.5948895,-0.5948895,-0.5948895,-0.5948895,-0.5948895,-0.5948895,-0.5948895,-0.5948895,-0.5948895,-0.5948895,-0.5948895,-0.5948895,-0.5948895,-0.5948895,-0.5948895,-0.5948895,-0.5948895,-0.5948895,-0.5948895,-0.5948895,-0.5948895,-0.5948895,-0.5948895,-0.5948895,-0.5948895,-0.5948895,-0.5948895,-0.5948895,-0.5948895,-0.5948895,0
0,-0.5948895,-0.5948895,-0.5948895,-0.5948895,-0.5948895,-0.5948895,-0.5948895,-0.5948895,-0.5948895,-0.5948895,-0.5948895,-0.5948895,-0.5948895,-0.5948895,-0.5948895,-0.5948895,-0.5948895,-0.5948895,-0.5948895,-0.5948895,-0.5948895,-0.5948895,-0.5948895,-0.5948895,-0.5948895,-0.5948895,-0.5948895,-0.5948895,-0.5948895,-0.5948895,-0.5948895,-0.5948895,-0.5948895,-0.5948895,-0.5948895,-0.5948895,-0.5948895,-0.5948895,-0.5948895,-0.5948895,-0.5948895,-0.5948895,-0.5948895,-0.5948895,-0.5948895,-0.5948895,-0.5948895,-0.5948895,-0.5948895,-0.5948895,-0.5948895,-0.5948895,-0.5948895,-0.5948895,-0.5948895,-0.5948895,-0.5948895,-0.5948895,-0.5948895,-0.5948895,-0.5948895,-0.5948895,-0.5948895,-0.5948895,-0.5948895,-0.5948895,-0.5948895,-0.5948895,-0.5948895,-0.5948895,-0.5948895,-0.5948895,-0.5948895,-0.5948895,-0.5948895,-0.5948895,-0.5948895,-0.5948895,-0.5948895,-0.5948895,-0.5948895,-0.5948895,-0.5948895,-0.5948895,-0.5948895,-0.5948895,-0.5948895,-0.5948895,-0.5948895,-0.5948895,-0.5948895,-0.5948895,-0.5948895,-0.5948895,-0.5948895,-0.5948895,-0.5948895,-0.5948895,-0.5948895,-0.5948895,-0.5948895,-0.5948895,-0.5948895,-0.5948895,-0.5948895,-0.5948895,-0.5948895,-0.5948895,-0.5948895,-0.5948895,-0.5948895,-0.5948895,-0.5948895,-0.5948895,-0.5948895,-0.5948895,-0.5948895,-0.5948895,-0.5948895,-0.5948895,-0.5948895,-0.5948895,-0.5948895,-0.5948895,-0.5948895,-0.5948895,-0.5948895,-0.5948895,-0.5948895,-0.5948895,-0.5948895,-0.5948895,-0.5948895,-0.5948895,-0.5948895,-0.5948895,-0.5948895,-0.5948895,-0.5948895,-0.5948895,-0.5948895,-0.5948895,-0.5948895,-0.5948895,-0.5948895,-0.5948895,-0.5948895,-0.5948895,-0.5948895,-0.5948895,-0.5948895,-0.5948895,-0.5948895,-0.5948895,-0.5948895,-0.5948895,-0.5948895,-0.5948895,-0.5948895,-0.5948895,-0.5948895,-0.5948895,-0.5948895,-0.5948895,-0.5948895,-0.5948895,-0.5948895,-0.5948895,-0.5948895,-0.5948895,-0.5948895,-0.5948895,-0.5948895,-0.5948895,-0.5948895,-0.5948895,-0.5948895,-0.5948895,-0.5948895,-0.5948895,-0.5948895,-0.5948895,-0.5948895,-0.5948895,-0.5948895,-0.5948895,-0.5948895,-0.5948895,-0.5948895,-0.5948895,-0.5948895,-0.5948895,-0.5948895,-0.5948895,-0.5948895,-0.5948895,0
0,-0.5948895,-0.5948895,-0.5948895,-0.5948895,-0.5948895,-0.5948895,-0.5948895,-0.5948895,-0.5948895,-0.5948895,-0.5948895,-0.5948895,-0.5948895,-0.5948895,-0.5948895,-0.5948895,-0.5948895,-0.5948895,-0.5948895,-0.5948895,-0.5948895,-0.5948895,-0.5948895,-0.5948895,-0.5948895,-0.5948895,-0.5948895,-0.5948895,-0.5948895,-0.5948895,-0.5948895,-0.5948895,-0.5948895,-0.5948895,-0.5948895,-0.5948895,-0.5948895,-0.5948895,-0.5948895,-0.5948895,-0.5948895,-0.5948895,-0.5948895,-0.5948895,-0.5948895,-0.5948895,-0.5948895,-0.5948895,-0.5948895,-0.5948895,-0.5948895,-0.5948895,-0.5948895,-0.5948895,-0.5948895,-0.5948895,-0.5948895,-0.5948895,-0.5948895,-0.5948895,-0.5948895,-0.5948895,-0.5948895,-0.5948895,-0.5948895,-0.5948895,-0.5948895,-0.5948895,-0.5948895,-0.5948895,-0.5948895,-0.5948895,-0.5948895,-0.5948895,-0.5948895,-0.5948895,-0.5948895,-0.5948895,-0.5948895,-0.5948895,-0.5948895,-0.5948895,-0.5948895,-0.5948895,-0.5948895,-0.5948895,-0.5948895,-0.5948895,-0.5948895,-0.5948895,-0.5948895,-0.5948895,-0.5948895,-0.5948895,-0.5948895,-0.5948895,-0.5948895,-0.5948895,-0.5948895,-0.5948895,-0.5948895,-0.5948895,-0.5948895,-0.5948895,-0.5948895,-0.5948895,-0.5948895,-0.5948895,-0.5948895,-0.5948895,-0.5948895,-0.5948895,-0.5948895,-0.5948895,-0.5948895,-0.5948895,-0.5948895,-0.5948895,-0.5948895,-0.5948895,-0.5948895,-0.5948895,-0.5948895,-0.5948895,-0.5948895,-0.5948895,-0.5948895,-0.5948895,-0.5948895,-0.5948895,-0.5948895,-0.5948895,-0.5948895,-0.5948895,-0.5948895,-0.5948895,-0.5948895,-0.5948895,-0.5948895,-0.5948895,-0.5948895,-0.5948895,-0.5948895,-0.5948895,-0.5948895,-0.5948895,-0.5948895,-0.5948895,-0.5948895,-0.5948895,-0.5948895,-0.5948895,-0.5948895,-0.5948895,-0.5948895,-0.5948895,-0.5948895,-0.5948895,-0.5948895,-0.5948895,-0.5948895,-0.5948895,-0.5948895,-0.5948895,-0.5948895,-0.5948895,-0.5948895,-0.5948895,-0.5948895,-0.5948895,-0.5948895,-0.5948895,-0.5948895,-0.5948895,-0.5948895,-0.5948895,-0.5948895,-0.5948895,-0.5948895,-0.5948895,-0.5948895,-0.5948895,-0.5948895,-0.5948895,-0.5948895,-0.5948895,-0.5948895,-0.5948895,-0.5948895,-0.5948895,-0.5948895,-0.5948895,-0.5948895,-0.5948895,-0.5948895,-0.5948895,0
0,-0.5948895,-0.5948895,-0.5948895,-0.5948895,-0.5948895,-0.5948895,-0.5948895,-0.5948895,-0.5948895,-0.5948895,-0.5948895,-0.5948895,-0.5948895,-0.5948895,-0.5948895,-0.5948895,-0.5948895,-0.5948895,-0.5948895,-0.5948895,-0.5948895,-0.5948895,-0.5948895,-0.5948895,-0.5948895,-0.5948895,-0.5948895,-0.5948895,-0.5948895,-0.5948895,-0.5948895,-0.5948895,-0.5948895,-0.5948895,-0.5948895,-0.5948895,-0.5948895,-0.5948895,-0.5948895,-0.5948895,-0.5948895,-0.5948895,-0.5948895,-0.5948895,-0.5948895,-0.5948895,-0.5948895,-0.5948895,-0.5948895,-0.5948895,-0.5948895,-0.5948895,-0.5948895,-0.5948895,-0.5948895,-0.5948895,-0.5948895,-0.5948895,-0.5948895,-0.5948895,-0.5948895,-0.5948895,-0.5948895,-0.5948895,-0.5948895,-0.5948895,-0.5948895,-0.5948895,-0.5948895,-0.5948895,-0.5948895,-0.5948895,-0.5948895,-0.5948895,-0.5948895,-0.5948895,-0.5948895,-0.5948895,-0.5948895,-0.5948895,-0.5948895,-0.5948895,-0.5948895,-0.5948895,-0.5948895,-0.5948895,-0.5948895,-0.5948895,-0.5948895,-0.5948895,-0.5948895,-0.5948895,-0.5948895,-0.5948895,-0.5948895,-0.5948895,-0.5948895,-0.5948895,-0.5948895,-0.5948895,-0.5948895,-0.5948895,-0.5948895,-0.5948895,-0.5948895,-0.5948895,-0.5948895,-0.5948895,-0.5948895,-0.5948895,-0.5948895,-0.5948895,-0.5948895,-0.5948895,-0.5948895,-0.5948895,-0.5948895,-0.5948895,-0.5948895,-0.5948895,-0.5948895,-0.5948895,-0.5948895,-0.5948895,-0.5948895,-0.5948895,-0.5948895,-0.5948895,-0.5948895,-0.5948895,-0.5948895,-0.5948895,-0.5948895,-0.5948895,-0.5948895,-0.5948895,-0.5948895,-0.5948895,-0.5948895,-0.5948895,-0.5948895,-0.5948895,-0.5948895,-0.5948895,-0.5948895,-0.5948895,-0.5948895,-0.5948895,-0.5948895,-0.5948895,-0.5948895,-0.5948895,-0.5948895,-0.5948895,-0.5948895,-0.5948895,-0.5948895,-0.5948895,-0.5948895,-0.5948895,-0.5948895,-0.5948895,-0.5948895,-0.5948895,-0.5948895,-0.5948895,-0.5948895,-0.5948895,-0.5948895,-0.5948895,-0.5948895,-0.5948895,-0.5948895,-0.5948895,-0.5948895,-0.5948895,-0.5948895,-0.5948895,-0.5948895,-0.5948895,-0.5948895,-0.5948895,-0.5948895,-0.5948895,-0.5948895,-0.5948895,-0.5948895,-0.5948895,-0.5948895,-0.5948895,-0.5948895,-0.5948895,-0.5948895,-0.5948895,-0.5948895,-0.5948895,0
0,-0.5948895,-0.5948895,-0.5948895,-0.5948895,-0.5948895,-0.5948895,-0.5948895,-0.5948895,-0.5948895,-0.5948895,-0.5948895,-0.5948895,-0.5948895,-0.5948895,-0.5948895,-0.5948895,-0.5948895,-0.5948895,-0.5948895,-0.5948895,-0.5948895,-0.5948895,-0.5948895,-0.5948895,-0.5948895,-0.5948895,-0.5948895,-0.5948895,-0.5948895,-0.5948895,-0.5948895,-0.5948895,-0.5948895,-0.5948895,-0.5948895,-0.5948895,-0.5948895,-0.5948895,-0.5948895,-0.5948895,-0.5948895,-0.5948895,-0.5948895,-0.5948895,-0.5948895,-0.5948895,-0.5948895,-0.5948895,-0.5948895,-0.5948895,-0.5948895,-0.5948895,-0.5948895,-0.5948895,-0.5948895,-0.5948895,-0.5948895,-0.5948895,-0.5948895,-0.5948895,-0.5948895,-0.5948895,-0.5948895,-0.5948895,-0.5948895,-0.5948895,-0.5948895,-0.5948895,-0.5948895,-0.5948895,-0.5948895,-0.5948895,-0.5948895,-0.5948895,-0.5948895,-0.5948895,-0.5948895,-0.5948895,-0.5948895,-0.5948895,-0.5948895,-0.5948895,-0.5948895,-0.5948895,-0.5948895,-0.5948895,-0.5948895,-0.5948895,-0.5948895,-0.5948895,-0.5948895,-0.5948895,-0.5948895,-0.5948895,-0.5948895,-0.5948895,-0.5948895,-0.5948895,-0.5948895,-0.5948895,-0.5948895,-0.5948895,-0.5948895,-0.5948895,-0.5948895,-0.5948895,-0.5948895,-0.5948895,-0.5948895,-0.5948895,-0.5948895,-0.5948895,-0.5948895,-0.5948895,-0.5948895,-0.5948895,-0.5948895,-0.5948895,-0.5948895,-0.5948895,-0.5948895,-0.5948895,-0.5948895,-0.5948895,-0.5948895,-0.5948895,-0.5948895,-0.5948895,-0.5948895,-0.5948895,-0.5948895,-0.5948895,-0.5948895,-0.5948895,-0.5948895,-0.5948895,-0.5948895,-0.5948895,-0.5948895,-0.5948895,-0.5948895,-0.5948895,-0.5948895,-0.5948895,-0.5948895,-0.5948895,-0.5948895,-0.5948895,-0.5948895,-0.5948895,-0.5948895,-0.5948895,-0.5948895,-0.5948895,-0.5948895,-0.5948895,-0.5948895,-0.5948895,-0.5948895,-0.5948895,-0.5948895,-0.5948895,-0.5948895,-0.5948895,-0.5948895,-0.5948895,-0.5948895,-0.5948895,-0.5948895,-0.5948895,-0.5948895,-0.5948895,-0.5948895,-0.5948895,-0.5948895,-0.5948895,-0.5948895,-0.5948895,-0.5948895,-0.5948895,-0.5948895,-0.5948895,-0.5948895,-0.5948895,-0.5948895,-0.5948895,-0.5948895,-0.5948895,-0.5948895,-0.5948895,-0.5948895,-0.5948895,-0.5948895,-0.5948895,-0.5948895,-0.5948895,0
0,-0.5948895,-0.5948895,-0.5948895,-0.5948895,-0.5948895,-0.5948895,-0.5948895,-0.5948895,-0.5948895,-0.5948895,-0.5948895,-0.5948895,-0.5948895,-0.5948895,-0.5948895,-0.5948895,-0.5948895,-0.5948895,-0.5948895,-0.5948895,-0.5948895,-0.5948895,-0.5948895,-0.5948895,-0.5948895,-0.5948895,-0.5948895,-0.5948895,-0.5948895,-0.5948895,-0.5948895,-0.5948895,-0.5948895,-0.5948895,-0.5948895,-0.5948895,-0.5948895,-0.5948895,-0.5948895,-0.5948895,-0.5948895,-0.5948895,-0.5948895,-0.5948895,-0.5948895,-0.5948895,-0.5948895,-0.5948895,-0.5948895,-0.5948895,-0.5948895,-0.5948895,-0.5948895,-0.5948895,-0.5948895,-0.5948895,-0.5948895,-0.5948895,-0.5948895,-0.5948895,-0.5948895,-0.5948895,-0.5948895,-0.5948895,-0.5948895,-0.5948895,-0.5948895,-0.5948895,-0.5948895,-0.5948895,-0.5948895,-0.5948895,-0.5948895,-0.5948895,-0.5948895,-0.5948895,-0.5948895,-0.5948895,-0.5948895,-0.5948895,-0.5948895,-0.5948895,-0.5948895,-0.5948895,-0.5948895,-0.5948895,-0.5948895,-0.5948895,-0.5948895,-0.5948895,-0.5948895,-0.5948895,-0.5948895,-0.5948895,-0.5948895,-0.5948895,-0.5948895,-0.5948895,-0.5948895,-0.5948895,-0.5948895,-0.5948895,-0.5948895,-0.5948895,-0.5948895,-0.5948895,-0.5948895,-0.5948895,-0.5948895,-0.5948895,-0.5948895,-0.5948895,-0.5948895,-0.5948895,-0.5948895,-0.5948895,-0.5948895,-0.5948895,-0.5948895,-0.5948895,-0.5948895,-0.5948895,-0.5948895,-0.5948895,-0.5948895,-0.5948895,-0.5948895,-0.5948895,-0.5948895,-0.5948895,-0.5948895,-0.5948895,-0.5948895,-0.5948895,-0.5948895,-0.5948895,-0.5948895,-0.5948895,-0.5948895,-0.5948895,-0.5948895,-0.5948895,-0.5948895,-0.5948895,-0.5948895,-0.5948895,-0.5948895,-0.5948895,-0.5948895,-0.5948895,-0.5948895,-0.5948895,-0.5948895,-0.5948895,-0.5948895,-0.5948895,-0.5948895,-0.5948895,-0.5948895,-0.5948895,-0.5948895,-0.5948895,-0.5948895,-0.5948895,-0.5948895,-0.5948895,-0.5948895,-0.5948895,-0.5948895,-0.5948895,-0.5948895,-0.5948895,-0.5948895,-0.5948895,-0.5948895,-0.5948895,-0.5948895,-0.5948895,-0.5948895,-0.5948895,-0.5948895,-0.5948895,-0.5948895,-0.5948895,-0.5948895,-0.5948895,-0.5948895,-0.5948895,-0.5948895,-0.5948895,-0.5948895,-0.5948895,-0.5948895,-0.5948895,-0.5948895,-0.5948895,0
0,-0.5948895,-0.5948895,-0.5948895,-0.5948895,-0.5948895,-0.5948895,-0.5948895,-0.5948895,-0.5948895,-0.5948895,-0.5948895,-0.5948895,-0.5948895,-0.5948895,-0.5948895,-0.5948895,-0.5948895,-0.5948895,-0.5948895,-0.5948895,-0.5948895,-0.5948895,-0.5948895,-0.5948895,-0.5948895,-0.5948895,-0.5948895,-0.5948895,-0.5948895,-0.5948895,-0.5948895,-0.5948895,-0.5948895,-0.5948895,-0.5948895,-0.5948895,-0.5948895,-0.5948895,-0.5948895,-0.5948895,-0.5948895,-0.5948895,-0.5948895,-0.5948895,-0.5948895,-0.5948895,-0.5948895,-0.5948895,-0.5948895,-0.5948895,-0.5948895,-0.5948895,-0.5948895,-0.5948895,-0.5948895,-0.5948895,-0.5948895,-0.5948895,-0.5948895,-0.5948895,-0.5948895,-0.5948895,-0.5948895,-0.5948895,-0.5948895,-0.5948895,-0.5948895,-0.5948895,-0.5948895,-0.5948895,-0.5948895,-0.5948895,-0.5948895,-0.5948895,-0.5948895,-0.5948895,-0.5948895,-0.5948895,-0.5948895,-0.5948895,-0.5948895,-0.5948895,-0.5948895,-0.5948895,-0.5948895,-0.5948895,-0.5948895,-0.5948895,-0.5948895,-0.5948895,-0.5948895,-0.5948895,-0.5948895,-0.5948895,-0.5948895,-0.5948895,-0.5948895,-0.5948895,-0.5948895,-0.5948895,-0.5948895,-0.5948895,-0.5948895,-0.5948895,-0.5948895,-0.5948895,-0.5948895,-0.5948895,-0.5948895,-0.5948895,-0.5948895,-0.5948895,-0.5948895,-0.5948895,-0.5948895,-0.5948895,-0.5948895,-0.5948895,-0.5948895,-0.5948895,-0.5948895,-0.5948895,-0.5948895,-0.5948895,-0.5948895,-0.5948895,-0.5948895,-0.5948895,-0.5948895,-0.5948895,-0.5948895,-0.5948895,-0.5948895,-0.5948895,-0.5948895,-0.5948895,-0.5948895,-0.5948895,-0.5948895,-0.5948895,-0.5948895,-0.5948895,-0.5948895,-0.5948895,-0.5948895,-0.5948895,-0.5948895,-0.5948895,-0.5948895,-0.5948895,-0.5948895,-0.5948895,-0.5948895,-0.5948895,-0.5948895,-0.5948895,-0.5948895,-0.5948895,-0.5948895,-0.5948895,-0.5948895,-0.5948895,-0.5948895,-0.5948895,-0.5948895,-0.5948895,-0.5948895,-0.5948895,-0.5948895,-0.5948895,-0.5948895,-0.5948895,-0.5948895,-0.5948895,-0.5948895,-0.5948895,-0.5948895,-0.5948895,-0.5948895,-0.5948895,-0.5948895,-0.5948895,-0.5948895,-0.5948895,-0.5948895,-0.5948895,-0.5948895,-0.5948895,-0.5948895,-0.5948895,-0.5948895,-0.5948895,-0.5948895,-0.5948895,-0.5948895,-0.5948895,0
0,-0.5948895,-0.5948895,-0.5948895,-0.5948895,-0.5948895,-0.5948895,-0.5948895,-0.5948895,-0.5948895,-0.5948895,-0.5948895,-0.5948895,-0.5948895,-0.5948895,-0.5948895,-0.5948895,-0.5948895,-0.5948895,-0.5948895,-0.5948895,-0.5948895,-0.5948895,-0.5948895,-0.5948895,-0.5948895,-0.5948895,-0.5948895,-0.5948895,-0.5948895,-0.5948895,-0.5948895,-0.5948895,-0.5948895,-0.5948895,-0.5948895,-0.5948895,-0.5948895,-0.5948895,-0.5948895,-0.5948895,-0.5948895,-0.5948895,-0.5948895,-0.5948895,-0.5948895,-0.5948895,-0.5948895,-0.5948895,-0.5948895,-0.5948895,-0.5948895,-0.5948895,-0.5948895,-0.5948895,-0.5948895,-0.5948895,-0.5948895,-0.5948895,-0.5948895,-0.5948895,-0.5948895,-0.5948895,-0.5948895,-0.5948895,-0.5948895,-0.5948895,-0.5948895,-0.5948895,-0.5948895,-0.5948895,-0.5948895,-0.5948895,-0.5948895,-0.5948895,-0.5948895,-0.5948895,-0.5948895,-0.5948895,-0.5948895,-0.5948895,-0.5948895,-0.5948895,-0.5948895,-0.5948895,-0.5948895,-0.5948895,-0.5948895,-0.5948895,-0.5948895,-0.5948895,-0.5948895,-0.5948895,-0.5948895,-0.5948895,-0.5948895,-0.5948895,-0.5948895,-0.5948895,-0.5948895,-0.5948895,-0.5948895,-0.5948895,-0.5948895,-0.5948895,-0.5948895,-0.5948895,-0.5948895,-0.5948895,-0.5948895,-0.5948895,-0.5948895,-0.5948895,-0.5948895,-0.5948895,-0.5948895,-0.5948895,-0.5948895,-0.5948895,-0.5948895,-0.5948895,-0.5948895,-0.5948895,-0.5948895,-0.5948895,-0.5948895,-0.5948895,-0.5948895,-0.5948895,-0.5948895,-0.5948895,-0.5948895,-0.5948895,-0.5948895,-0.5948895,-0.5948895,-0.5948895,-0.5948895,-0.5948895,-0.5948895,-0.5948895,-0.5948895,-0.5948895,-0.5948895,-0.5948895,-0.5948895,-0.5948895,-0.5948895,-0.5948895,-0.5948895,-0.5948895,-0.5948895,-0.5948895,-0.5948895,-0.5948895,-0.5948895,-0.5948895,-0.5948895,-0.5948895,-0.5948895,-0.5948895,-0.5948895,-0.5948895,-0.5948895,-0.5948895,-0.5948895,-0.5948895,-0.5948895,-0.5948895,-0.5948895,-0.5948895,-0.5948895,-0.5948895,-0.5948895,-0.5948895,-0.5948895,-0.5948895,-0.5948895,-0.5948895,-0.5948895,-0.5948895,-0.5948895,-0.5948895,-0.5948895,-0.5948895,-0.5948895,-0.5948895,-0.5948895,-0.5948895,-0.5948895,-0.5948895,-0.5948895,-0.5948895,-0.5948895,-0.5948895,-0.5948895,-0.5948895,0
0,-0.5948895,-0.5948895,-0.5948895,0,0,0,0,0,0,0,0,0,0,0,0,0.4706241,0.4706241,0.4706241,0.4706241,0.4706241,0.4706241,0.4706241,0.4706241,0.4706241,0.4706241,0.4706241,0.4706241,0.4706241,0.4706241,0.4706241,0.4706241,0.4706241,0.4706241,0.4706241,0.4706241,0.4706241,0.4706241,0.4706241,0.4706241,0.4706241,0.4706241,0.4706241,0.4706241,0.4706241,0.4706241,0.4706241,0.4706241,0.4706241,0.4706241,0.4706241,0.4706241,0.4706241,0.4706241,0.4706241,0.4706241,0.4706241,0.4706241,0.4706241,0.4706241,0.4706241,0.4706241,0.4706241,0.4706241,0.4706241,0.4706241,0.4706241,0.4706241,0.4706241,0.4706241,0.4706241,0.4706241,0.4706241,0.4706241,0.4706241,0.4706241,0.4706241,0.4706241,0.4706241,0.4706241,0.4706241,0.4706241,0.4706241,0.4706241,0.4706241,0.4706241,0.4706241,0.4706241,0.4706241,0.4706241,0.4706241,0.4706241,0.4706241,0.4706241,0.4706241,0.4706241,0.4706241,0.4706241,0.4706241,0.4706241,0.4706241,0.4706241,0.4706241,0.4706241,0.4706241,0.4706241,0.4706241,0.4706241,0.4706241,0.4706241,0.4706241,0.4706241,0.4706241,0.4706241,0.4706241,0.4706241,0.4706241,0.4706241,0.4706241,0.4706241,0.4706241,0.4706241,0.4706241,0.4706241,0.4706241,0.4706241,0.4706241,0.4706241,0.4706241,0.4706241,0.4706241,0.4706241,0.4706241,0.4706241,0.4706241,0.4706241,0.4706241,0.4706241,0.4706241,0.4706241,0.4706241,0.4706241,0.4706241,0.4706241,0.4706241,0.4706241,0.4706241,0.4706241,0.4706241,0.4706241,0.4706241,0.4706241,0.4706241,0.4706241,0.4706241,0.4706241,0.4706241,0.4706241,0.4706241,0.4706241,0.4706241,0.4706241,0.4706241,0.4706241,0.4706241,0.4706241,0.4706241,0.4706241,0.4706241,0.4706241,0.4706241,0.4706241,0.4706241,0.4706241,0.4706241,0.4706241,0.4706241,0.4706241,0.4706241,0.4706241,0.4706241,0.4706241,0.4706241,0.4706241,0.4706241,0.4706241,0.4706241,0.4706241,0.4706241,0.4706241,0.4706241,0.4706241,0.4706241,0.4706241,0.4706241,0.4706241,0.4706241,0
0,0.4706241,0.4706241,0.4706241,0.4706241,0.4706241,0.4706241,0.4706241,0.4706241,0.4706241,0.4706241,0.4706241,0.4706241,0.4706241,0.4706241,0.4706241,0.4706241,0.4706241,0.4706241,0.4706241,0.4706241,0.4706241,0.4706241,0.4706241,0.4706241,0.4706241,0.4706241,0.4706241,0.4706241,0.4706241,0.4706241,0.4706241,0.4706241,0.4706241,0.4706241,0.4706241,0.4706241,0.4706241,0.4706241,0.4706241,0.4706241,0.4706241,0.4706241,0.4706241,0.4706241,0.4706241,0.4706241,0.4706241,0.4706241,0.4706241,0.4706241,0.4706241,0.4706241,0.4706241,0.4706241,0.4706241,0.4706241,0.4706241,0.4706241,0.4706241,0.4706241,0.4706241,0.4706241,0.4706241,0.4706241,0.4706241,0.4706241,0.4706241,0.4706241,0.4706241,0.4706241,0.4706241,0.4706241,0.4706241,0.4706241,0.4706241,0.4706241,0.4706241,0.4706241,0.4706241,0.4706241,0.4706241,0.4706241,0.4706241,0.4706241,0.4706241,0.4706241,0.4706241,0.4706241,0.4706241,0.4706241,0.4706241,0.4706241,0.4706241,0.4706241,0.4706241,0.4706241,0.4706241,0.4706241,0.4706241,0.4706241,0.4706241,0.4706241,0.4706241,0.4706241,0.4706241,0.4706241,0.4706241,0.4706241,0.4706241,0.4706241,0.4706241,0.4706241,0.4706241,0.4706241,0.4706241,0.4706241,0.4706241,0.4706241,0.4706241,0.4706241,0.4706241,0.4706241,0.4706241,0.4706241,0.4706241,0.4706241,0.4706241,0.4706241,0.4706241,0.4706241,0.4706241,0.4706241,0.4706241,0.4706241,0.4706241,0.4706241,0.4706241,0.4706241,0.4706241,0.4706241,0.4706241,0.4706241,0.4706241,0.4706241,0.4706241,0.4706241,0.4706241,0.4706241,0.4706241,0.4706241,0.4706241,0.4706241,0.4706241,0.4706241,0.4706241,0.4706241,0.4706241,0.4706241,0.4706241,0.4706241,0.4706241,0.4706241,0.4706241,0.4706241,0.4706241,0.4706241,0.4706241,0.4706241,0.4706241,0.4706241,0.4706241,0.4706241,0.4706241,0.4706241,0.4706241,0.4706241,0.4706241,0.4706241,0.4706241,0.4706241,0.4706241,0.4706241,0.4706241,0.4706241,0.4706241,0.4706241,0.4706241,0.4706241,0.4706241,0.4706241,0.4706241,0.4706241,0.4706241,0.4706241,0.4706241,0.4706241,0
0,0.4706241,0.4706241,0.4706241,0.4706241,0.4706241,0.4706241,0.4706241,0.4706241,0.4706241,0.4706241,0.4706241,0.4706241,0.4706241,0.4706241,0.4706241,0.4706241,0.4706241,0.4706241,0.4706241,0.4706241,0.4706241,0.4706241,0.4706241,0.4706241,0.4706241,0.4706241,0.4706241,0.4706241,0.4706241,0.4706241,0.4706241,0.4706241,0.4706241,0.4706241,0.4706241,0.4706241,0.4706241,0.4706241,0.4706241,0.4706241,0.4706241,0.4706241,0.4706241,0.4706241,0.4706241,0.4706241,0.4706241,0.4706241,0.4706241,0.4706241,0.4706241,0.4706241,0.4706241,0.4706241,0.4706241,0.4706241,0.4706241,0.4706241,0.4706241,0.4706241,0.4706241,0.4706241,0.4706241,0.4706241,0.4706241,0.4706241,0.4706241,0.4706241,0.4706241,0.4706241,0.4706241,0.4706241,0.4706241,0.4706241,0.4706241,0.4706241,0.4706241,0.4706241,0.4706241,0.4706241,0.4706241,0.4706241,0.4706241,0.4706241,0.4706241,0.4706241,0.4706241,0.4706241,0.4706241,0.4706241,0.4706241,0.4706241,0.4706241,0.4706241,0.4706241,0.4706241,0.4706241,0.4706241,0.4706241,0.4706241,0.4706241,0.4706241,0.4706241,0.4706241,0.4706241,0.4706241,0.4706241,0.4706241,0.4706241,0.4706241,0.4706241,0.4706241,0.4706241,0.4706241,0.4706241,0.4706241,0.4706241,0.4706241,0.4706241,0.4706241,0.4706241,0.4706241,0.4706241,0.4706241,0.4706241,0.4706241,0.4706241,0.4706241,0.4706241,0.4706241,0.4706241,0.4706241,0.4706241,0.4706241,0.4706241,0.4706241,0.4706241,0.4706241,0.4706241,0.4706241,0.4706241,0.4706241,0.4706241,0.4706241,0.4706241,0.4706241,0.4706241,0.4706241,0.4706241,0.4706241,0.4706241,0.4706241,0.4706241,0.4706241,0.4706241,0.4706241,0.4706241,0.4706241,0.4706241,0.4706241,0.4706241,0.4706241,0.4706241,0.4706241,0.4706241,0.4706241,0.4706241,0.4706241,0.4706241,0.4706241,0.4706241,0.4706241,0.4706241,0.4706241,0.4706241,0.4706241,0.4706241,0.4706241,0.4706241,0.4706241,0.4706241,0.4706241,0.4706241,0.4706241,0.4706241,0.4706241,0.4706241,0.4706241,0.4706241,0.4706241,0.4706241,0.4706241,0.4706241,0.4706241,0.4706241,0.4706241,0
0,0.4706241,0.4706241,0.4706241,0.4706241,0.4706241,0.4706241,0.4706241,0.4706241,0.4706241,0.4706241,0.4706241,0.4706241,0.4706241,0.4706241,0.4706241,0.4706241,0.4706241,0.4706241,0.4706241,0.4706241,0.4706241,0.4706241,0.4706241,0.4706241,0.4706241,0.4706241,0.4706241,0.4706241,0.4706241,0.4706241,0.4706241,0.4706241,0.4706241,0.4706241,0.4706241,0.4706241,0.4706241,0.4706241,0.4706241,0.4706241,0.4706241,0.4706241,0.4706241,0.4706241,0.4706241,0.4706241,0.4706241,0.4706241,0.4706241,0.4706241,0.4706241,0.4706241,0.4706241,0.4706241,0.4706241,0.4706241,0.4706241,0.4706241,0.4706241,0.4706241,0.4706241,0.4706241,0.4706241,0.4706241,0.4706241,0.4706241,0.4706241,0.4706241,0.4706241,0.4706241,0.4706241,0.4706241,0.4706241,0.4706241,0.4706241,0.4706241,0.4706241,0.4706241,0.4706241,0.4706241,0.4706241,0.4706241,0.4706241,0.4706241,0.4706241,0.4706241,0.4706241,0.4706241,0.4706241,0.4706241,0.4706241,0.4706241,0.4706241,0.4706241,0.4706241,0.4706241,0.4706241,0.4706241,0.4706241,0.4706241,0.4706241,0.4706241,0.4706241,0.4706241,0.4706241,0.4706241,0.4706241,0.4706241,0.4706241,0.4706241,0.4706241,0.4706241,0.4706241,0.4706241,0.4706241,0.4706241,0.4706241,0.4706241,0.4706241,0.4706241,0.4706241,0.4706241,0.4706241,0.4706241,0.4706241,0.4706241,0.4706241,0.4706241,0.4706241,0.4706241,0.4706241,0.4706241,0.4706241,0.4706241,0.4706241,0.4706241,0.4706241,0.4706241,0.4706241,0.4706241,0.4706241,0.4706241,0.4706241,0.4706241,0.4706241,0.4706241,0.4706241,0.4706241,0.4706241,0.4706241,0.4706241,0.4706241,0.4706241,0.4706241,0.4706241,0.4706241,0.4706241,0.4706241,0.4706241,0.4706241,0.4706241,0.4706241,0.4706241,0.4706241,0.4706241,0.4706241,0.4706241,0.4706241,0.4706241,0.4706241,0.4706241,0.4706241,0.4706241,0.4706241,0.4706241,0.4706241,0.4706241,0.4706241,0.4706241,0.4706241,0.4706241,0.4706241,0.4706241,0.4706241,0.4706241,0.4706241,0.4706241,0.4706241,0.4706241,0.4706241,0.4706241,0.4706241,0.4706241,0.4706241,0.4706241,0.4706241,0
0,0.4706241,0.4706241,0.4706241,0.4706241,0.4706241,0.4706241,0.4706241,0.4706241,0.4706241,0.4706241,0.4706241,0.4706241,0.4706241,0.4706241,0.4706241,0.4706241,0.4706241,0.4706241,0.4706241,0.4706241,0.4706241,0.4706241,0.4706241,0.4706241,0.4706241,0.4706241,0.4706241,0.4706241,0.4706241,0.4706241,0.4706241,0.4706241,0.4706241,0.4706241,0.4706241,0.4706241,0.4706241,0.4706241,0.4706241,0.4706241,0.4706241,0.4706241,0.4706241,0.4706241,0.4706241,0.4706241,0.4706241,0.4706241,0.4706241,0.4706241,0.4706241,0.4706241,0.4706241,0.4706241,0.4706241,0.4706241,0.4706241,0.4706241,0.4706241,0.4706241,0.4706241,0.4706241,0.4706241,0.4706241,0.4706241,0.4706241,0.4706241,0.4706241,0.4706241,0.4706241,0.4706241,0.4706241,0.4706241,0.4706241,0.4706241,0.4706241,0.4706241,0.4706241,0.4706241,0.4706241,0.4706241,0.4706241,0.4706241,0.4706241,0.4706241,0.4706241,0.4706241,0.4706241,0.4706241,0.4706241,0.4706241,0.4706241,0.4706241,0.4706241,0.4706241,0.4706241,0.4706241,0.4706241,0.4706241,0.4706241,0.4706241,0.4706241,0.4706241,0.4706241,0.4706241,0.4706241,0.4706241,0.4706241,0.4706241,0.4706241,0.4706241,0.4706241,0.4706241,0.4706241,0.4706241,0.4706241,0.4706241,0.4706241,0.4706241,0.4706241,0.4706241,0.4706241,0.4706241,0.4706241,0.4706241,0.4706241,0.4706241,0.4706241,0.4706241,0.4706241,0.4706241,0.4706241,0.4706241,0.4706241,0.4706241,0.4706241,0.4706241,0.4706241,0.4706241,0.4706241,0.4706241,0.4706241,0.4706241,0.4706241,0.4706241,0.4706241,0.4706241,0.4706241,0.4706241,0.4706241,0.4706241,0.4706241,0.4706241,0.4706241,0.4706241,0.4706241,0.4706241,0.4706241,0.4706241,0.4706241,0.4706241,0.4706241,0.4706241,0.4706241,0.4706241,0.4706241,0.4706241,0.4706241,0.4706241,0.4706241,0.4706241,0.4706241,0.4706241,0.4706241,0.4706241,0.4706241,0.4706241,0.4706241,0.4706241,0.4706241,0.4706241,0.4706241,0.4706241,0.4706241,0.4706241,0.4706241,0.4706241,0.4706241,0.4706241,0.4706241,0.4706241,0.4706241,0.4706241,0.4706241,0.4706241,0.4706241,0
0,0.4706241,0.4706241,0.4706241,0.4706241,0.4706241,0.4706241,0.4706241,0.4706241,0.4706241,0.4706241,0.4706241,0.4706241,0.4706241,0.4706241,0.4706241,0.4706241,0.4706241,0.4706241,0.4706241,0.4706241,0.4706241,0.4706241,0.4706241,0.4706241,0.4706241,0.4706241,0.4706241,0.4706241,0.4706241,0.4706241,0.4706241,0.4706241,0.4706241,0.4706241,0.4706241,0.4706241,0.4706241,0.4706241,0.4706241,0.4706241,0.4706241,0.4706241,0.4706241,0.4706241,0.4706241,0.4706241,0.4706241,0.4706241,0.4706241,0.4706241,0.4706241,0.4706241,0.4706241,0.4706241,0.4706241,0.4706241,0.4706241,0.4706241,0.4706241,0.4706241,0.4706241,0.4706241,0.4706241,0.4706241,0.4706241,0.4706241,0.4706241,0.4706241,0.4706241,0.4706241,0.4706241,0.4706241,0.4706241,0.4706241,0.4706241,0.4706241,0.4706241,0.4706241,0.4706241,0.4706241,0.4706241,0.4706241,0.4706241,0.4706241,0.4706241,0.4706241,0.4706241,0.4706241,0.4706241,0.4706241,0.4706241,0.4706241,0.4706241,0.4706241,0.4706241,0.4706241,0.4706241,0.4706241,0.4706241,0.4706241,0.4706241,0.4706241,0.4706241,0.4706241,0.4706241,0.4706241,0.4706241,0.4706241,0.4706241,0.4706241,0.4706241,0.4706241,0.4706241,0.4706241,0.4706241,0.4706241,0.4706241,0.4706241,0.4706241,0.4706241,0.4706241,0.4706241,0.4706241,0.4706241,0.4706241,0.4706241,0.4706241,0.4706241,0.4706241,0.4706241,0.4706241,0.4706241,0.4706241,0.4706241,0.4706241,0.4706241,0.4706241,0.4706241,0.4706241,0.4706241,0.4706241,0.4706241,0.4706241,0.4706241,0.4706241,0.4706241,0.4706241,0.4706241,0.4706241,0.4706241,0.4706241,0.4706241,0.4706241,0.4706241,0.4706241,0.4706241,0.4706241,0.4706241,0.4706241,0.4706241,0.4706241,0.4706241,0.4706241,0.4706241,0.4706241,0.4706241,0.4706241,0.4706241,0.4706241,0.4706241,0.4706241,0.4706241,0.4706241,0.4706241,0.4706241,0.4706241,0.4706241,0.4706241,0.4706241,0.4706241,0.4706241,0.4706241,0.4706241,0.4706241,0.4706241,0.4706241,0.4706241,0.4706241,0.4706241,0.4706241,0.4706241,0.4706241,0.4706241,0.4706241,0.4706241,0.4706241,0
0,0.4706241,0.4706241,0.4706241,0.4706241,0.4706241,0.4706241,0.4706241,0.4706241,0.4706241,0.4706241,0.4706241,0.4706241,0.4706241,0.4706241,0.4706241,0.4706241,0.4706241,0.4706241,0.4706241,0.4706241,0.4706241,0.4706241,0.4706241,0.4706241,0.4706241,0.4706241,0.4706241,0.4706241,0.4706241,0.4706241,0.4706241,0.4706241,0.4706241,0.4706241,0.4706241,0.4706241,0.4706241,0.4706241,0.4706241,0.4706241,0.4706241,0.4706241,0.4706241,0.4706241,0.4706241,0.4706241,0.4706241,0.4706241,0.4706241,0.4706241,0.4706241,0.4706241,0.4706241,0.4706241,0.4706241,0.4706241,0.4706241,0.4706241,0.4706241,0.4706241,0.4706241,0.4706241,0.4706241,0.4706241,0.4706241,0.4706241,0.4706241,0.4706241,0.4706241,0.4706241,0.4706241,0.4706241,0.4706241,0.4706241,0.4706241,0.4706241,0.4706241,0.4706241,0.4706241,0.4706241,0.4706241,0.4706241,0.4706241,0.4706241,0.4706241,0.4706241,0.4706241,0.4706241,0.4706241,0.4706241,0.4706241,0.4706241,0.4706241,0.4706241,0.4706241,0.4706241,0.4706241,0.4706241,0.4706241,0.4706241,0.4706241,0.4706241,0.4706241,0.4706241,0.4706241,0.4706241,0.4706241,0.4706241,0.4706241,0.4706241,0.4706241,0.4706241,0.4706241,0.4706241,0.4706241,0.4706241,0.4706241,0.4706241,0.4706241,0.4706241,0.4706241,0.4706241,0.4706241,0.4706241,0.4706241,0.4706241,0.4706241,0.4706241,0.4706241,0.4706241,0.4706241,0.4706241,0.4706241,0.4706241,0.4706241,0.4706241,0.4706241,0.4706241,0.4706241,0.4706241,0.4706241,0.4706241,0.4706241,0.4706241,0.4706241,0.4706241,0.4706241,0.4706241,0.4706241,0.4706241,0.4706241,0.4706241,0.4706241,0.4706241,0.4706241,0.4706241,0.4706241,0.4706241,0.4706241,0.4706241,0.4706241,0.4706241,0.4706241,0.4706241,0.4706241,0.4706241,0.4706241,0.4706241,0.4706241,0.4706241,0.4706241,0.4706241,0.4706241,0.4706241,0.4706241,0.4706241,0.4706241,0.4706241,0.4706241,0.4706241,0.4706241,0.4706241,0.4706241,0.4706241,0.4706241,0.4706241,0.4706241,0.4706241,0.4706241,0.4706241,0.4706241,0.4706241,0.4706241,0.4706241,0.4706241,0.4706241,0
0,0.4706241,0.4706241,0.4706241,0.4706241,0.4706241,0.4706241,0.4706241,0.4706241,0.4706241,0.4706241,0.4706241,0.4706241,0.4706241,0.4706241,0.4706241,0.4706241,0.4706241,0.4706241,0.4706241,0.4706241,0.4706241,0.4706241,0.4706241,0.4706241,0.4706241,0.4706241,0.4706241,0.4706241,0.4706241,0.4706241,0.4706241,0.4706241,0.4706241,0.4706241,0.4706241,0.4706241,0.4706241,0.4706241,0.4706241,0.4706241,0.4706241,0.4706241,0.4706241,0.4706241,0.4706241,0.4706241,0.4706241,0.4706241,0.4706241,0.4706241,0.4706241,0.4706241,0.4706241,0.4706241,0.4706241,0.4706241,0.4706241,0.4706241,0.4706241,0.4706241,0.4706241,0.4706241,0.4706241,0.4706241,0.4706241,0.4706241,0.4706241,0.4706241,0.4706241,0.4706241,0.4706241,0.4706241,0.4706241,0.4706241,0.4706241,0.4706241,0.4706241,0.4706241,0.4706241,0.4706241,0.4706241,0.4706241,0.4706241,0.4706241,0.4706241,0.4706241,0.4706241,0.4706241,0.4706241,0.4706241,0.4706241,0.4706241,0.4706241,0.4706241,0.4706241,0.4706241,0.4706241,0.4706241,0.4706241,0.4706241,0.4706241,0.4706241,0.4706241,0.4706241,0.4706241,0.4706241,0.4706241,0.4706241,0.4706241,0.4706241,0.4706241,0.4706241,0.4706241,0.4706241,0.4706241,0.4706241,0.4706241,0.4706241,0.4706241,0.4706241,0.4706241,0.4706241,0.4706241,0.4706241,0.4706241,0.4706241,0.4706241,0.4706241,0.4706241,0.4706241,0.4706241,0.4706241,0.4706241,0.4706241,0.4706241,0.4706241,0.4706241,0.4706241,0.4706241,0.4706241,0.4706241,0.4706241,0.4706241,0.4706241,0.4706241,0.4706241,0.4706241,0.4706241,0.4706241,0.4706241,0.4706241,0.4706241,0.4706241,0.4706241,0.4706241,0.4706241,0.4706241,0.4706241,0.4706241,0.4706241,0.4706241,0.4706241,0.4706241,0.4706241,0.4706241,0.4706241,0.4706241,0.4706241,0.4706241,0.4706241,0.4706241,0.4706241,0.4706241,0.4706241,0.4706241,0.4706241,0.4706241,0.4706241,0.4706241,0.4706241,0.4706241,0.4706241,0.4706241,0.4706241,0.4706241,0.4706241,0.4706241,0.4706241,0.4706241,0.4706241,0.4706241,0.4706241,0.4706241,0.4706241,0.4706241,0.4706241,0
0,0.4706241,0.4706241,0.4706241,0.4706241,0.4706241,0.4706241,0.4706241,0.4706241,0.4706241,0.4706241,0.4706241,0.4706241,0.4706241,0.4706241,0.4706241,0.4706241,0.4706241,0.4706241,0.4706241,0.4706241,0.4706241,0.4706241,0.4706241,0.4706241,0.4706241,0.4706241,0.4706241,0.4706241,0.4706241,0.4706241,0.4706241,0.4706241,0.4706241,0.4706241,0.4706241,0.4706241,0.4706241,0.4706241,0.4706241,0.4706241,0.4706241,0.4706241,0.4706241,0.4706241,0.4706241,0.4706241,0.4706241,0.4706241,0.4706241,0.4706241,0.4706241,0.4706241,0.4706241,0.4706241,0.4706241,0.4706241,0.4706241,0.4706241,0.4706241,0.4706241,0.4706241,0.4706241,0.4706241,0.4706241,0.4706241,0.4706241,0.4706241,0.4706241,0.4706241,0.4706241,0.4706241,0.4706241,0.4706241,0.4706241,0.4706241,0.4706241,0.4706241,0.4706241,0.4706241,0.4706241,0.4706241,0.4706241,0.4706241,0.4706241,0.4706241,0.4706241,0.4706241,0.4706241,0.4706241,0.4706241,0.4706241,0.4706241,0.4706241,0.4706241,0.4706241,0.4706241,0.4706241,0.4706241,0.4706241,0.4706241,0.4706241,0.4706241,0.4706241,0.4706241,0.4706241,0.4706241,0.4706241,0.4706241,0.4706241,0.4706241,0.4706241,0.4706241,0.4706241,0.4706241,0.4706241,0.4706241,0.4706241,0.4706241,0.4706241,0.4706241,0.4706241,0.4706241,0.4706241,0.4706241,0.4706241,0.4706241,0.4706241,0.4706241,0.4706241,0.4706241,0.4706241,0.4706241,0.4706241,0.4706241,0.4706241,0.4706241,0.4706241,0.4706241,0.4706241,0.4706241,0.4706241,0.4706241,0.4706241,0.4706241,0.4706241,0.4706241,0.4706241,0.4706241,0.4706241,0.4706241,0.4706241,0.4706241,0.4706241,0.4706241,0.4706241,0.4706241,0.4706241,0.4706241,0.4706241,0.4706241,0.4706241,0.4706241,0.4706241,0.4706241,0.4706241,0.4706241,0.4706241,0.4706241,0.4706241,0.4706241,0.4706241,0.4706241,0.4706241,0.4706241,0.4706241,0.4706241,0.4706241,0.4706241,0.4706241,0.4706241,0.4706241,0.4706241,0.4706241,0.4706241,0.4706241,0.4706241,0.4706241,0.4706241,0.4706241,0.4706241,0.4706241,0.4706241,0.4706241,0.4706241,0.4706241,0.4706241,0
0,0.4706241,0.4706241,0.4706241,0.4706241,0.4706241,0.4706241,0.4706241,0.4706241,0.4706241,0.4706241,0.4706241,0.4706241,0.4706241,0.4706241,0.4706241,0.4706241,0.4706241,0.4706241,0.4706241,0.4706241,0.4706241,0.4706241,0.4706241,0.4706241,0.4706241,0.4706241,0.4706241,0.4706241,0.4706241,0.4706241,0.4706241,0.4706241,0.4706241,0.4706241,0.4706241,0.4706241,0.4706241,0.4706241,0.4706241,0.4706241,0.4706241,0.4706241,0.4706241,0.4706241,0.4706241,0.4706241,0.4706241,0.4706241,0.4706241,0.4706241,0.4706241,0.4706241,0.4706241,0.4706241,0.4706241,0.4706241,0.4706241,0.4706241,0.4706241,0.4706241,0.4706241,0.4706241,0.4706241,0.4706241,0.4706241,0.4706241,0.4706241,0.4706241,0.4706241,0.4706241,0.4706241,0.4706241,0.4706241,0.4706241,0.4706241,0.4706241,0.4706241,0.4706241,0.4706241,0.4706241,0.4706241,0.4706241,0.4706241,0.4706241,0.4706241,0.4706241,0.4706241,0.4706241,0.4706241,0.4706241,0.4706241,0.4706241,0.4706241,0.4706241,0.4706241,0.4706241,0.4706241,0.4706241,0.4706241,0.4706241,0.4706241,0.4706241,0.4706241,0.4706241,0.4706241,0.4706241,0.4706241,0.4706241,0.4706241,0.4706241,0.4706241,0.4706241,0,0,0,0,0,0,-0.7328456,-0.7328456,-0.7328456,-0.7328456,-0.7328456,-0.7328456,-0.7328456,-0.7328456,-0.7328456,-0.7328456,-0.7328456,-0.7328456,-0.7328456,-0.7328456,-0.7328456,-0.7328456,-0.7328456,-0.7328456,-0.7328456,-0.7328456,-0.7328456,-0.7328456,-0.7328456,-0.7328456,-0.7328456,-0.7328456,-0.7328456,-0.7328456,-0.7328456,-0.7328456,-0.7328456,-0.7328456,-0.7328456,-0.7328456,-0.7328456,-0.7328456,-0.7328456,-0.7328456,-0.7328456,-0.7328456,-0.7328456,-0.7328456,-0.7328456,-0.7328456,-0.7328456,-0.7328456,-0.7328456,-0.7328456,-0.7328456,-0.7328456,-0.7328456,-0.7328456,-0.7328456,-0.7328456,-0.7328456,-0.7328456,-0.7328456,-0.7328456,-0.7328456,-0.7328456,-0.7328456,-0.7328456,-0.7328456,-0.7328456,-0.7328456,-0.7328456,-0.7328456,-0.7328456,-0.7328456,-0.7328456,-0.7328456,-0.7328456,-0.7328456,-0.7328456,-0.7328456,-0.7328456,-0.7328456,-0.7328456,0
0,-0.7328456,-0.7328456,-0.7328456,-0.7328456,-0.7328456,-0.7328456,-0.7328456,-0.7328456,-0.7328456,-0.7328456,-0.7328456,-0.7328456,-0.7328456,-0.7328456,-0.7328456,-0.7328456,-0.7328456,-0.7328456,-0.7328456,-0.7328456,-0.7328456,-0.7328456,-0.7328456,-0.7328456,-0.7328456,-0.7328456,-0.7328456,-0.7328456,-0.7328456,-0.7328456,-0.7328456,-0.7328456,-0.7328456,-0.7328456,-0.7328456,-0.7328456,-0.7328456,-0.7328456,-0.7328456,-0.7328456,-0.7328456,-0.7328456,-0.7328456,-0.7328456,-0.7328456,-0.7328456,-0.7328456,-0.7328456,-0.7328456,-0.7328456,-0.7328456,-0.7328456,-0.7328456,-0.7328456,-0.7328456,-0.7328456,-0.7328456,-0.7328456,-0.7328456,-0.7328456,-0.7328456,-0.7328456,-0.7328456,-0.7328456,-0.7328456,-0.7328456,-0.7328456,-0.7328456,-0.7328456,-0.7328456,-0.7328456,-0.7328456,-0.7328456,-0.7328456,-0.7328456,-0.7328456,-0.7328456,-0.7328456,-0.7328456,-0.7328456,-0.7328456,-0.7328456,-0.7328456,-0.7328456,-0.7328456,-0.7328456,-0.7328456,-0.7328456,-0.7328456,-0.7328456,-0.7328456,-0.7328456,-0.7328456,-0.7328456,-0.7328456,-0.7328456,-0.7328456,-0.7328456,-0.7328456,-0.7328456,-0.7328456,-0.7328456,-0.7328456,-0.7328456,-0.7328456,-0.7328456,-0.7328456,-0.7328456,-0.7328456,-0.7328456,-0.7328456,-0.7328456,-0.7328456,-0.7328456,-0.7328456,-0.7328456,-0.7328456,-0.7328456,-0.7328456,-0.7328456,-0.7328456,-0.7328456,-0.7328456,-0.7328456,-0.7328456,-0.7328456,-0.7328456,-0.7328456,-0.7328456,-0.7328456,-0.7328456,-0.7328456,-0.7328456,-0.7328456,-0.7328456,-0.7328456,-0.7328456,-0.7328456,-0.7328456,-0.7328456,-0.7328456,-0.7328456,-0.7328456,-0.7328456,-0.7328456,-0.7328456,-0.7328456,-0.7328456,-0.7328456,-0.7328456,-0.7328456,-0.7328456,-0.7328456,-0.7328456,-0.7328456,-0.7328456,-0.7328456,-0.7328456,-0.7328456,-0.7328456,-0.7328456,-0.7328456,-0.7328456,-0.7328456,-0.7328456,-0.7328456,-0.7328456,-0.7328456,-0.7328456,-0.7328456,-0.7328456,-0.7328456,-0.7328456,-0.7328456,-0.7328456,-0.7328456,-0.7328456,-0.7328456,-0.7328456,-0.7328456,-0.7328456,-0.7328456,-0.7328456,-0.7328456,-0.7328456,-0.7328456,-0.7328456,-0.7328456,-0.7328456,-0.7328456,-0.7328456,-0.7328456,-0.7328456,-0.7328456,-0.7328456,-0.7328456,0
0,-0.7328456,-0.7328456,-0.7328456,-0.7328456,-0.7328456,-0.7328456,-0.7328456,-0.7328456,-0.7328456,-0.7328456,-0.7328456,-0.7328456,-0.7328456,-0.7328456,-0.7328456,-0.7328456,-0.7328456,-0.7328456,-0.7328456,-0.7328456,-0.7328456,-0.7328456,-0.7328456,-0.7328456,-0.7328456,-0.7328456,-0.7328456,-0.7328456,-0.7328456,-0.7328456,-0.7328456,-0.7328456,-0.7328456,-0.7328456,-0.7328456,-0.7328456,-0.7328456,-0.7328456,-0.7328456,-0.7328456,-0.7328456,-0.7328456,-0.7328456,-0.7328456,-0.7328456,-0.7328456,-0.7328456,-0.7328456,-0.7328456,-0.7328456,-0.7328456,-0.7328456,-0.7328456,-0.7328456,-0.7328456,-0.7328456,-0.7328456,-0.7328456,-0.7328456,-0.7328456,-0.7328456,-0.7328456,-0.7328456,-0.7328456,-0.7328456,-0.7328456,-0.7328456,-0.7328456,-0.7328456,-0.7328456,-0.7328456,-0.7328456,-0.7328456,-0.7328456,-0.7328456,-0.7328456,-0.7328456,-0.7328456,-0.7328456,-0.7328456,-0.7328456,-0.7328456,-0.7328456,-0.7328456,-0.7328456,-0.7328456,-0.7328456,-0.7328456,-0.7328456,-0.7328456,-0.7328456,-0.7328456,-0.7328456,-0.7328456,-0.7328456,-0.7328456,-0.7328456,-0.7328456,-0.7328456,-0.7328456,-0.7328456,-0.7328456,-0.7328456,-0.7328456,-0.7328456,-0.7328456,-0.7328456,-0.7328456,-0.7328456,-0.7328456,-0.7328456,-0.7328456,-0.7328456,-0.7328456,-0.7328456,-0.7328456,-0.7328456,-0.7328456,-0.7328456,-0.7328456,-0.7328456,-0.7328456,-0.7328456,-0.7328456,-0.7328456,-0.7328456,-0.7328456,-0.7328456,-0.7328456,-0.7328456,-0.7328456,-0.7328456,-0.7328456,-0.7328456,-0.7328456,-0.7328456,-0.7328456,-0.7328456,-0.7328456,-0.7328456,-0.7328456,-0.7328456,-0.7328456,-0.7328456,-0.7328456,-0.7328456,-0.7328456,-0.7328456,-0.7328456,-0.7328456,-0.7328456,-0.7328456,-0.7328456,-0.7328456,-0.7328456,-0.7328456,-0.7328456,-0.7328456,-0.7328456,-0.7328456,-0.7328456,-0.7328456,-0.7328456,-0.7328456,-0.7328456,-0.7328456,-0.7328456,-0.7328456,-0.7328456,-0.7328456,-0.7328456,-0.7328456,-0.7328456,-0.7328456,-0.7328456,-0.7328456,-0.7328456,-0.7328456,-0.7328456,-0.7328456,-0.7328456,-0.7328456,-0.7328456,-0.7328456,-0.7328456,-0.7328456,-0.7328456,-0.7328456,-0.7328456,-0.7328456,-0.7328456,-0.7328456,-0.7328456,-0.7328456,-0.7328456,-0.7328456,0
0,-0.7328456,-0.7328456,-0.7328456,-0.7328456,-0.7328456,-0.7328456,-0.7328456,-0.7328456,-0.7328456,-0.7328456,-0.7328456,-0.7328456,-0.7328456,-0.7328456,-0.7328456,-0.7328456,-0.7328456,-0.7328456,-0.7328456,-0.7328456,-0.7328456,-0.7328456,-0.7328456,-0.7328456,-0.7328456,-0.7328456,-0.7328456,-0.7328456,-0.7328456,-0.7328456,-0.7328456,-0.7328456,-0.7328456,-0.7328456,-0.7328456,-0.7328456,-0.7328456,-0.7328456,-0.7328456,-0.7328456,-0.7328456,-0.7328456,-0.7328456,-0.7328456,-0.7328456,-0.7328456,-0.7328456,-0.7328456,-0.7328456,-0.7328456,-0.7328456,-0.7328456,-0.7328456,-0.7328456,-0.7328456,-0.7328456,-0.7328456,-0.7328456,-0.7328456,-0.7328456,-0.7328456,-0.7328456,-0.7328456,-0.7328456,-0.7328456,-0.7328456,-0.7328456,-0.7328456,-0.7328456,-0.7328456,-0.7328456,-0.7328456,-0.7328456,-0.7328456,-0.7328456,-0.7328456,-0.7328456,-0.7328456,-0.7328456,-0.7328456,-0.7328456,-0.7328456,-0.7328456,-0.7328456,-0.7328456,-0.7328456,-0.7328456,-0.7328456,-0.7328456,-0.7328456,-0.7328456,-0.7328456,-0.7328456,-0.7328456,-0.7328456,-0.7328456,-0.7328456,-0.7328456,-0.7328456,-0.7328456,-0.7328456,-0.7328456,-0.7328456,-0.7328456,-0.7328456,-0.7328456,-0.7328456,-0.7328456,-0.7328456,-0.7328456,-0.7328456,-0.7328456,-0.7328456,-0.7328456,-0.7328456,-0.7328456,-0.7328456,-0.7328456,-0.7328456,-0.7328456,-0.7328456,-0.7328456,-0.7328456,-0.7328456,-0.7328456,-0.7328456,-0.7328456,-0.7328456,-0.7328456,-0.7328456,-0.7328456,-0.7328456,-0.7328456,-0.7328456,-0.7328456,-0.7328456,-0.7328456,-0.7328456,-0.7328456,-0.7328456,-0.7328456,-0.7328456,-0.7328456,-0.7328456,-0.7328456,-0.7328456,-0.7328456,-0.7328456,-0.7328456,-0.7328456,-0.7328456,-0.7328456,-0.7328456,-0.7328456,-0.7328456,-0.7328456,-0.7328456,-0.7328456,-0.7328456,-0.7328456,-0.7328456,-0.7328456,-0.7328456,-0.7328456,-0.7328456,-0.7328456,-0.7328456,-0.7328456,-0.7328456,-0.7328456,-0.7328456,-0.7328456,-0.7328456,-0.7328456,-0.7328456,-0.7328456,-0.7328456,-0.7328456,-0.7328456,-0.7328456,-0.7328456,-0.7328456,-0.7328456,-0.7328456,-0.7328456,-0.7328456,-0.7328456,-0.7328456,-0.7328456,-0.7328456,-0.7328456,-0.7328456,-0.7328456,-0.7328456,-0.7328456,-0.7328456,0
0,-0.7328456,-0.7328456,-0.7328456,-0.7328456,-0.7328456,-0.7328456,-0.7328456,-0.7328456,-0.7328456,-0.7328456,-0.7328456,-0.7328456,-0.7328456,-0.7328456,-0.7328456,-0.7328456,-0.7328456,-0.7328456,-0.7328456,-0.7328456,-0.7328456,-0.7328456,-0.7328456,-0.7328456,-0.7328456,-0.7328456,-0.7328456,-0.7328456,-0.7328456,-0.7328456,-0.7328456,-0.7328456,-0.7328456,-0.7328456,-0.7328456,-0.7328456,-0.7328456,-0.7328456,-0.7328456,-0.7328456,-0.7328456,-0.7328456,-0.7328456,-0.7328456,-0.7328456,-0.7328456,-0.7328456,-0.7328456,-0.7328456,-0.7328456,-0.7328456,-0.7328456,-0.7328456,-0.7328456,-0.7328456,-0.7328456,-0.7328456,-0.7328456,-0.7328456,-0.7328456,-0.7328456,-0.7328456,-0.7328456,-0.7328456,-0.7328456,-0.7328456,-0.7328456,-0.7328456,-0.7328456,-0.7328456,-0.7328456,-0.7328456,-0.7328456,-0.7328456,-0.7328456,-0.7328456,-0.7328456,-0.7328456,-0.7328456,-0.7328456,-0.7328456,-0.7328456,-0.7328456,-0.7328456,-0.7328456,-0.7328456,-0.7328456,-0.7328456,-0.7328456,-0.7328456,-0.7328456,-0.7328456,-0.7328456,-0.7328456,-0.7328456,-0.7328456,-0.7328456,-0.7328456,-0.7328456,-0.7328456,-0.7328456,-0.7328456,-0.7328456,-0.7328456,-0.7328456,-0.7328456,-0.7328456,-0.7328456,-0.7328456,-0.7328456,-0.7328456,-0.7328456,-0.7328456,-0.7328456,-0.7328456,-0.7328456,-0.7328456,-0.7328456,-0.7328456,-0.7328456,-0.7328456,-0.7328456,-0.7328456,-0.7328456,-0.7328456,-0.7328456,-0.7328456,-0.7328456,-0.7328456,-0.7328456,-0.7328456,-0.7328456,-0.7328456,-0.7328456,-0.7328456,-0.7328456,-0.7328456,-0.7328456,-0.7328456,-0.7328456,-0.7328456,-0.7328456,-0.7328456,-0.7328456,-0.7328456,-0.7328456,-0.7328456,-0.7328456,-0.7328456,-0.7328456,-0.7328456,-0.7328456,-0.7328456,-0.7328456,-0.7328456,-0.7328456,-0.7328456,-0.7328456,-0.7328456,-0.7328456,-0.7328456,-0.7328456,-0.7328456,-0.7328456,-0.7328456,-0.7328456,-0.7328456,-0.7328456,-0.7328456,-0.7328456,-0.7328456,-0.7328456,-0.7328456,-0.7328456,-0.7328456,-0.7328456,-0.7328456,-0.7328456,-0.7328456,-0.7328456,-0.7328456,-0.7328456,-0.7328456,-0.7328456,-0.7328456,-0.7328456,-0.7328456,-0.7328456,-0.7328456,-0.7328456,-0.7328456,-0.7328456,-0.7328456,-0.7328456,-0.7328456,-0.7328456,0
0,-0.7328456,-0.7328456,-0.7328456,-0.7328456,-0.7328456,-0.7328456,-0.7328456,-0.7328456,-0.7328456,-0.7328456,-0.7328456,-0.7328456,-0.7328456,-0.7328456,-0.7328456,-0.7328456,-0.7328456,-0.7328456,-0.7328456,-0.7328456,-0.7328456,-0.7328456,-0.7328456,-0.7328456,-0.7328456,-0.7328456,-0.7328456,-0.7328456,-0.7328456,-0.7328456,-0.7328456,-0.7328456,-0.7328456,-0.7328456,-0.7328456,-0.7328456,-0.7328456,-0.7328456,-0.7328456,-0.7328456,-0.7328456,-0.7328456,-0.7328456,-0.7328456,-0.7328456,-0.7328456,-0.7328456,-0.7328456,-0.7328456,-0.7328456,-0.7328456,-0.7328456,-0.7328456,-0.7328456,-0.7328456,-0.7328456,-0.7328456,-0.7328456,-0.7328456,-0.7328456,-0.7328456,-0.7328456,-0.7328456,-0.7328456,-0.7328456,-0.7328456,-0.7328456,0,1.2838246,1.2838246,1.2838246,1.2838246,1.2838246,1.2838246,1.2838246,1.2838246,1.2838246,1.2838246,1.2838246,1.2838246,1.2838246,1.2838246,1.2838246,1.2838246,1.2838246,1.2838246,1.2838246,1.2838246,1.2838246,1.2838246,1.2838246,1.2838246,1.2838246,1.2838246,1.2838246,1.2838246,1.2838246,1.2838246,1.2838246,1.2838246,1.2838246,1.2838246,1.2838246,1.2838246,1.2838246,1.2838246,1.2838246,1.2838246,1.2838246,1.2838246,1.2838246,1.2838246,1.2838246,1.2838246,1.2838246,1.2838246,1.2838246,1.2838246,1.2838246,1.2838246,1.2838246,1.2838246,1.2838246,1.2838246,1.2838246,1.2838246,1.2838246,1.2838246,1.2838246,1.2838246,1.2838246,1.2838246,1.2838246,1.2838246,1.2838246,1.2838246,1.2838246,1.2838246,1.2838246,1.2838246,1.2838246,1.2838246,1.2838246,1.2838246,1.2838246,1.2838246,1.2838246,1.2838246,1.2838246,1.2838246,1.2838246,1.2838246,1.2838246,1.2838246,1.2838246,1.2838246,1.2838246,1.2838246,1.2838246,1.2838246,1.2838246,1.2838246,1.2838246,1.2838246,1.2838246,1.2838246,1.2838246,1.2838246,1.2838246,1.2838246,1.2838246,1.2838246,1.2838246,1.2838246,1.2838246,1.2838246,1.2838246,1.2838246,1.2838246,1.2838246,1.2838246,1.2838246,1.2838246,1.2838246,1.2838246,1.2838246,1.2838246,1.2838246,1.2838246,1.2838246,1.2838246,1.2838246,1.2838246,1.2838246,1.2838246,1.2838246,0
0,1.2838246,1.2838246,1.2838246,1.2838246,1.2838246,1.2838246,1.2838246,1.2838246,1.2838246,1.2838246,1.2838246,1.2838246,1.2838246,1.2838246,1.2838246,1.2838246,1.2838246,1.2838246,1.2838246,1.2838246,1.2838246,1.2838246,1.2838246,1.2838246,1.2838246,1.2838246,1.2838246,1.2838246,1.2838246,1.2838246,1.2838246,1.2838246,1.2838246,1.2838246,1.2838246,1.2838246,1.2838246,1.2838246,1.2838246,1.2838246,1.2838246,1.2838246,1.2838246,1.2838246,1.2838246,1.2838246,1.2838246,1.2838246,1.2838246,1.2838246,1.2838246,1.2838246,1.2838246,1.2838246,1.2838246,1.2838246,1.2838246,1.2838246,1.2838246,1.2838246,1.2838246,1.2838246,1.2838246,1.2838246,1.2838246,1.2838246,1.2838246,1.2838246,1.2838246,1.2838246,1.2838246,1.2838246,1.2838246,1.2838246,1.2838246,1.2838246,1.2838246,1.2838246,1.2838246,1.2838246,1.2838246,1.2838246,1.2838246,1.2838246,1.2838246,1.2838246,1.2838246,1.2838246,1.2838246,1.2838246,1.2838246,1.2838246,1.2838246,1.2838246,1.2838246,1.2838246,1.2838246,1.2838246,1.2838246,1.2838246,1.2838246,1.2838246,1.2838246,1.2838246,1.2838246,1.2838246,1.2838246,1.2838246,1.2838246,1.2838246,1.2838246,1.2838246,1.2838246,1.2838246,1.2838246,1.2838246,1.2838246,1.2838246,1.2838246,1.2838246,1.2838246,1.2838246,1.2838246,1.2838246,1.2838246,1.2838246,1.2838246,1.2838246,1.2838246,1.2838246,1.2838246,1.2838246,1.2838246,1.2838246,1.2838246,1.2838246,1.2838246,1.2838246,1.2838246,1.2838246,1.2838246,1.2838246,1.2838246,1.2838246,1.2838246,1.2838246,1.2838246,1.2838246,1.2838246,1.2838246,1.2838246,1.2838246,1.2838246,1.2838246,1.2838246,1.2838246,1.2838246,1.2838246,1.2838246,1.2838246,1.2838246,1.2838246,1.2838246,1.2838246,1.2838246,1.2838246,1.2838246,1.2838246,1.2838246,1.2838246,1.2838246,1.2838246,1.2838246,1.2838246,1.2838246,1.2838246,1.2838246,1.2838246,1.2838246,1.2838246,1.2838246,1.2838246,1.2838246,1.2838246,1.2838246,1.2838246,1.2838246,1.2838246,1.2838246,1.2838246,1.2838246,1.2838246,1.2838246,1.2838246,1.2838246,1.2838246,0
0,1.2838246,1.2838246,1.2838246,1.2838246,1.2838246,1.2838246,1.2838246,1.2838246,1.2838246,1.2838246,1.2838246,1.2838246,1.2838246,1.2838246,1.2838246,1.2838246,1.2838246,1.2838246,1.2838246,1.2838246,1.2838246,1.2838246,1.2838246,1.2838246,1.2838246,1.2838246,1.2838246,1.2838246,1.2838246,1.2838246,1.2838246,1.2838246,1.2838246,1.2838246,1.2838246,1.2838246,1.2838246,1.2838246,1.2838246,1.2838246,1.2838246,1.2838246,1.2838246,1.2838246,1.2838246,1.2838246,1.2838246,1.2838246,1.2838246,1.2838246,1.2838246,1.2838246,1.2838246,1.2838246,1.2838246,1.2838246,1.2838246,1.2838246,1.2838246,1.2838246,1.2838246,1.2838246,1.2838246,1.2838246,1.2838246,1.2838246,1.2838246,1.2838246,1.2838246,1.2838246,1.2838246,1.2838246,1.2838246,1.2838246,1.2838246,1.2838246,1.2838246,1.2838246,1.2838246,1.2838246,1.2838246,1.2838246,1.2838246,1.2838246,1.2838246,1.2838246,1.2838246,1.2838246,1.2838246,1.2838246,1.2838246,1.2838246,1.2838246,1.2838246,1.2838246,1.2838246,1.2838246,1.2838246,1.2838246,1.2838246,1.2838246,1.2838246,1.2838246,1.2838246,1.2838246,1.2838246,1.2838246,1.2838246,1.2838246,1.2838246,1.2838246,1.2838246,1.2838246,1.2838246,1.2838246,1.2838246,1.2838246,1.2838246,1.2838246,1.2838246,1.2838246,1.2838246,1.2838246,1.2838246,1.2838246,1.2838246,1.2838246,1.2838246,1.2838246,1.2838246,1.2838246,1.2838246,1.2838246,1.2838246,1.2838246,1.2838246,1.2838246,1.2838246,1.2838246,1.2838246,1.2838246,1.2838246,1.2838246,1.2838246,1.2838246,1.2838246,1.2838246,1.2838246,1.2838246,1.2838246,1.2838246,1.2838246,1.2838246,1.2838246,1.2838246,1.2838246,1.2838246,1.2838246,1.2838246,1.2838246,1.2838246,1.2838246,1.2838246,1.2838246,1.2838246,1.2838246,1.2838246,1.2838246,1.2838246,1.2838246,1.2838246,1.2838246,1.2838246,1.2838246,1.2838246,1.2838246,1.2838246,1.2838246,1.2838246,1.2838246,1.2838246,1.2838246,1.2838246,1.2838246,1.2838246,1.2838246,1.2838246,1.2838246,1.2838246,1.2838246,1.2838246,1.2838246,1.2838246,1.2838246,1.2838246,1.2838246,0
0,1.2838246,1.2838246,1.2838246,1.2838246,1.2838246,1.2838246,1.2838246,1.2838246,1.2838246,1.2838246,1.2838246,1.2838246,1.2838246,1.2838246,1.2838246,1.2838246,1.2838246,1.2838246,1.2838246,1.2838246,1.2838246,1.2838246,1.2838246,1.2838246,1.2838246,1.2838246,1.2838246,1.2838246,1.2838246,1.2838246,1.2838246,1.2838246,1.2838246,1.2838246,1.2838246,1.2838246,1.2838246,1.2838246,1.2838246,1.2838246,1.2838246,1.2838246,1.2838246,1.2838246,1.2838246,1.2838246,1.2838246,1.2838246,1.2838246,1.2838246,1.2838246,1.2838246,1.2838246,1.2838246,1.2838246,1.2838246,1.2838246,1.2838246,1.2838246,1.2838246,1.2838246,1.2838246,1.2838246,1.2838246,1.2838246,1.2838246,1.2838246,1.2838246,1.2838246,1.2838246,1.2838246,1.2838246,1.2838246,1.2838246,1.2838246,1.2838246,1.2838246,1.2838246,1.2838246,1.2838246,1.2838246,1.2838246,1.2838246,1.2838246,1.2838246,1.2838246,1.2838246,1.2838246,1.2838246,1.2838246,1.2838246,1.2838246,1.2838246,1.2838246,1.2838246,1.2838246,1.2838246,1.2838246,1.2838246,1.2838246,1.2838246,1.2838246,1.2838246,1.2838246,1.2838246,1.2838246,1.2838246,1.2838246,1.2838246,1.2838246,1.2838246,1.2838246,1.2838246,1.2838246,1.2838246,1.2838246,1.2838246,1.2838246,1.2838246,1.2838246,1.2838246,1.2838246,1.2838246,1.2838246,1.2838246,1.2838246,1.2838246,1.2838246,1.2838246,1.2838246,1.2838246,1.2838246,1.2838246,1.2838246,1.2838246,1.2838246,1.2838246,1.2838246,1.2838246,1.2838246,1.2838246,1.2838246,1.2838246,1.2838246,1.2838246,1.2838246,1.2838246,1.2838246,1.2838246,1.2838246,1.2838246,1.2838246,1.2838246,1.2838246,1.2838246,1.2838246,1.2838246,1.2838246,1.2838246,1.2838246,1.2838246,1.2838246,1.2838246,1.2838246,1.2838246,1.2838246,1.2838246,1.2838246,1.2838246,1.2838246,1.2838246,1.2838246,1.2838246,1.2838246,1.2838246,1.2838246,1.2838246,1.2838246,1.2838246,1.2838246,1.2838246,1.2838246,1.2838246,1.2838246,1.2838246,1.2838246,1.2838246,1.2838246,1.2838246,1.2838246,1.2838246,1.2838246,1.2838246,1.2838246,1.2838246,1.2838246,0
0,1.2838246,1.2838246,1.2838246,1.2838246,1.2838246,1.2838246,1.2838246,1.2838246,1.2838246,1.2838246,1.2838246,1.2838246,1.2838246,1.2838246,1.2838246,1.2838246,1.2838246,1.2838246,1.2838246,1.2838246,1.2838246,1.2838246,1.2838246,1.2838246,1.2838246,1.2838246,1.2838246,1.2838246,1.2838246,1.2838246,1.2838246,1.2838246,1.2838246,1.2838246,1.2838246,1.2838246,1.2838246,1.2838246,1.2838246,1.2838246,1.2838246,1.2838246,1.2838246,1.2838246,1.2838246,1.2838246,1.2838246,1.2838246,1.2838246,1.2838246,1.2838246,1.2838246,1.2838246,1.2838246,1.2838246,1.2838246,1.2838246,1.2838246,1.2838246,1.2838246,1.2838246,1.2838246,1.2838246,1.2838246,1.2838246,1.2838246,1.2838246,1.2838246,1.2838246,1.2838246,1.2838246,1.2838246,1.2838246,1.2838246,1.2838246,1.2838246,1.2838246,1.2838246,1.2838246,1.2838246,1.2838246,1.2838246,1.2838246,1.2838246,1.2838246,1.2838246,1.2838246,1.2838246,1.2838246,1.2838246,1.2838246,1.2838246,1.2838246,1.2838246,1.2838246,1.2838246,1.2838246,1.2838246,1.2838246,1.2838246,1.2838246,1.2838246,1.2838246,1.2838246,1.2838246,1.2838246,1.2838246,1.2838246,1.2838246,1.2838246,1.2838246,1.2838246,1.2838246,1.2838246,1.2838246,1.2838246,1.2838246,1.2838246,1.2838246,1.2838246,1.2838246,1.2838246,1.2838246,1.2838246,1.2838246,1.2838246,1.2838246,1.2838246,1.2838246,1.2838246,1.2838246,1.2838246,1.2838246,1.2838246,1.2838246,1.2838246,1.2838246,1.2838246,1.2838246,1.2838246,1.2838246,1.2838246,1.2838246,1.2838246,1.2838246,1.2838246,1.2838246,1.2838246,1.2838246,1.2838246,1.2838246,1.2838246,1.2838246,1.2838246,1.2838246,1.2838246,1.2838246,1.2838246,1.2838246,1.2838246,1.2838246,1.2838246,1.2838246,1.2838246,1.2838246,1.2838246,1.2838246,1.2838246,1.2838246,1.2838246,1.2838246,1.2838246,1.2838246,1.2838246,1.2838246,1.2838246,1.2838246,1.2838246,1.2838246,1.2838246,1.2838246,1.2838246,1.2838246,1.2838246,1.2838246,1.2838246,1.2838246,1.2838246,1.2838246,1.2838246,1.2838246,1.2838246,1.2838246,1.2838246,1.2838246,1.2838246,0
0,1.2838246,1.2838246,1.2838246,1.2838246,1.2838246,1.2838246,1.2838246,1.2838246,1.2838246,1.2838246,1.2838246,1.2838246,1.2838246,1.2838246,1.2838246,1.2838246,1.2838246,1.2838246,1.2838246,1.2838246,1.2838246,1.2838246,1.2838246,1.2838246,1.2838246,1.2838246,1.2838246,1.2838246,1.2838246,1.2838246,1.2838246,1.2838246,1.2838246,1.2838246,1.2838246,1.2838246,1.2838246,1.2838246,1.2838246,1.2838246,1.2838246,1.2838246,1.2838246,1.2838246,1.2838246,1.2838246,1.2838246,1.2838246,1.2838246,1.2838246,1.2838246,1.2838246,1.2838246,1.2838246,1.2838246,1.2838246,1.2838246,1.2838246,1.2838246,1.2838246,1.2838246,1.2838246,1.2838246,1.2838246,1.2838246,1.2838246,1.2838246,1.2838246,1.2838246,1.2838246,1.2838246,1.2838246,1.2838246,1.2838246,1.2838246,1.2838246,1.2838246,1.2838246,1.2838246,1.2838246,1.2838246,1.2838246,1.2838246,1.2838246,1.2838246,1.2838246,1.2838246,1.2838246,1.2838246,1.2838246,1.2838246,1.2838246,1.2838246,1.2838246,1.2838246,1.2838246,1.2838246,1.2838246,1.2838246,1.2838246,1.2838246,1.2838246,1.2838246,1.2838246,1.2838246,1.2838246,1.2838246,1.2838246,1.2838246,1.2838246,1.2838246,1.2838246,1.2838246,1.2838246,1.2838246,1.2838246,1.2838246,1.2838246,1.2838246,1.2838246,1.2838246,1.2838246,1.2838246,1.2838246,1.2838246,1.2838246,1.2838246,1.2838246,1.2838246,1.2838246,1.2838246,1.2838246,1.2838246,1.2838246,1.2838246,1.2838246,1.2838246,1.2838246,1.2838246,1.2838246,1.2838246,1.2838246,1.2838246,1.2838246,1.2838246,1.2838246,1.2838246,1.2838246,1.2838246,1.2838246,1.2838246,1.2838246,1.2838246,1.2838246,1.2838246,1.2838246,1.2838246,1.2838246,1.2838246,1.2838246,1.2838246,1.2838246,1.2838246,1.2838246,1.2838246,1.2838246,1.2838246,1.2838246,1.2838246,1.2838246,1.2838246,1.2838246,1.2838246,1.2838246,1.2838246,1.2838246,1.2838246,1.2838246,1.2838246,1.2838246,1.2838246,1.2838246,1.2838246,1.2838246,1.2838246,1.2838246,1.2838246,1.2838246,1.2838246,1.2838246,1.2838246,1.2838246,1.2838246,1.2838246,1.2838246,1.2838246,0
0,1.2838246,1.2838246,1.2838246,1.2838246,1.2838246,1.2838246,1.2838246,1.2838246,1.2838246,1.2838246,1.2838246,1.2838246,1.2838246,1.2838246,1.2838246,1.2838246,1.2838246,1.2838246,1.2838246,1.2838246,1.2838246,1.2838246,1.2838246,1.2838246,1.2838246,1.2838246,1.2838246,1.2838246,1.2838246,1.2838246,1.2838246,1.2838246,1.2838246,1.2838246,1.2838246,1.2838246,1.2838246,1.2838246,1.2838246,1.2838246,1.2838246,1.2838246,1.2838246,1.2838246,1.2838246,1.2838246,1.2838246,1.2838246,1.2838246,1.2838246,1.2838246,1.2838246,1.2838246,1.2838246,1.2838246,1.2838246,1.2838246,1.2838246,1.2838246,1.2838246,1.2838246,1.2838246,1.2838246,1.2838246,1.2838246,1.2838246,1.2838246,1.2838246,1.2838246,1.2838246,1.2838246,1.2838246,1.2838246,1.2838246,1.2838246,1.2838246,1.2838246,1.2838246,1.2838246,1.2838246,1.2838246,1.2838246,1.2838246,1.2838246,1.2838246,1.2838246,1.2838246,1.2838246,1.2838246,1.2838246,1.2838246,1.2838246,1.2838246,1.2838246,1.2838246,1.2838246,1.2838246,1.2838246,1.2838246,1.2838246,1.2838246,1.2838246,1.2838246,1.2838246,1.2838246,1.2838246,1.2838246,1.2838246,1.2838246,1.2838246,1.2838246,1.2838246,1.2838246,1.2838246,1.2838246,1.2838246,1.2838246,1.2838246,1.2838246,1.2838246,1.2838246,1.2838246,1.2838246,1.2838246,1.2838246,1.2838246,1.2838246,1.2838246,1.2838246,1.2838246,1.2838246,1.2838246,1.2838246,1.2838246,1.2838246,1.2838246,1.2838246,1.2838246,1.2838246,1.2838246,1.2838246,1.2838246,1.2838246,1.2838246,1.2838246,1.2838246,1.2838246,1.2838246,1.2838246,1.2838246,1.2838246,1.2838246,1.2838246,1.2838246,1.2838246,1.2838246,1.2838246,1.2838246,1.2838246,0,0,0,0,0,0,0,0,0,0,0,0,0,0,0,0,0,0,0,0,0,0,0,0,0,0,0,0,0,0,0,0,0,0,0,0,0,0
0,0,0,0,0,0,0,0,0,0,0,0,0,0,0,0,0,0,0,0,0,0,0,0,0,0,0,0,0,0,0,0,0,0,0,0,0,0,0,0,0,0,0,0,0,0,0,0,0,0,0,0,0,0,0,0,0,0,0,0,0,0,0,0,0,0,0,0,0,0,0,0,0,0,0,0,0,0,0,0,0,0,0,0,0,0,0,0,0,0,0,0,0,0,0,0,0,0,0,0,0,0,0,0,0,0,0,0,0,0,0,0,0,0,0,0,0,0,0,0,0,0,0,0,0,0,0,0,0,0,0,0,0,0,0,0,0,0,0,0,0,0,0,0,0,0,0,0,0,0,0,0,0,0,0,0,0,0,0,0,0,0,0,0,0,0,0,0,0,0,0,0,0,0,0,0,0,0,0,0,0,0,0,0,0,0,0,0,0,0,0,0,0,0,0,0,0,0
0,0,0,0,0,0,0,0,0,0,0,0,0,0,0,0,0,0,0,0,0,0,0,0,0,0,0,0,0,0,0,0,0,0,0,0,0,0,0,0,0,0,0,0,0,0,0,0,0,0,0,0,0,0,0,0,0,0,0,0,0,0,0,0,0,0,0,0,0,0,0,0,0,0,0,0,0,0,0,0,0,0,0,0,0,0,0,0,0,0,0,0,0,0,0,0,0,0,0,0,0,0,0,0,0,0,0,0,0,0,0,0,0,0,0,0,0,0,0,0,0,0,0,0,0,0,0,0,0,0,0,0,0,0,0,0,0,0,0,0,0,0,0,0,0,0,0,0,0,0,0,0,0,0,0,0,0,0,0,0,0,0,0,0,0,0,0,0,0,0,0,0,0,0,0,0,0,0,0,0,0,0,0,0,0,0,0,0,0,0,0,0,0,0,0,0,0,0
0,0,0,0,0,0,0,0,0,0,0,0,0,0,0,0,0,0,0,0,0,0,0,0,0,0,0,0,0,0,0,0,0,0,0,0,0,0,0,0,0,0,0,0,0,0,0,0,0,0,0,0,0,0,0,0,0,0,0,0,0,0,0,0,0,0,0,0,0,0,0,0,0,0,0,0,0,0,0,0,0,0,0,0,0,0,0,0,0,0,0,0,0,0,0,0,0,0,0,0,0,0,0,0,0,0,0,0,0,0,0,0,0,0,0,0,0,0,0,0,0,0,0,0,0,0,0,0,0,0,0,0,0,0,0,0,0,0,0,0,0,0,0,0,0,0,0,0,0,0,0,0,0,0,0,0,0,0,0,0,0,0,0,0,0,0,0,0,0,0,0,0,0,0,0,0,0,0,0,0,0,0,0,0,0,0,0,0,0,0,0,0,0,0,0,0,0,0
0,0,0,0,0,0,0,0,0,0,0,0,0,0,0,0,0,0,0,0,0,0,0,0,0,0,0,0,0,0,0,0,0,0,0,0,0,0,0,0,0,0,0,0,0,0,0,0,0,0,0,0,0,0,0,0,0,0,0,0,0,0,0,0,0,0,0,0,0,0,0,0,0,0,0,0,0,0,0,0,0,0,0,0,0,0,0,0,0,0,0,0,0,0,0,0,0,0,0,0,0,0,0,0,0,0,0,0,0,0,0,0,0,0,0,0,0,0,0,0,0,0,0,0,0,0,0,0,0,0,0,0,0,0,0,0,0,0,0,0,0,0,0,0,0,0,0,0,0,0,0,0,0,0,0,0,0,0,0,0,0,0,0,0,0,0,0,0,0,0,0,0,0,0,0,0,0,0,0,0,0,0,0,0,0,0,0,0,0,0,0,0,0,0,0,0,0,0
0,0,0,0,0,0,0,0,0,0,0,0,0,0,0,0,0,0,0,0,0,0,0,0,0,0,0,0,0,0,0,0,0,0,0,0,0,0,0,0,0,0,0,0,0,0,0,0,0,0,0,0,0,0,0,0,0,0,0,0,0,0,0,0,0,0,0,0,0,0,0,0,0,0,0,0,0,0,0,0,0,0,0,0,0,0,0,0,0,0,0,0,0,0,0,0,0,0,0,0,0,0,0,0,0,0,0,0,0,0,0,0,0,0,0,0,0,0,0,0,0,0,0,0,0,0,0,0,0,0,0,0,0,0,0,0,0,0,0,0,0,0,0,0,0,0,0,0,0,0,0,0,0,0,0,0,0,0,0,0,0,0,0,0,0,0,0,0,0,0,0,0,0,0,0,0,0,0,0,0,0,0,0,0,0,0,0,0,0,0,0,0,0,0,0,0,0,0
0,0,0,0,0,0,0,0,0,0,0,0,0,0,0,0,0,0,0,0,0,0,0,0,0,0,0,0,0,0,0,0,0,0,0,0,0,0,0,0,0,0,0,0,0,0,0,0,0,0,0,0,0,0,0,0,0,0,0,0,0,0,0,0,0,0,0,0,0,0,0,0,0,0,0,0,0,0,0,0,0,0,0,0,0,0,0,0,0,0,0,0,0,0,0,0,0,0,0,0,0,0,0,0,0,0,0,0,0,0,0,0,0,0,0,0,0,0,0,0,0,0,0,0,0,0,0,0,0,0,0,0,0,0,0,0,0,0,0,0,0,0,0,0,0,0,0,0,0,0,0,0,0,0,0,0,0,0,0,0,0,0,0,0,0,0,0,0,0,0,0,0,0,0,0,0,0,0,0,0,0,0,0,0,0,0,0,0,0,0,0,0,0,0,0,0,0,0
0,0,0,0,0,0,0,0,0,0,0,0,0,0,0,0,0,0,0,0,0,0,0,0,0,0,0,0,0,0,0,0,0,0,0,0,0,0,0,0,0,0,0,0,0,0,0,0,0,0,0,0,0,0,0,0,0,0,0,0,0,0,0,0,0,0,0,0,0,0,0,0,0,0,0,0,0,0,0,0,0,0,0,0,0,0,0,0,0,0,0,0,0,0,0,0,0,0,0,0,0,0,0,0,0,0,0,0,0,0,0,0,0,0,0,0,0,0,0,0,0,0,0,0,0,0,0,0,0,0,0,0,0,0,0,0,0,0,0,0,0,0,0,0,0,0,0,0,0,0,0,0,0,0,0,0,0,0,0,0,0,0,0,0,0,0,0,0,0.6829824,0.6829824,0.6829824,0.6829824,0.6829824,0.6829824,0.6829824,0.6829824,0.6829824,0.6829824,0.6829824,0.6829824,0.6829824,0.6829824,0.6829824,0.6829824,0.6829824,0.6829824,0.6829824,0.6829824,0.6829824,0.6829824,0.6829824,0.6829824,0.6829824,0.6829824,0.6829824,0.6829824,0.6829824,0
0,0.6829824,0.6829824,0.6829824,0.6829824,0.6829824,0.6829824,0.6829824,0.6829824,0.6829824,0.6829824,0.6829824,0.6829824,0.6829824,0.6829824,0.6829824,0.6829824,0.6829824,0.6829824,0.6829824,0.6829824,0.6829824,0.6829824,0.6829824,0.6829824,0.6829824,0.6829824,0.6829824,0.6829824,0.6829824,0.6829824,0.6829824,0.6829824,0.6829824,0.6829824,0.6829824,0.6829824,0.6829824,0.6829824,0.6829824,0.6829824,0.6829824,0.6829824,0.6829824,0.6829824,0.6829824,0.6829824,0.6829824,0.6829824,0.6829824,0.6829824,0.6829824,0.6829824,0.6829824,0.6829824,0.6829824,0.6829824,0.6829824,0.6829824,0.6829824,0.6829824,0.6829824,0.6829824,0.6829824,0.6829824,0.6829824,0.6829824,0.6829824,0.6829824,0.6829824,0.6829824,0.6829824,0.6829824,0.6829824,0.6829824,0.6829824,0.6829824,0.6829824,0.6829824,0.6829824,0.6829824,0.6829824,0.6829824,0.6829824,0.6829824,0.6829824,0.6829824,0.6829824,0.6829824,0.6829824,0.6829824,0.6829824,0.6829824,0.6829824,0.6829824,0.6829824,0.6829824,0.6829824,0.6829824,0.6829824,0.6829824,0.6829824,0.6829824,0.6829824,0.6829824,0.6829824,0.6829824,0.6829824,0.6829824,0.6829824,0.6829824,0.6829824,0.6829824,0.6829824,0.6829824,0.6829824,0.6829824,0.6829824,0.6829824,0.6829824,0.6829824,0.6829824,0.6829824,0.6829824,0.6829824,0.6829824,0.6829824,0.6829824,0.6829824,0.6829824,0.6829824,0.6829824,0.6829824,0.6829824,0.6829824,0.6829824,0.6829824,0.6829824,0.6829824,0.6829824,0.6829824,0.6829824,0.6829824,0.6829824,0.6829824,0.6829824,0.6829824,0.6829824,0.6829824,0.6829824,0.6829824,0.6829824,0.6829824,0.6829824,0.6829824,0.6829824,0.6829824,0.6829824,0.6829824,0.6829824,0.6829824,0.6829824,0.6829824,0.6829824,0.6829824,0.6829824,0.6829824,0.6829824,0.6829824,0.6829824,0.6829824,0.6829824,0.6829824,0.6829824,0.6829824,0.6829824,0.6829824,0.6829824,0.6829824,0.6829824,0.6829824,0.6829824,0.6829824,0.6829824,0.6829824,0.6829824,0.6829824,0.6829824,0.6829824,0.6829824,0.6829824,0.6829824,0.6829824,0.6829824,0.6829824,0.6829824,0.6829824,0
0,0.6829824,0.6829824,0.6829824,0.6829824,0.6829824,0.6829824,0.6829824,0.6829824,0.6829824,0.6829824,0.6829824,0.6829824,0.6829824,0.6829824,0.6829824,0.6829824,0.6829824,0.6829824,0.6829824,0.6829824,0.6829824,0.6829824,0.6829824,0.6829824,0.6829824,0.6829824,0.6829824,0.6829824,0.6829824,0.6829824,0.6829824,0.6829824,0.6829824,0.6829824,0.6829824,0.6829824,0.6829824,0.6829824,0.6829824,0.6829824,0.6829824,0.6829824,0.6829824,0.6829824,0.6829824,0.6829824,0.6829824,0.6829824,0.6829824,0.6829824,0.6829824,0.6829824,0.6829824,0.6829824,0.6829824,0.6829824,0.6829824,0.6829824,0.6829824,0.6829824,0.6829824,0.6829824,0.6829824,0.6829824,0.6829824,0.6829824,0.6829824,0.6829824,0.6829824,0.6829824,0.6829824,0.6829824,0.6829824,0.6829824,0.6829824,0.6829824,0.6829824,0.6829824,0.6829824,0.6829824,0.6829824,0.6829824,0.6829824,0.6829824,0.6829824,0.6829824,0.6829824,0.6829824,0.6829824,0.6829824,0.6829824,0.6829824,0.6829824,0.6829824,0.6829824,0.6829824,0.6829824,0.6829824,0.6829824,0.6829824,0.6829824,0.6829824,0.6829824,0.6829824,0.6829824,0.6829824,0.6829824,0.6829824,0.6829824,0.6829824,0.6829824,0.6829824,0.6829824,0.6829824,0.6829824,0.6829824,0.6829824,0.6829824,0.6829824,0.6829824,0.6829824,0.6829824,0.6829824,0.6829824,0.6829824,0.6829824,0.6829824,0.6829824,0.6829824,0.6829824,0.6829824,0.6829824,0.6829824,0.6829824,0.6829824,0.6829824,0.6829824,0.6829824,0.6829824,0.6829824,0.6829824,0.6829824,0.6829824,0.6829824,0.6829824,0.6829824,0.6829824,0.6829824,0.6829824,0.6829824,0.6829824,0.6829824,0.6829824,0.6829824,0.6829824,0.6829824,0.6829824,0.6829824,0.6829824,0.6829824,0.6829824,0.6829824,0.6829824,0.6829824,0.6829824,0.6829824,0.6829824,0.6829824,0.6829824,0.6829824,0.6829824,0.6829824,0.6829824,0.6829824,0.6829824,0.6829824,0.6829824,0.6829824,0.6829824,0.6829824,0.6829824,0.6829824,0.6829824,0.6829824,0.6829824,0.6829824,0.6829824,0.6829824,0.6829824,0.6829824,0.6829824,0.6829824,0.6829824,0.6829824,0.6829824,0.6829824,0
0,0.6829824,0.6829824,0.6829824,0.6829824,0.6829824,0.6829824,0.6829824,0.6829824,0.6829824,0.6829824,0.6829824,0.6829824,0.6829824,0.6829824,0.6829824,0.6829824,0.6829824,0.6829824,0.6829824,0.6829824,0.6829824,0.6829824,0.6829824,0.6829824,0.6829824,0.6829824,0.6829824,0.6829824,0.6829824,0.6829824,0.6829824,0.6829824,0.6829824,0.6829824,0.6829824,0.6829824,0.6829824,0.6829824,0.6829824,0.6829824,0.6829824,0.6829824,0.6829824,0.6829824,0.6829824,0.6829824,0.6829824,0.6829824,0.6829824,0.6829824,0.6829824,0.6829824,0.6829824,0.6829824,0.6829824,0.6829824,0.6829824,0.6829824,0.6829824,0.6829824,0.6829824,0.6829824,0.6829824,0.6829824,0.6829824,0.6829824,0.6829824,0.6829824,0.6829824,0.6829824,0.6829824,0.6829824,0.6829824,0.6829824,0.6829824,0.6829824,0.6829824,0.6829824,0.6829824,0.6829824,0.6829824,0.6829824,0.6829824,0.6829824,0.6829824,0.6829824,0.6829824,0.6829824,0.6829824,0.6829824,0.6829824,0.6829824,0.6829824,0.6829824,0.6829824,0.6829824,0.6829824,0.6829824,0.6829824,0.6829824,0.6829824,0.6829824,0.6829824,0.6829824,0.6829824,0.6829824,0.6829824,0.6829824,0.6829824,0.6829824,0.6829824,0.6829824,0.6829824,0.6829824,0.6829824,0.6829824,0.6829824,0.6829824,0.6829824,0.6829824,0.6829824,0.6829824,0.6829824,0.6829824,0.6829824,0.6829824,0.6829824,0.6829824,0.6829824,0.6829824,0.6829824,0.6829824,0.6829824,0.6829824,0.6829824,0.6829824,0.6829824,0.6829824,0.6829824,0.6829824,0.6829824,0.6829824,0.6829824,0.6829824,0.6829824,0.6829824,0.6829824,0.6829824,0.6829824,0.6829824,0.6829824,0.6829824,0.6829824,0.6829824,0.6829824,0.6829824,0.6829824,0.6829824,0.6829824,0.6829824,0.6829824,0.6829824,0.6829824,0.6829824,0.6829824,0.6829824,0.6829824,0.6829824,0.6829824,0.6829824,0.6829824,0.6829824,0.6829824,0.6829824,0.6829824,0.6829824,0.6829824,0.6829824,0.6829824,0.6829824,0.6829824,0.6829824,0.6829824,0.6829824,0.6829824,0.6829824,0.6829824,0.6829824,0.6829824,0.6829824,0.6829824,0.6829824,0.6829824,0.6829824,0.6829824,0.6829824,0
0,0.6829824,0.6829824,0.6829824,0.6829824,0.6829824,0.6829824,0.6829824,0.6829824,0.6829824,0.6829824,0.6829824,0.6829824,0.6829824,0.6829824,0.6829824,0.6829824,0.6829824,0.6829824,0.6829824,0.6829824,0.6829824,0.6829824,0.6829824,0.6829824,0.6829824,0.6829824,0.6829824,0.6829824,0.6829824,0.6829824,0.6829824,0.6829824,0.6829824,0.6829824,0.6829824,0.6829824,0.6829824,0.6829824,0.6829824,0.6829824,0.6829824,0.6829824,0.6829824,0.6829824,0.6829824,0.6829824,0.6829824,0.6829824,0.6829824,0.6829824,0.6829824,0.6829824,0.6829824,0.6829824,0.6829824,0.6829824,0.6829824,0.6829824,0.6829824,0.6829824,0.6829824,0.6829824,0.6829824,0.6829824,0.6829824,0.6829824,0.6829824,0.6829824,0.6829824,0.6829824,0.6829824,0.6829824,0.6829824,0.6829824,0.6829824,0.6829824,0.6829824,0.6829824,0.6829824,0.6829824,0.6829824,0.6829824,0.6829824,0.6829824,0.6829824,0.6829824,0.6829824,0.6829824,0.6829824,0.6829824,0.6829824,0.6829824,0.6829824,0.6829824,0.6829824,0.6829824,0.6829824,0.6829824,0.6829824,0.6829824,0.6829824,0.6829824,0.6829824,0.6829824,0.6829824,0.6829824,0.6829824,0.6829824,0.6829824,0.6829824,0.6829824,0.6829824,0.6829824,0.6829824,0.6829824,0.6829824,0.6829824,0.6829824,0.6829824,0.6829824,0.6829824,0.6829824,0.6829824,0.6829824,0.6829824,0.6829824,0.6829824,0.6829824,0.6829824,0.6829824,0.6829824,0.6829824,0.6829824,0.6829824,0.6829824,0.6829824,0.6829824,0.6829824,0.6829824,0.6829824,0.6829824,0.6829824,0.6829824,0.6829824,0.6829824,0.6829824,0.6829824,0.6829824,0.6829824,0.6829824,0.6829824,0.6829824,0.6829824,0.6829824,0.6829824,0.6829824,0.6829824,0.6829824,0.6829824,0.6829824,0.6829824,0.6829824,0.6829824,0.6829824,0.6829824,0.6829824,0.6829824,0.6829824,0.6829824,0.6829824,0.6829824,0.6829824,0.6829824,0.6829824,0.6829824,0.6829824,0.6829824,0.6829824,0.6829824,0.6829824,0.6829824,0.6829824,0.6829824,0.6829824,0.6829824,0.6829824,0.6829824,0.6829824,0.6829824,0.6829824,0.6829824,0.6829824,0.6829824,0.6829824,0.6829824,0.6829824,0
0,0.6829824,0.6829824,0.6829824,0.6829824,0.6829824,0.6829824,0.6829824,0.6829824,0.6829824,0.6829824,0.6829824,0.6829824,0.6829824,0.6829824,0.6829824,0.6829824,0.6829824,0.6829824,0.6829824,0.6829824,0.6829824,0.6829824,0.6829824,0.6829824,0.6829824,0.6829824,0.6829824,0.6829824,0.6829824,0.6829824,0.6829824,0.6829824,0.6829824,0.6829824,0.6829824,0.6829824,0.6829824,0.6829824,0.6829824,0.6829824,0.6829824,0.6829824,0.6829824,0.6829824,0.6829824,0.6829824,0.6829824,0.6829824,0.6829824,0.6829824,0.6829824,0.6829824,0.6829824,0.6829824,0.6829824,0.6829824,0.6829824,0.6829824,0.6829824,0.6829824,0.6829824,0.6829824,0.6829824,0.6829824,0.6829824,0.6829824,0.6829824,0.6829824,0.6829824,0.6829824,0.6829824,0.6829824,0.6829824,0.6829824,0.6829824,0.6829824,0.6829824,0.6829824,0.6829824,0.6829824,0.6829824,0.6829824,0.6829824,0.6829824,0.6829824,0.6829824,0.6829824,0.6829824,0.6829824,0.6829824,0.6829824,0.6829824,0.6829824,0.6829824,0.6829824,0.6829824,0.6829824,0.6829824,0.6829824,0.6829824,0.6829824,0.6829824,0.6829824,0.6829824,0.6829824,0.6829824,0.6829824,0.6829824,0.6829824,0.6829824,0.6829824,0.6829824,0.6829824,0.6829824,0.6829824,0.6829824,0.6829824,0.6829824,0.6829824,0.6829824,0.6829824,0.6829824,0.6829824,0.6829824,0.6829824,0.6829824,0.6829824,0.6829824,0.6829824,0.6829824,0.6829824,0.6829824,0.6829824,0.6829824,0.6829824,0.6829824,0.6829824,0.6829824,0.6829824,0.6829824,0.6829824,0.6829824,0.6829824,0.6829824,0.6829824,0.6829824,0.6829824,0.6829824,0.6829824,0.6829824,0.6829824,0.6829824,0.6829824,0.6829824,0.6829824,0.6829824,0.6829824,0.6829824,0.6829824,0.6829824,0.6829824,0.6829824,0.6829824,0.6829824,0.6829824,0.6829824,0.6829824,0.6829824,0.6829824,0.6829824,0.6829824,0.6829824,0.6829824,0.6829824,0.6829824,0.6829824,0.6829824,0.6829824,0.6829824,0.6829824,0.6829824,0.6829824,0.6829824,0.6829824,0.6829824,0.6829824,0.6829824,0.6829824,0.6829824,0.6829824,0.6829824,0.6829824,0.6829824,0.6829824,0.6829824,0.6829824,0
0,0.6829824,0.6829824,0.6829824,0.6829824,0.6829824,0.6829824,0.6829824,0.6829824,0.6829824,0.6829824,0.6829824,0.6829824,0.6829824,0.6829824,0.6829824,0.6829824,0.6829824,0.6829824,0.6829824,0.6829824,0.6829824,0.6829824,0.6829824,0.6829824,0.6829824,0.6829824,0.6829824,0.6829824,0.6829824,0.6829824,0.6829824,0.6829824,0.6829824,0.6829824,0.6829824,0.6829824,0.6829824,0.6829824,0.6829824,0.6829824,0.6829824,0.6829824,0.6829824,0.6829824,0.6829824,0.6829824,0.6829824,0.6829824,0.6829824,0.6829824,0.6829824,0.6829824,0.6829824,0.6829824,0.6829824,0.6829824,0.6829824,0.6829824,0.6829824,0.6829824,0.6829824,0.6829824,0.6829824,0.6829824,0.6829824,0.6829824,0.6829824,0.6829824,0.6829824,0.6829824,0.6829824,0.6829824,0.6829824,0.6829824,0.6829824,0.6829824,0.6829824,0.6829824,0.6829824,0.6829824,0.6829824,0.6829824,0.6829824,0.6829824,0.6829824,0.6829824,0.6829824,0.6829824,0.6829824,0.6829824,0.6829824,0.6829824,0.6829824,0.6829824,0.6829824,0.6829824,0.6829824,0.6829824,0.6829824,0.6829824,0.6829824,0.6829824,0.6829824,0.6829824,0.6829824,0.6829824,0.6829824,0.6829824,0.6829824,0.6829824,0.6829824,0.6829824,0.6829824,0.6829824,0.6829824,0.6829824,0.6829824,0.6829824,0.6829824,0.6829824,0.6829824,0.6829824,0.6829824,0.6829824,0.6829824,0.6829824,0.6829824,0.6829824,0.6829824,0.6829824,0.6829824,0.6829824,0.6829824,0.6829824,0.6829824,0.6829824,0.6829824,0.6829824,0.6829824,0.6829824,0.6829824,0.6829824,0.6829824,0.6829824,0.6829824,0.6829824,0.6829824,0.6829824,0.6829824,0.6829824,0.6829824,0.6829824,0.6829824,0.6829824,0.6829824,0.6829824,0.6829824,0.6829824,0.6829824,0.6829824,0.6829824,0.6829824,0.6829824,0.6829824,0.6829824,0.6829824,0.6829824,0.6829824,0.6829824,0.6829824,0.6829824,0.6829824,0.6829824,0.6829824,0.6829824,0.6829824,0.6829824,0.6829824,0.6829824,0.6829824,0.6829824,0.6829824,0.6829824,0.6829824,0.6829824,0.6829824,0.6829824,0.6829824,0.6829824,0.6829824,0.6829824,0.6829824,0.6829824,0.6829824,0.6829824,0.6829824,0
0,0.6829824,0.6829824,0.6829824,0.6829824,0.6829824,0.6829824,0.6829824,0.6829824,0.6829824,0.6829824,0.6829824,0.6829824,0.6829824,0.6829824,0.6829824,0.6829824,0.6829824,0.6829824,0.6829824,0.6829824,0.6829824,0.6829824,0.6829824,0.6829824,0.6829824,0.6829824,0.6829824,0.6829824,0.6829824,0.6829824,0.6829824,0.6829824,0.6829824,0.6829824,0.6829824,0.6829824,0.6829824,0.6829824,0.6829824,0.6829824,0.6829824,0.6829824,0.6829824,0.6829824,0.6829824,0.6829824,0.6829824,0.6829824,0.6829824,0.6829824,0.6829824,0.6829824,0.6829824,0.6829824,0.6829824,0.6829824,0.6829824,0.6829824,0.6829824,0.6829824,0.6829824,0.6829824,0.6829824,0.6829824,0.6829824,0.6829824,0.6829824,0.6829824,0.6829824,0.6829824,0.6829824,0.6829824,0.6829824,0.6829824,0.6829824,0.6829824,0.6829824,0.6829824,0.6829824,0.6829824,0.6829824,0.6829824,0.6829824,0.6829824,0.6829824,0.6829824,0.6829824,0.6829824,0.6829824,0.6829824,0.6829824,0.6829824,0.6829824,0.6829824,0.6829824,0.6829824,0.6829824,0.6829824,0.6829824,0.6829824,0.6829824,0.6829824,0.6829824,0.6829824,0.6829824,0.6829824,0.6829824,0.6829824,0.6829824,0.6829824,0.6829824,0.6829824,0.6829824,0.6829824,0.6829824,0.6829824,0.6829824,0.6829824,0.6829824,0.6829824,0.6829824,0.6829824,0.6829824,0.6829824,0.6829824,0.6829824,0.6829824,0.6829824,0.6829824,0.6829824,0.6829824,0.6829824,0.6829824,0.6829824,0.6829824,0.6829824,0.6829824,0.6829824,0.6829824,0.6829824,0.6829824,0.6829824,0.6829824,0.6829824,0.6829824,0.6829824,0.6829824,0.6829824,0.6829824,0.6829824,0.6829824,0.6829824,0.6829824,0.6829824,0.6829824,0.6829824,0.6829824,0.6829824,0.6829824,0.6829824,0.6829824,0.6829824,0.6829824,0.6829824,0.6829824,0.6829824,0.6829824,0.6829824,0.6829824,0.6829824,0.6829824,0.6829824,0.6829824,0.6829824,0.6829824,0.6829824,0.6829824,0.6829824,0.6829824,0.6829824,0.6829824,0.6829824,0.6829824,0.6829824,0.6829824,0.6829824,0.6829824,0.6829824,0.6829824,0.6829824,0.6829824,0.6829824,0.6829824,0.6829824,0.6829824,0.6829824,0
0,0.6829824,0.6829824,0.6829824,0.6829824,0.6829824,0.6829824,0.6829824,0.6829824,0.6829824,0.6829824,0.6829824,0.6829824,0.6829824,0.6829824,0.6829824,0.6829824,0.6829824,0.6829824,0.6829824,0.6829824,0.6829824,0.6829824,0.6829824,0.6829824,0.6829824,0.6829824,0.6829824,0.6829824,0.6829824,0.6829824,0.6829824,0.6829824,0.6829824,0.6829824,0.6829824,0.6829824,0.6829824,0.6829824,0.6829824,0.6829824,0.6829824,0.6829824,0.6829824,0.6829824,0.6829824,0.6829824,0.6829824,0.6829824,0.6829824,0.6829824,0.6829824,0.6829824,0.6829824,0.6829824,0.6829824,0.6829824,0.6829824,0.6829824,0.6829824,0.6829824,0.6829824,0.6829824,0.6829824,0.6829824,0.6829824,0.6829824,0.6829824,0.6829824,0.6829824,0.6829824,0.6829824,0.6829824,0.6829824,0.6829824,0.6829824,0.6829824,0.6829824,0.6829824,0.6829824,0.6829824,0.6829824,0.6829824,0.6829824,0.6829824,0.6829824,0.6829824,0.6829824,0.6829824,0.6829824,0.6829824,0.6829824,0.6829824,0.6829824,0.6829824,0.6829824,0,0,0,0,0,0,0,0,0,0,0,0,0,0,0,0,0,0,0,0,0,0,0,0,0,0,0,0,0,0,0,0,0,0,0.376222,0.376222,0.376222,0.376222,0.376222,0.376222,0.376222,0.376222,0.376222,0.376222,0.376222,0.376222,0.376222,0.376222,0.376222,0.376222,0.376222,0.376222,0.376222,0.376222,0.376222,0.376222,0.376222,0.376222,0.376222,0.376222,0.376222,0.376222,0.376222,0.376222,0.376222,0.376222,0.376222,0.376222,0.376222,0.376222,0.376222,0.376222,0.376222,0.376222,0.376222,0.376222,0.376222,0.376222,0.376222,0.376222,0.376222,0.376222,0.376222,0.376222,0.376222,0.376222,0.376222,0.376222,0.376222,0.376222,0.376222,0.376222,0.376222,0.376222,0.376222,0.376222,0.376222,0.376222,0.376222,0.376222,0.376222,0
0,0.376222,0.376222,0.376222,0.376222,0.376222,0.376222,0.376222,0.376222,0.376222,0.376222,0.376222,0.376222,0.376222,0.376222,0.376222,0.376222,0.376222,0.376222,0.376222,0.376222,0.376222,0.376222,0.376222,0.376222,0.376222,0.376222,0.376222,0.376222,0.376222,0.376222,0.376222,0.376222,0.376222,0.376222,0.376222,0.376222,0.376222,0.376222,0.376222,0.376222,0.376222,0.376222,0.376222,0.376222,0.376222,0.376222,0.376222,0.376222,0.376222,0.376222,0.376222,0.376222,0.376222,0.376222,0.376222,0.376222,0.376222,0.376222,0.376222,0.376222,0.376222,0.376222,0.376222,0.376222,0.376222,0.376222,0.376222,0.376222,0.376222,0.376222,0.376222,0.376222,0.376222,0.376222,0.376222,0.376222,0.376222,0.376222,0.376222,0.376222,0.376222,0.376222,0.376222,0.376222,0.376222,0.376222,0.376222,0.376222,0.376222,0.376222,0.376222,0.376222,0.376222,0.376222,0.376222,0.376222,0.376222,0.376222,0.376222,0.376222,0.376222,0.376222,0.376222,0.376222,0.376222,0.376222,0.376222,0.376222,0.376222,0.376222,0.376222,0.376222,0.376222,0.376222,0.376222,0.376222,0.376222,0.376222,0.376222,0.376222,0.376222,0.376222,0.376222,0.376222,0.376222,0.376222,0.376222,0.376222,0.376222,0.376222,0.376222,0.376222,0.376222,0.376222,0.376222,0.376222,0.376222,0.376222,0.376222,0.376222,0.376222,0.376222,0.376222,0.376222,0.376222,0.376222,0.376222,0.376222,0.376222,0.376222,0.376222,0.376222,0.376222,0.376222,0.376222,0.376222,0.376222,0.376222,0.376222,0.376222,0.376222,0.376222,0.376222,0.376222,0.376222,0.376222,0.376222,0.376222,0.376222,0.376222,0.376222,0.376222,0.376222,0.376222,0.376222,0.376222,0.376222,0.376222,0.376222,0.376222,0.376222,0.376222,0.376222,0.376222,0.376222,0.376222,0.376222,0.376222,0.376222,0.376222,0.376222,0.376222,0.376222,0.376222,0.376222,0.376222,0
0,0.376222,0.376222,0.376222,0.376222,0.376222,0.376222,0.376222,0.376222,0.376222,0.376222,0.376222,0.376222,0.376222,0.376222,0.376222,0.376222,0.376222,0.376222,0.376222,0.376222,0.376222,0.376222,0.376222,0.376222,0.376222,0.376222,0.376222,0.376222,0.376222,0.376222,0.376222,0.376222,0.376222,0.376222,0.376222,0.376222,0.376222,0.376222,0.376222,0.376222,0.376222,0.376222,0.376222,0.376222,0.376222,0.376222,0.376222,0.376222,0.376222,0.376222,0.376222,0.376222,0.376222,0.376222,0.376222,0.376222,0.376222,0.376222,0.376222,0.376222,0.376222,0.376222,0.376222,0.376222,0.376222,0.376222,0.376222,0.376222,0.376222,0.376222,0.376222,0.376222,0.376222,0.376222,0.376222,0.376222,0.376222,0.376222,0.376222,0.376222,0.376222,0.376222,0.376222,0.376222,0.376222,0.376222,0.376222,0.376222,0.376222,0.376222,0.376222,0.376222,0.376222,0.376222,0.376222,0.376222,0.376222,0.376222,0.376222,0.376222,0.376222,0.376222,0.376222,0.376222,0.376222,0.376222,0.376222,0.376222,0.376222,0.376222,0.376222,0.376222,0.376222,0.376222,0.376222,0.376222,0.376222,0.376222,0.376222,0.376222,0.376222,0.376222,0.376222,0.376222,0.376222,0.376222,0.376222,0.376222,0.376222,0.376222,0.376222,0.376222,0.376222,0.376222,0.376222,0.376222,0.376222,0.376222,0.376222,0.376222,0.376222,0.376222,0.376222,0.376222,0.376222,0.376222,0.376222,0.376222,0.376222,0.376222,0.376222,0.376222,0.376222,0.376222,0.376222,0.376222,0.376222,0.376222,0.376222,0.376222,0.376222,0.376222,0.376222,0.376222,0.376222,0.376222,0.376222,0.376222,0.376222,0.376222,0.376222,0.376222,0.376222,0.376222,0.376222,0.376222,0.376222,0.376222,0.376222,0.376222,0.376222,0.376222,0.376222,0.376222,0.376222,0.376222,0.376222,0.376222,0.376222,0.376222,0.376222,0.376222,0.376222,0.376222,0.376222,0.376222,0
0,0.376222,0.376222,0.376222,0.376222,0.376222,0.376222,0.376222,0.376222,0.376222,0.376222,0.376222,0.376222,0.376222,0.376222,0.376222,0.376222,0.376222,0.376222,0.376222,0.376222,0.376222,0.376222,0.376222,0.376222,0.376222,0.376222,0.376222,0.376222,0.376222,0.376222,0.376222,0.376222,0.376222,0.376222,0.376222,0.376222,0.376222,0.376222,0.376222,0.376222,0.376222,0.376222,0.376222,0.376222,0.376222,0.376222,0.376222,0.376222,0.376222,0.376222,0.376222,0.376222,0.376222,0.376222,0.376222,0.376222,0.376222,0.376222,0.376222,0.376222,0.376222,0.376222,0.376222,0.376222,0.376222,0.376222,0.376222,0.376222,0.376222,0.376222,0.376222,0.376222,0.376222,0.376222,0.376222,0.376222,0.376222,0.376222,0.376222,0.376222,0.376222,0.376222,0.376222,0.376222,0.376222,0.376222,0.376222,0.376222,0.376222,0.376222,0.376222,0.376222,0.376222,0.376222,0.376222,0.376222,0.376222,0.376222,0.376222,0.376222,0.376222,0.376222,0.376222,0.376222,0.376222,0.376222,0.376222,0.376222,0.376222,0.376222,0.376222,0.376222,0.376222,0.376222,0.376222,0.376222,0.376222,0.376222,0.376222,0.376222,0.376222,0.376222,0.376222,0.376222,0.376222,0.376222,0.376222,0.376222,0.376222,0.376222,0.376222,0.376222,0.376222,0.376222,0.376222,0.376222,0.376222,0.376222,0.376222,0.376222,0.376222,0.376222,0.376222,0.376222,0.376222,0.376222,0.376222,0.376222,0.376222,0.376222,0.376222,0.376222,0.376222,0.376222,0.376222,0.376222,0.376222,0.376222,0.376222,0.376222,0.376222,0.376222,0.376222,0.376222,0.376222,0.376222,0.376222,0.376222,0.376222,0.376222,0.376222,0.376222,0.376222,0.376222,0.376222,0.376222,0.376222,0.376222,0.376222,0.376222,0.376222,0.376222,0.376222,0.376222,0.376222,0.376222,0.376222,0.376222,0.376222,0.376222,0.376222,0.376222,0.376222,0.376222,0.376222,0.376222,0
0,0.376222,0.376222,0.376222,0.376222,0.376222,0.376222,0.376222,0.376222,0.376222,0.376222,0.376222,0.376222,0.376222,0.376222,0.376222,0.376222,0.376222,0.376222,0.376222,0.376222,0.376222,0.376222,0.376222,0.376222,0.376222,0.376222,0.376222,0.376222,0.376222,0.376222,0.376222,0.376222,0.376222,0.376222,0.376222,0.376222,0.376222,0.376222,0.376222,0.376222,0.376222,0.376222,0.376222,0.376222,0.376222,0.376222,0.376222,0.376222,0.376222,0.376222,0.376222,0.376222,0.376222,0.376222,0.376222,0.376222,0.376222,0.376222,0.376222,0.376222,0.376222,0.376222,0.376222,0.376222,0.376222,0.376222,0.376222,0.376222,0.376222,0.376222,0.376222,0.376222,0.376222,0.376222,0.376222,0.376222,0.376222,0.376222,0.376222,0.376222,0.376222,0.376222,0.376222,0.376222,0.376222,0.376222,0.376222,0.376222,0.376222,0.376222,0.376222,0.376222,0.376222,0.376222,0.376222,0.376222,0.376222,0.376222,0.376222,0.376222,0.376222,0.376222,0.376222,0.376222,0.376222,0.376222,0.376222,0.376222,0.376222,0.376222,0.376222,0.376222,0.376222,0.376222,0.376222,0.376222,0.376222,0.376222,0.376222,0.376222,0.376222,0.376222,0.376222,0.376222,0.376222,0.376222,0.376222,0.376222,0.376222,0.376222,0.376222,0.376222,0.376222,0.376222,0.376222,0.376222,0.376222,0.376222,0.376222,0.376222,0.376222,0.376222,0.376222,0.376222,0.376222,0.376222,0.376222,0.376222,0.376222,0.376222,0.376222,0.376222,0.376222,0.376222,0.376222,0.376222,0.376222,0.376222,0.376222,0.376222,0.376222,0.376222,0.376222,0.376222,0.376222,0.376222,0.376222,0.376222,0.376222,0.376222,0.376222,0.376222,0.376222,0.376222,0.376222,0.376222,0.376222,0.376222,0.376222,0.376222,0.376222,0.376222,0.376222,0.376222,0.376222,0.376222,0.376222,0.376222,0.376222,0.376222,0.376222,0.376222,0.376222,0.376222,0.376222,0.376222,0
0,0.376222,0.376222,0.376222,0.376222,0.376222,0.376222,0.376222,0.376222,0.376222,0.376222,0.376222,0.376222,0.376222,0.376222,0.376222,0.376222,0.376222,0.376222,0.376222,0.376222,0.376222,0.376222,0.376222,0.376222,0.376222,0.376222,0.376222,0.376222,0.376222,0.376222,0.376222,0.376222,0.376222,0.376222,0.376222,0.376222,0.376222,0.376222,0.376222,0.376222,0.376222,0.376222,0.376222,0.376222,0.376222,0.376222,0.376222,0.376222,0.376222,0.376222,0.376222,0.376222,0.376222,0.376222,0.376222,0.376222,0.376222,0.376222,0.376222,0.376222,0.376222,0.376222,0.376222,0.376222,0.376222,0.376222,0.376222,0.376222,0.376222,0.376222,0.376222,0.376222,0.376222,0.376222,0.376222,0.376222,0.376222,0.376222,0.376222,0.376222,0.376222,0.376222,0.376222,0.376222,0.376222,0.376222,0.376222,0.376222,0.376222,0.376222,0.376222,0.376222,0.376222,0.376222,0.376222,0.376222,0.376222,0.376222,0.376222,0.376222,0.376222,0.376222,0.376222,0.376222,0.376222,0.376222,0.376222,0.376222,0.376222,0.376222,0.376222,0.376222,0.376222,0.376222,0.376222,0.376222,0.376222,0.376222,0.376222,0.376222,0.376222,0.376222,0.376222,0.376222,0.376222,0.376222,0.376222,0.376222,0.376222,0.376222,0.376222,0.376222,0.376222,0.376222,0.376222,0.376222,0.376222,0.376222,0.376222,0.376222,0.376222,0.376222,0.376222,0.376222,0.376222,0.376222,0.376222,0.376222,0.376222,0.376222,0.376222,0.376222,0.376222,0.376222,0.376222,0.376222,0.376222,0.376222,0.376222,0.376222,0.376222,0.376222,0.376222,0.376222,0.376222,0.376222,0.376222,0.376222,0.376222,0.376222,0.376222,0.376222,0.376222,0.376222,0.376222,0.376222,0.376222,0.376222,0.376222,0.376222,0.376222,0.376222,0.376222,0.376222,0.376222,0.376222,0.376222,0.376222,0.376222,0.376222,0.376222,0.376222,0.376222,0.376222,0.376222,0.376222,0
0,0.376222,0.376222,0.376222,0.376222,0.376222,0.376222,0.376222,0.376222,0.376222,0.376222,0.376222,0.376222,0.376222,0.376222,0.376222,0.376222,0.376222,0.376222,0.376222,0.376222,0.376222,0.376222,0.376222,0.376222,0.376222,0.376222,0.376222,0.376222,0.376222,0.376222,0.376222,0.376222,0.376222,0.376222,0.376222,0.376222,0.376222,0.376222,0.376222,0.376222,0.376222,0.376222,0.376222,0.376222,0.376222,0.376222,0.376222,0.376222,0.376222,0.376222,0.376222,0.376222,0.376222,0.376222,0.376222,0.376222,0.376222,0.376222,0.376222,0.376222,0.376222,0.376222,0.376222,0.376222,0.376222,0.376222,0.376222,0.376222,0.376222,0.376222,0.376222,0.376222,0.376222,0.376222,0.376222,0.376222,0.376222,0.376222,0.376222,0.376222,0.376222,0.376222,0.376222,0.376222,0.376222,0.376222,0.376222,0.376222,0.376222,0.376222,0.376222,0.376222,0.376222,0.376222,0.376222,0.376222,0.376222,0.376222,0.376222,0.376222,0.376222,0.376222,0.376222,0.376222,0.376222,0.376222,0.376222,0.376222,0.376222,0.376222,0.376222,0.376222,0.376222,0.376222,0.376222,0.376222,0.376222,0.376222,0.376222,0.376222,0.376222,0.376222,0.376222,0.376222,0.376222,0.376222,0.376222,0.376222,0.376222,0.376222,0.376222,0.376222,0.376222,0.376222,0.376222,0.376222,0.376222,0.376222,0.376222,0.376222,0.376222,0.376222,0.376222,0.376222,0.376222,0.376222,0.376222,0.376222,0.376222,0.376222,0.376222,0.376222,0.376222,0.376222,0.376222,0.376222,0.376222,0.376222,0.376222,0.376222,0.376222,0.376222,0.376222,0.376222,0.376222,0.376222,0.376222,0.376222,0.376222,0.376222,0.376222,0.376222,0.376222,0.376222,0.376222,0.376222,0.376222,0.376222,0.376222,0.376222,0.376222,0.376222,0.376222,0.376222,0.376222,0.376222,0.376222,0.376222,0.376222,0.376222,0.376222,0.376222,0.376222,0.376222,0.376222,0.376222,0
0,0.376222,0.376222,0.376222,0.376222,0.376222,0.376222,0.376222,0.376222,0.376222,0.376222,0.376222,0.376222,0.376222,0.376222,0.376222,0.376222,0.376222,0.376222,0.376222,0.376222,0.376222,0.376222,0.376222,0.376222,0.376222,0.376222,0.376222,0.376222,0.376222,0.376222,0.376222,0.376222,0.376222,0.376222,0.376222,0.376222,0.376222,0.376222,0.376222,0.376222,0.376222,0.376222,0.376222,0.376222,0.376222,0.376222,0.376222,0.376222,0.376222,0.376222,0.376222,0.376222,0.376222,0.376222,0.376222,0.376222,0.376222,0.376222,0.376222,0.376222,0.376222,0.376222,0.376222,0.376222,0.376222,0.376222,0.376222,0.376222,0.376222,0.376222,0.376222,0.376222,0.376222,0.376222,0.376222,0.376222,0.376222,0.376222,0.376222,0.376222,0.376222,0.376222,0.376222,0.376222,0.376222,0.376222,0.376222,0.376222,0.376222,0.376222,0.376222,0.376222,0.376222,0.376222,0.376222,0.376222,0.376222,0.376222,0.376222,0.376222,0.376222,0.376222,0.376222,0.376222,0.376222,0.376222,0.376222,0.376222,0.376222,0.376222,0.376222,0.376222,0.376222,0.376222,0.376222,0.376222,0.376222,0.376222,0.376222,0.376222,0.376222,0.376222,0.376222,0.376222,0.376222,0.376222,0.376222,0.376222,0.376222,0.376222,0.376222,0.376222,0.376222,0.376222,0.376222,0.376222,0.376222,0.376222,0.376222,0.376222,0.376222,0.376222,0.376222,0.376222,0.376222,0.376222,0.376222,0.376222,0.376222,0.376222,0.376222,0.376222,0.376222,0.376222,0.376222,0.376222,0.376222,0.376222,0.376222,0.376222,0.376222,0.376222,0.376222,0.376222,0.376222,0.376222,0.376222,0.376222,0.376222,0.376222,0.376222,0.376222,0.376222,0.376222,0.376222,0.376222,0.376222,0.376222,0.376222,0.376222,0.376222,0.376222,0.376222,0.376222,0.376222,0.376222,0.376222,0.376222,0.376222,0.376222,0.376222,0.376222,0.376222,0.376222,0.376222,0.376222,0
0,0.376222,0.376222,0.376222,0.376222,0.376222,0.376222,0.376222,0.376222,0.376222,0.376222,0.376222,0.376222,0.376222,0.376222,0.376222,0.376222,0.376222,0.376222,0.376222,0.376222,0.376222,0.376222,0.376222,0.376222,0.376222,0.376222,0.376222,0.376222,0.376222,0.376222,0.376222,0.376222,0.376222,0.376222,0.376222,0.376222,0.376222,0.376222,0.376222,0.376222,0.376222,0.376222,0.376222,0.376222,0.376222,0.376222,0.376222,0.376222,0.376222,0.376222,0.376222,0.376222,0.376222,0.376222,0.376222,0.376222,0.376222,0.376222,0.376222,0.376222,0.376222,0.376222,0.376222,0.376222,0.376222,0.376222,0.376222,0.376222,0.376222,0.376222,0.376222,0.376222,0.376222,0.376222,0.376222,0.376222,0.376222,0.376222,0.376222,0.376222,0.376222,0.376222,0.376222,0.376222,0.376222,0.376222,0.376222,0.376222,0.376222,0.376222,0.376222,0.376222,0.376222,0.376222,0.376222,0.376222,0.376222,0.376222,0.376222,0.376222,0.376222,0.376222,0.376222,0.376222,0.376222,0.376222,0.376222,0.376222,0.376222,0.376222,0.376222,0.376222,0.376222,0.376222,0.376222,0.376222,0.376222,0.376222,0.376222,0.376222,0.376222,0.376222,0.376222,0.376222,0.376222,0.376222,0.376222,0.376222,0.376222,0.376222,0.376222,0.376222,0.376222,0.376222,0.376222,0.376222,0.376222,0.376222,0.376222,0.376222,0.376222,0.376222,0.376222,0.376222,0.376222,0.376222,0.376222,0.376222,0.376222,0.376222,0.376222,0.376222,0.376222,0.376222,0.376222,0.376222,0.376222,0.376222,0.376222,0.376222,0.376222,0.376222,0.376222,0.376222,0.376222,0.376222,0.376222,0.376222,0.376222,0.376222,0.376222,0.376222,0.376222,0.376222,0.376222,0.376222,0.376222,0.376222,0.376222,0.376222,0.376222,0.376222,0.376222,0.376222,0.376222,0.376222,0.376222,0.376222,0.376222,0.376222,0.376222,0.376222,0.376222,0.376222,0.376222,0.376222,0
0,0.376222,0.376222,0.376222,0.376222,0.376222,0.376222,0.376222,0.376222,0.376222,0.376222,0.376222,0.376222,0.376222,0.376222,0.376222,0.376222,0.376222,0.376222,0.376222,0.376222,0.376222,0.376222,0.376222,0.376222,0.376222,0.376222,0.376222,0.376222,0.376222,0.376222,0.376222,0.376222,0.376222,0.376222,0.376222,0.376222,0.376222,0.376222,0.376222,0.376222,0.376222,0.376222,0.376222,0.376222,0.376222,0.376222,0.376222,0.376222,0.376222,0.376222,0.376222,0.376222,0.376222,0.376222,0.376222,0.376222,0.376222,0.376222,0.376222,0.376222,0.376222,0.376222,0.376222,0.376222,0.376222,0.376222,0.376222,0.376222,0.376222,0.376222,0.376222,0.376222,0.376222,0.376222,0.376222,0.376222,0.376222,0.376222,0.376222,0.376222,0.376222,0.376222,0.376222,0.376222,0.376222,0.376222,0.376222,0.376222,0.376222,0.376222,0.376222,0.376222,0.376222,0.376222,0.376222,0.376222,0.376222,0.376222,0.376222,0.376222,0.376222,0.376222,0.376222,0.376222,0.376222,0.376222,0.376222,0.376222,0.376222,0.376222,0.376222,0.376222,0.376222,0.376222,0.376222,0.376222,0.376222,0.376222,0.376222,0.376222,0.376222,0.376222,0.376222,0.376222,0.376222,0.376222,0.376222,0.376222,0.376222,0.376222,0.376222,0.376222,0.376222,0.376222,0.376222,0.376222,0.376222,0.376222,0.376222,0.376222,0.376222,0.376222,0.376222,0.376222,0.376222,0.376222,0.376222,0.376222,0.376222,0.376222,0.376222,0.376222,0.376222,0.376222,0.376222,0.376222,0.376222,0.376222,0.376222,0.376222,0.376222,0.376222,0.376222,0.376222,0.376222,0.376222,0.376222,0.376222,0.376222,0.376222,0.376222,0.376222,0.376222,0.376222,0.376222,0.376222,0.376222,0.376222,0.376222,0.376222,0.376222,0.376222,0.376222,0.376222,0.376222,0.376222,0.376222,0.376222,0.376222,0.376222,0.376222,0.376222,0.376222,0.376222,0.376222,0.376222,0
0,0.376222,0.376222,0.376222,0.376222,0.376222,0.376222,0.376222,0.376222,0.376222,0.376222,0.376222,0.376222,0.376222,0.376222,0.376222,0.376222,0.376222,0.376222,0.376222,0.376222,0.376222,0.376222,0.376222,0.376222,0.376222,0.376222,0.376222,0.376222,0.376222,0.376222,0.376222,0.376222,0.376222,0.376222,0.376222,0.376222,0.376222,0.376222,0.376222,0.376222,0.376222,0.376222,0.376222,0.376222,0.376222,0.376222,0.376222,0.376222,0.376222,0.376222,0.376222,0.376222,0.376222,0.376222,0.376222,0.376222,0.376222,0.376222,0.376222,0.376222,0.376222,0.376222,0.376222,0.376222,0.376222,0.376222,0.376222,0.376222,0.376222,0.376222,0.376222,0.376222,0.376222,0.376222,0.376222,0.376222,0.376222,0.376222,0.376222,0.376222,0.376222,0.376222,0.376222,0.376222,0.376222,0.376222,0.376222,0.376222,0.376222,0.376222,0.376222,0.376222,0.376222,0.376222,0,0,0,0,0,0,0,0,0,0,0,0,0,0,0,0,0,0,0,0,0,0,0,0,0,0,0,0,0.4855144,0.4855144,0.4855144,0.4855144,0.4855144,0.4855144,0.4855144,0.4855144,0.4855144,0.4855144,0.4855144,0.4855144,0.4855144,0.4855144,0.4855144,0.4855144,0.4855144,0.4855144,0.4855144,0.4855144,0.4855144,0.4855144,0.4855144,0.4855144,0.4855144,0.4855144,0.4855144,0.4855144,0.4855144,0.4855144,0.4855144,0.4855144,0.4855144,0.4855144,0.4855144,0.4855144,0.4855144,0.4855144,0.4855144,0.4855144,0.4855144,0.4855144,0.4855144,0.4855144,0.4855144,0.4855144,0.4855144,0.4855144,0.4855144,0.4855144,0.4855144,0.4855144,0.4855144,0.4855144,0.4855144,0.4855144,0.4855144,0.4855144,0.4855144,0.4855144,0.4855144,0.4855144,0.4855144,0.4855144,0.4855144,0.4855144,0.4855144,0.4855144,0.4855144,0.4855144,0.4855144,0.4855144,0.4855144,0.4855144,0
0,0.4855144,0.4855144,0.4855144,0.4855144,0.4855144,0.4855144,0.4855144,0.4855144,0.4855144,0.4855144,0.4855144,0.4855144,0.4855144,0.4855144,0.4855144,0.4855144,0.4855144,0.4855144,0.4855144,0.4855144,0.4855144,0.4855144,0.4855144,0.4855144,0.4855144,0.4855144,0.4855144,0.4855144,0.4855144,0.4855144,0.4855144,0.4855144,0.4855144,0.4855144,0.4855144,0.4855144,0.4855144,0.4855144,0.4855144,0.4855144,0.4855144,0.4855144,0.4855144,0.4855144,0.4855144,0.4855144,0.4855144,0.4855144,0.4855144,0.4855144,0.4855144,0.4855144,0.4855144,0.4855144,0.4855144,0.4855144,0.4855144,0.4855144,0.4855144,0.4855144,0.4855144,0.4855144,0.4855144,0.4855144,0.4855144,0.4855144,0.4855144,0.4855144,0.4855144,0.4855144,0.4855144,0.4855144,0.4855144,0.4855144,0.4855144,0.4855144,0.4855144,0.4855144,0.4855144,0.4855144,0.4855144,0.4855144,0.4855144,0.4855144,0.4855144,0.4855144,0.4855144,0.4855144,0.4855144,0.4855144,0.4855144,0.4855144,0.4855144,0.4855144,0.4855144,0.4855144,0.4855144,0.4855144,0.4855144,0.4855144,0.4855144,0.4855144,0.4855144,0.4855144,0.4855144,0.4855144,0.4855144,0.4855144,0.4855144,0.4855144,0.4855144,0.4855144,0.4855144,0.4855144,0.4855144,0.4855144,0.4855144,0.4855144,0.4855144,0.4855144,0.4855144,0.4855144,0.4855144,0.4855144,0.4855144,0.4855144,0.4855144,0.4855144,0.4855144,0.4855144,0.4855144,0.4855144,0.4855144,0.4855144,0.4855144,0.4855144,0.4855144,0.4855144,0.4855144,0.4855144,0.4855144,0.4855144,0.4855144,0.4855144,0.4855144,0.4855144,0.4855144,0.4855144,0.4855144,0.4855144,0.4855144,0.4855144,0.4855144,0.4855144,0.4855144,0.4855144,0.4855144,0.4855144,0.4855144,0.4855144,0.4855144,0.4855144,0.4855144,0.4855144,0.4855144,0.4855144,0.4855144,0.4855144,0.4855144,0.4855144,0.4855144,0.4855144,0.4855144,0.4855144,0.4855144,0.4855144,0.4855144,0.4855144,0.4855144,0.4855144,0.4855144,0.4855144,0.4855144,0.4855144,0.4855144,0.4855144,0.4855144,0.4855144,0.4855144,0.4855144,0.4855144,0.4855144,0.4855144,0.4855144,0.4855144,0.4855144,0
0,0.4855144,0.4855144,0.4855144,0.4855144,0.4855144,0.4855144,0.4855144,0.4855144,0.4855144,0.4855144,0.4855144,0.4855144,0.4855144,0.4855144,0.4855144,0.4855144,0.4855144,0.4855144,0.4855144,0.4855144,0.4855144,0.4855144,0.4855144,0.4855144,0.4855144,0.4855144,0.4855144,0.4855144,0.4855144,0.4855144,0.4855144,0.4855144,0.4855144,0.4855144,0.4855144,0.4855144,0.4855144,0.4855144,0.4855144,0.4855144,0.4855144,0.4855144,0.4855144,0.4855144,0.4855144,0.4855144,0.4855144,0.4855144,0.4855144,0.4855144,0.4855144,0.4855144,0.4855144,0.4855144,0.4855144,0.4855144,0.4855144,0.4855144,0.4855144,0.4855144,0.4855144,0.4855144,0.4855144,0.4855144,0.4855144,0.4855144,0.4855144,0.4855144,0.4855144,0.4855144,0.4855144,0.4855144,0.4855144,0.4855144,0.4855144,0.4855144,0.4855144,0.4855144,0.4855144,0.4855144,0.4855144,0.4855144,0.4855144,0.4855144,0.4855144,0.4855144,0.4855144,0.4855144,0.4855144,0.4855144,0.4855144,0.4855144,0.4855144,0.4855144,0.4855144,0.4855144,0.4855144,0.4855144,0.4855144,0.4855144,0.4855144,0.4855144,0.4855144,0.4855144,0.4855144,0.4855144,0.4855144,0.4855144,0.4855144,0.4855144,0.4855144,0.4855144,0.4855144,0.4855144,0.4855144,0.4855144,0.4855144,0.4855144,0.4855144,0.4855144,0.4855144,0.4855144,0.4855144,0.4855144,0.4855144,0.4855144,0.4855144,0.4855144,0.4855144,0.4855144,0.4855144,0.4855144,0.4855144,0.4855144,0.4855144,0.4855144,0.4855144,0.4855144,0.4855144,0.4855144,0.4855144,0.4855144,0.4855144,0.4855144,0.4855144,0.4855144,0.4855144,0.4855144,0.4855144,0.4855144,0.4855144,0.4855144,0.4855144,0.4855144,0.4855144,0.4855144,0.4855144,0.4855144,0.4855144,0.4855144,0.4855144,0.4855144,0.4855144,0.4855144,0.4855144,0.4855144,0.4855144,0.4855144,0.4855144,0.4855144,0.4855144,0.4855144,0.4855144,0.4855144,0.4855144,0.4855144,0.4855144,0.4855144,0.4855144,0.4855144,0.4855144,0.4855144,0.4855144,0.4855144,0.4855144,0.4855144,0.4855144,0.4855144,0.4855144,0.4855144,0.4855144,0.4855144,0.4855144,0.4855144,0.4855144,0.4855144,0
0,0.4855144,0.4855144,0.4855144,0.4855144,0.4855144,0.4855144,0.4855144,0.4855144,0.4855144,0.4855144,0.4855144,0.4855144,0.4855144,0.4855144,0.4855144,0.4855144,0.4855144,0.4855144,0.4855144,0.4855144,0.4855144,0.4855144,0.4855144,0.4855144,0.4855144,0.4855144,0.4855144,0.4855144,0.4855144,0.4855144,0.4855144,0.4855144,0.4855144,0.4855144,0.4855144,0.4855144,0.4855144,0.4855144,0.4855144,0.4855144,0.4855144,0.4855144,0.4855144,0.4855144,0.4855144,0.4855144,0.4855144,0.4855144,0.4855144,0.4855144,0.4855144,0.4855144,0.4855144,0.4855144,0.4855144,0.4855144,0.4855144,0.4855144,0.4855144,0.4855144,0.4855144,0.4855144,0.4855144,0.4855144,0.4855144,0.4855144,0.4855144,0.4855144,0.4855144,0.4855144,0.4855144,0.4855144,0.4855144,0.4855144,0.4855144,0.4855144,0.4855144,0.4855144,0.4855144,0.4855144,0.4855144,0.4855144,0.4855144,0.4855144,0.4855144,0.4855144,0.4855144,0.4855144,0.4855144,0.4855144,0.4855144,0.4855144,0.4855144,0.4855144,0.4855144,0.4855144,0.4855144,0.4855144,0.4855144,0.4855144,0.4855144,0.4855144,0.4855144,0.4855144,0.4855144,0.4855144,0.4855144,0.4855144,0.4855144,0.4855144,0.4855144,0.4855144,0.4855144,0.4855144,0.4855144,0.4855144,0.4855144,0.4855144,0.4855144,0.4855144,0.4855144,0.4855144,0.4855144,0.4855144,0.4855144,0.4855144,0.4855144,0.4855144,0.4855144,0.4855144,0.4855144,0.4855144,0.4855144,0.4855144,0.4855144,0.4855144,0.4855144,0.4855144,0.4855144,0.4855144,0.4855144,0.4855144,0.4855144,0.4855144,0.4855144,0.4855144,0.4855144,0.4855144,0.4855144,0.4855144,0.4855144,0.4855144,0.4855144,0.4855144,0.4855144,0.4855144,0.4855144,0.4855144,0.4855144,0.4855144,0.4855144,0.4855144,0.4855144,0.4855144,0.4855144,0.4855144,0.4855144,0.4855144,0.4855144,0.4855144,0.4855144,0.4855144,0.4855144,0.4855144,0.4855144,0.4855144,0.4855144,0.4855144,0.4855144,0.4855144,0.4855144,0.4855144,0.4855144,0.4855144,0.4855144,0.4855144,0.4855144,0.4855144,0.4855144,0.4855144,0.4855144,0.4855144,0.4855144,0.4855144,0.4855144,0.4855144,0
0,0.4855144,0.4855144,0.4855144,0.4855144,0.4855144,0.4855144,0.4855144,0.4855144,0.4855144,0.4855144,0.4855144,0.4855144,0.4855144,0.4855144,0.4855144,0.4855144,0.4855144,0.4855144,0.4855144,0.4855144,0.4855144,0.4855144,0.4855144,0.4855144,0.4855144,0.4855144,0.4855144,0.4855144,0.4855144,0.4855144,0.4855144,0.4855144,0.4855144,0.4855144,0.4855144,0.4855144,0,0,0,0,0,0,0,0,0,0,0,0,0,0,0,0,0,0,0,0,0,0,0,0,0,0,0,0,0,0,0,0,0,0,0,0,0,0,0,0,0,0,0,0,0,0,0,0,0,0,0,0,0,0,0,0,0,0,0,0,0,0,0,0,0,0,0,0,0,0,0,0,0,0,0,0,0,0,0,0,0,0,0,0,0,0,0,0,0,0,0,0,0,0,0,0,0,0,0,0,0,0,0,0,0,0,0,0,0,0,0,0,0,0,0,0,0,0,0,0,0,0,0,0,0,0,0,0,0,0,0,0,0,0,0,0,0,0,0,0,0,0,0,0,0,0,0,0,0,0,0,0,0,0,0,0,0,0,0,0,0
0,0,0,0,0,0,0,0,0,0,0,0,0,0,0,0,0,0,0,0,0,0,0,0,0,0,0,0,0,0,0,0,0,0,0,0,0,0,0,0,0,0,0,0,0,0,0,0,0,0,0,0,0,0,0,0,0,0,0,0,0,0,0,0,0,0,0,0,0,0,0,0,0,0,0,0,0,0,0,0,0,0,0,0,0,0,0,0,0,0,0,0,0,0,0,0,0,0,0,0,0,0,0,0,0,0,0,0,0,0,0,0,0,0,0,0,0,0,0,0,0,0,0,0,0,0,0,0,0,0,0,0,0,0,0,0,0,0,0,0,0,0,0,0,0,0,0,0,0,0,0,0,0,0,0,0,0,0,0,0,0,0,0,0,0,0,0,0,0,0,0,0,0,0,0,0,0,0,0,0,0,0,0,0,0,0,0,0,0,0,0,0,0,0,0,0,0,0
0,0,0,0,0,0,0,0,0,0,0,0,0,0,0,0,0,0,0,0,0,0,0,0,0,0,0,0,0,0,0,0,0,0,0,0,0,0,0,0,0,0,0,0,0,0,0,0,0,0,0,0,0,0,0,0,0,0,0,0,0,0,0,0,0,0,0,0,0,0,0,0,0,0,0,0,0,0,0,0,0,0,0,0,0,0,0,0,0,0,0,0,0,0,0,0,0,0,0,0,0,0,0,0,0,0,0,0,0,0,0,0,0,0,0,0,0,0,0,0,0,0,0,0,0,0,0,0,0,0,0,0,0,0,0,0,0,0,0,0,0,0,0,0,0,0,0,0,0,0,0,0,0,0,0,0,0,0,0,0,0,0,0,0,0,0,0,0,0,0,0,0,0,0,0,0,0,0,0,0,0,0,0,0,0,0,0,0,0,0,0,0,0,0,0,0,0,0
0,0,0,0,0,0,0,0,0,0,0,0,0,0,0,0,0,0,0,0,0,0,0,0,0,0,0,0,0,0,0,0,0,0,0,0,0,0,0,0,0,0,0,0,0,0,0,0,0,0,0,0,0,0,0,0,0,0,0,0,0,0,0,0,0,0,0,0,0,0,0,0,0,0,0,0,0,0,0,0,0,0,0,0,0,0,0,0,0,0,0,0,0,0,0,0,0,0,0,0,0,0,0,0,0,0,0,0,0,0,0,0,0,0,0,0,0,0,0,0,0,0,0,0,0,0,0,0,0,0,0,0,0,0,0,0,0,0,0,0,0,0,0,0,0,0,0,0,0,0,0,0,0,0,0,0,0,0,0,0,0,0,0,0,0,0,0,0,0,0,0,0,0,0,0,0,0,0,0,0,0,0,0,0,0,0,0,0,0,0,0,0,0,0,0,0,0,0
0,0,0,0,0,0,0,0,0,0,0,0,0,0,0,0,0,0,0,0,0,0,0,0,0,0,0,0,0,0,0,0,0,0,0,0,0,0,0,0,0,0,0,0,0,0,0,0,0,0,0,0,0,0,0,0,0,0,0,0,0,0,0,0,0,0,0,0,0,0,0,0,0,0,0,0,0,0,0,0,0,0,0,0,0,0,0,0,0,0,0,0,0,0,0,0,0,0,0,0,0,0,0,0,0,0,0,0,0,0,0,0,0,0,0,0,0,0,0,0,0,0,0,0,0,0,0,0,0,0,0,0,0,0,0,0,0,0,0,0,0,0,0,0,0,0,0,0,0,0,0,0,0,0,0,0,0,0,0,0,0,0,0,0,0,0,0,0,0,0,0,0,0,0,0,0,0,0,0,0,0,0,0,0,0,0,0,0,0,0,0,0,0,0,0,0,0,0
0,0,0,0,0,0,0,0,0,0,0,0,0,0,0,0,0,0,0,0,0,0,0,0,0,0,0,0,0,0,0,0,0,0,0,0,0,0,0,0,0,0,0,0,0,0,0,0,0,0,0,0,0,0,0,0,0,0,0,0,0,0,0,0,0,0,0,0,0,0,0,0,0,0,0,0,0,0,0,0,0,0,0,0,0,0,0,0,0,0,0,0,0,0,0,0,0,0,0,0,0,0,0,0,0,0,0,0,0,0,0,0,0,0,0,0,0,0,0,0,0,0,0,0,0,0,0,0,0,0,0,0,0,0,0,0,0,0,0,0,0,0,0,0,0,0,0,0,0,0,0,0,0,0,0,0,0,0,0,0,0,0,0,0,0,0,0,0,0,0,0,0,0,0,0,0,0,0,0,0,0,0,0,0,0,0,0,0,0,0,0,0,0,0,0,0,0,0
0,0,0,0,0,0,0,0,0,0,0,0,0,0,0,0,0,0,0,0,0,0,0,0,0,0,0,0,0,0,0,0,0,0,0,0,0,0,0,0,0,0,0,0,0,0,0,0,0,0,0,0,0,0,0,0,0,0,0,0,0,0,0,0,0,0,0,0,0,0,0,0,0,0,0,0,0,0,0,0,0,0,0,0,0,0,0,0,0,0,0,0,0,0,0,0,0,0,0,0,0,0,0,0,0,0,0,0,0,0,0,0,0,0,0,0,0,0,0,0,0,0,0,0,0,0,0,0,0,0,0,0,0,0,0,0,0,0,0,0,0,0,0,0,0,0,0,0,0,0,0,0,0,0,0,0,0,0,0,0,0,0,0,0,0,0,0,0,0,0,0,0,0,0,0,0,0,0,0,0,0,0,0,0,0,0,0,0,0,0,0,0,0,0,0,0,0,0
0,0,0,0,0,0,0,0,0,0,0,0,0,0,0,0,0,0,0,0,0,0,0,0,0,0,0,0,0,0,0,0,0,0,0,0,0,0,0,0,0,0,0,0,0,0,0,0,0,0,0,0,0,0,0,0,0,0,0,0,0,0,0,0,0,0,0,0,0,0,0,0,0,0,0,0,0,0,0,0,0,0,0,0,0,0,0,0,0,0,0,0,0,0,0,0,0,0,0,0,0,0,0,0,0,0,0,0,0,0,0,0,0,0,0,0,0,0,0,0,0,0,0,0,0,0,0,0,0,0,0,0,0,0,0,0,0,0,0,0,0,0,0,0,0,0,0,0,0,0,0,0,0,0,0,0,0,0,0,0,0,0,0,0,0,0,0,0,0,0,0,0,0,0,0,0,0,0,0,0,0,0,0,0,0,0,0,0,0,0,0,0,0,0,0,0,0,0
0,0,0,0,0,0,0,0,0,0,0,0,0,0,0,0,0,0,0,0,0,0,0,0,0,0,0,0,0,0,0,0,0,0,0,0,0,0,0,0,0,0,0,0,0,0,0,0,0,0,0,0,0,0,0,0,0,0,0,0,0,0,0,0,0,0,0,0,0,0,0,0,0,0,0,0,0,0,0,0,0,0,0,0,0,0,0,0,0,0,0,0,0,0,0,0,0,0,0,0,0,0,0,0,0,0,0,0,0,0,0,0,0,0,0,0,0,0,0,0,0,0,0,0,0,0,0,0,0,0,0,0,0,0,0,0,0,0,0,0,0,0,0,0,0,0,0,0,0,0,0,0,0,0,0,0,0,0,0,0,0,0,0,0,0,0,0,0,0,0,0,0,0,0,0,0,0,0,0,0,0,0,0,0,0,0,0,0,0,0,0,0,0,0,0,0,0,0
0,0,0,0,0,0,0,0,0,0,0,0,0,0,0,0,0,0,0,0,0,0,0,0,0,0,0,0,0,0,0,0,0,0,0,0,0,0,0,0,0,0,0,0,0,0,0,0,0,0,0,0,0,0,0,0,0,0,0,0,0,0,0,0,0,0,0,0,0,0,0,0,0,0,0,0,0,0,0,0,0,0,0,0,0,0,0,0,0,0,0,0,0,0,0,0,0,0,0,0,0,0,0,0,0,0,0,0,0,0,0,0,0,0,0,0,0,0,0,0,0,0,0,0,0,0,0,0,0,0,0,0,0,0,0,0,0,0,0,0,0,0,0,0,0,0,0,0,0,0,0,0,0,0,0,0,0,0,0,0,0,0,0,0,0,0,0,0,0,0,0,0,0,0,0,0,0,0,0,0,0,0,0,0,0,0,0,0,0,0,0,0,0,0,0,0,0,0
0,0,0,0,0,0,0,0,0,0,0,0,0,0,0,0,0,0,0,0,0,0,0,0,0,0,0,0,0,0,0,0,0,0,0,0,0,0,0,0,0,0,0,0,0,0,0,0,0,0,0,0,0,0,0,0,0,0,0,0,0,0,0,0,0,0,0,0,0,0,0,0,0,0,0,0,0,0,0,0,0,0,0,0,0,0,0,0,0,0,0,0,0,0,0,0,0,0,0,0,0,0,0,0,0,0,0,0,0,0,0,0,0,0,0,0,0,0,0,0,0,0,0,0,0,0,0,0,0,0,0,0,0,0,0,0,0,0,0,0,0,0,0,0,0,0,0,0,0,0,0,0,0,0,0,0,0,0,0,0,0,0,0,0,0,0,0,0,0,0,0,0,0,0,0,0,0,0,0,0,0,0,0,0,0,0,0,0,0,0,0,0,0,0,0,0,0,0
0,0,0,0,0,0,0,0,0,0,0,0,0,0,0,0,0,0,0,0,0,0,0,0,0,0,0,0,0,0,0,0,0,0,0,0,0,0,0,0,0,0,0,0,0,0,0,0,0,0,0,0,0,0,0,0,0,0,0,0,0,0,0,0,0,0,0,0,0,0,0,0,0,0,0,0,0,0,0,0,0,0,0,0,0,0,0,0,0,0,0,0,0,0,0,0,0,0,0,0,0,0,0,0,0,0,0,0,0,0,0,0,0,0,0,0,0,0,0,0,0,0,0,0,0,0,0,0,0,0,0,0,0,0,0,0,0,0,0,0,0,0,0,0,0,0,0,0,0,0,0,0,0,0,0,0,0,0,0,0,0,0,0,0,0,0,0,0,0,0,0,0,0,0,0,0,0,0,0,0,0,0,0,0,0,0,0,0,0,0,0,0,0,0,0,0,0,0
0,0,0,0,0,0,0,0,0,0,0,0,0,0,0,0,0,0,0,0,0,0,0,0,0,0,0,0,0,0,0,0,0,0,0,0,0,0,0,0,0,0,0,0,0,0,0,0,0,0,0,0,0,0,0,0,0,0,0,0,0,0,0,0,0,0,0,0,0,0,0,0,0,0,0,0,0,0,0,0,0,0,0,0,0,0,0,0,0,0,0,0,0,0,0,0,0,0,0,0,0,0,0,0,0,0,0,0,0,0,0,0,0,0,0,0,0,0,0,0,0,0,0,0,0,0,0,0,0,0,0,0,0,0,0,0,0,0,0,0,0,0,0,0,0,0,0,0,0,0,0,0,0,0,0,0,0,0,0,0,0,0,0,0,0,0,0,0,0,0,0,0,0,0,0,0,0,0,0,0,0,0,0,0,0,0,0,0,0,0,0,0,0,0,0,0,0,0
0,0,0,0,0,0,0,0,0,0,0,0,0,0,0,0,0,0,0,0,0,0,0,0,0,0,0,0,0,0,0,0,0,0,0,0,0,0,0,0,0,0,0,0,0,0,0,0,0,0,0,0,0,0,0,0,0,0,0,0,0,0,0,0,0,0,0,0,0,0,0,0,0,0,0,0,0,0,0,0,0,0,0,0,0,0,0,0,0,0,0,0,0,0,0,0,0,0,0,0,0,0,0,0,0,0,0,0,0,0,0,0,0,0,0,0,0,0,0,0,0,0,0,0,0,0,0,0,0,0,0,0,0,0,0,0,0,0,0,0,0,0,0,0,0,0,0,0,0,0,0,0,0,0,0,0,0,0,0,0,0,0,0,0,0,0,0,0,0,0,0,0,0,0,0,0,0,0,0,0,0,0,0,0,0,0,0,0,0,0,0,0,0,0,0,0,0,0
0,0,0,0,0,0,0,0,0,0,0,0,0,0,0,0,0,0,0,0,0,0,0,0,0,0,0,0,0,0,0,0,0,0,0,0,0,0,0,0,0,0,0,0,0,0,0,0,0,0,0,0,0,0,0,0,0,0,0,0,0,0,0,0,0,0,0,0,0,0,0,0,0,0,0,0,0,0,0,0,0,0,0,0,0,0,0,0,0,0,0,0,0,0,0,0,0,0,0,0,0,0,0,0,0,0,0,0,0,0,0,0,0,0,0,0,0,0,0,0,0,0,0,0,0,0,0,0,0,0,0,0,0,0,0,0,0,0,0,0,0,0,0,0,0,0,0,0,0,0,0,0,0,0,0,0,0,0,0,0,0,0,0,0,0,0,0,0,0,0,0,0,0,0,0,0,0,0,0,0,0,0,0,0,0,0,0,0,0,0,0,0,0,0,0,0,0,0
0,0,0,0,0,0,0,0,0,0,0,0,0,0,0,0,0,0,0,0,0,0,0,0,0,0,0,0,0,0,0,0,0,0,0,0,0,0,0,0,0,0,0,0,0,0,0,0,0,0,0,0,0,0,0,0,0,0,0,0,0,0,0,0,0,0,0,0,0,0,0,0,0,0,0,0,0,0,0,0,0,0,0,0,0,0,0,0,0,0,0,0,0,0,0,0,0,0,0,0,0,0,0,0,0,0,0,0,0,0,0,0,0,0,0,0,0,0,0,0,0,0,0,0,0,0,0,0,0,0,0,0,0,0,0,0,0,0,0,0,0,0,0,0,0,0,0,0,0,0,0,0,0,0,0,0,0,0,0,0,0,0,0,0,0,0,0,0,0,0,0,0,0,0,0,0,0,0,0,0,0,0,0,0,0,0,0,0,0,0,0,0,0,0,0,0,0,0
0,0,0,0,0,0,0,0,0,0,0,0,0,0,0,0,0,0,0,0,0,0,0,0,0,0,0,0,0,0,0,0,0,0,0,0,0,0,0,0,0,0,0,0,0,0,0,0,0,0,0,0,0,0,0,0,0,0,0,0,0,0,0,0,0,0,0,0,0,0,0,0,0,0,0,0,0,0,0,0,0,0,0,0,0,0,0,0,0,0,0,0,0,0,0,0,0,0,0,0,0,0,0,0,0,0,0,0,0,0,0,0,0,0,0,0,0,0,0,0,0,0,0,0,0,0,0,0,0,0,0,0,0,0,0,0,0,0,0,0,0,0,0,0,0,0,0,0,0,0,0,0,0,0,0,0,0,0,0,0,0,0,0,0,0,0,0,0,0,0,0,0,0,0,0,0,0,0,0,0,0,0,0,0,0,0,0,0,0,0,0,0,0,0,0,0,0,0
0,0,0,0,0,0,0,0,0,0,0,0,0,0,0,0,0,0,0,0,0,0,0,0,0,0,0,0,0,0,0,0,0,0,0,0,0,0,0,0,0,0,0,0,0,0,0,0,0,0,0,0,0,0,0,0,0,0,0,0,0,0,0,0,0,0,0,0,0,0,0,0,0,0,0,0,0,0,0,0,0,0,0,0,0,0,0,0,0,0,0,0,0,0,0,0,0,0,0,0,0,0,0,0,0,0,0,0,0,0,0,0,0,0,0,0,0,0,0,0,0,0,0,0,0,0,0,0,0,0,0,0,0,0,0,0,0,0,0,0,0,0,0,0,0,0,0,0,0,0,0,0,0,0,0,0,0,0,0,0,0,0,0,0,0,0,0,0,0,0,0,0,0,0,0,0,0,0,0,0,0,0,0,0,0,0,0,0,0,0,0,0,0,0,0,0,0,0
0,0,0,0,0,0,0,0,0,0,0,0,0,0,0,0,0,0,0,0,0,0,0,0,0,0,0,0,0,0,0,0,0,0,0,0,0,0,0,0,0,0,0,0,0,0,0,0,0,0,0,0,0,0,0,0,0,0,0,0,0,0,0,0,0,0,0,0,0,0,0,0,0,0,0,0,0,0,0,0,0,0,0,0,0,0,0,0,0,0,0,0,0,0,0,0,0,0,0,0,0,0,0,0,0,0,0,0,0,0,0,0,0,0,0,0,0,0,0,0,0,0,0,0,0,0,0,0,0,0,0,0,0,0,0,0,0,0,0,0,0,0,0,0,0,0,0,0,0,0,0,0,0,0,0,0,0,0,0,0,0,0,0,0,0,0,0,0,0,0,0,0,0,0,0,0,0,0,0,0,0,0,0,0,0,0,0,0,0,0,0,0,0,0,0,0,0,0
0,0,0,0,0,0,0,0,0,0,0,0,0,0,0,0,0,0,0,0,0,0,0,0,0,0,0,0,0,0,0,0,0,0,0,0,0,0,0,0,0,0,0,0,0,0,0,0,0,0,0,0,0,0,0,0,0,0,0,0,0,0,0,0,0,0,0,0,0,0,0,0,0,0,0,0,0,0,0,0,0,0,0,0,0,0,0,0,0,0,0,0,0,0,0,0,0,0,0,0,0,0,0,0,0,0,0,0,0,0,0,0,0,0,0,0,0,0,0,0,0,0,0,0,0,0,0,0,0,0,0,0,0,0,0,0,0,0,0,0,0,0,0,0,0,0,0,0,0,0,0,0,0,0,0,0,0,0,0,0,0,0,0,0,0,0,0,0,0,0,0,0,0,0,0,0,0,0,0,0,0,0,0,0,0,0,0,0,0,0,0,0,0,0,0,0,0,0
0,0,0,0,0,0,0,0,0,0,0,0,0,0,0,0,0,0,0,0,0,0,0,0,0,0,0,0,0,0,0,0,0,0,0,0,0,0,0,0,0,0,0,0,0,0,0,0,0,0,0,0,0,0,0,0,0,0,0,0,0,0,0,0,0,0,0,0,0,0,0,0,0,0,0,0,0,0,0,0,0,0,0,0,0,0,0,0,0,0,0,0,0,0,0,0,0,0,0,0,0,0,0,0,0,0,0,0,0,0,0,0,0,0,0,0,0,0,0,0,0,0,0,0,0,0,0,0,0,0,0,0,0,0,0,0,0,0,0,0,0,0,0,0,0,0,0,0,0,0,0,0,0,0,0,0,0,0,0,0,0,0,0,0,0,0,0,0,0,0,0,0,0,0,0,0,0,0,0,0,0,0,0,0,0,0,0,0,0,0,0,0,0,0,0,0,0,0
0,0,0,0,0,0,0,0,0,0,0,0,0,0,0,0,0,0,0,0,0,0,0,0,0,0,0,0,0,0,0,0,0,0,0,0,0,0,0,0,0,0,0,0,0,0,0,0,0,0,0,0,0,0,0,0,0,0,0,0,0,0,0,0,0,0,0,0,0,0,0,0,0,0,0,0,0,0,0,0,0,0,0,0,0,0,0,0,0,0,0,0,0,0,0,0,0,0,0,0,0,0,0,0,0,0,0,0,0,0,0,0,0,0,0,0,0,0,0,0,0,0,0,0,0,0,0,0,0,0,0,0,0,0,0,0,0,0,0,0,0,0,0,0,0,0,0,0,0,0,0,0,0,0,0,0,0,0,0,0,0,0,0,0,0,0,0,0,0,0,0,0,0,0,0,0,0,0,0,0,0,0,0,0,0,0,0,0,0,0,0,0,0,0,0,0,0,0
0,0,0,0,0,0,0,0,0,0,0,0,0,0,0,0,0,0,0,0,0,0,0,0,0,0,0,0,0,0,0,0,0,0,0,0,0,0,0,0,0,0,0,0,0,0,0,0,0,0,0,0,0,0,0,0,0,0,0,0,0,0,0,0,0,0,0,0,0,0,0,0,0,0,0,0,0,0,0,0,0,0,0,0,0,0,0,0,0,0,0,0,0,0,0,0,0,0,0,0,0,0,0,0,0,0,0,0,0,0,0,0,0,0,0,0,0,0,0,0,0,0,0,0,0,0,0,0,0,0,0,0,0,0,0,0,0,0,0,0,0,0,0,0,0,0,0,0,0,0,0,0,0,0,0,0,0,0,0,0,0,0,0,0,0,0,0,0,0,0,0,0,0,0,0,0,0,0,0,0,0,0,0,0,0,0,0,0,0,0,0,0,0,0,0,0,0,0
0,0,0,0,0,0,0,0,0,0,0,0,0,0,0,0,0,0,0,0,0,0,0,0,0,0,0,0,0,0,0,0,0,0,0,0,0,0,0,0,0,0,0,0,0,0,0,0,0,0,0,0,0,0,0,0,0,0,0,0,0,0,0,0,0,0,0,0,0,0,0,0,0,0,0,0,0,0,0,0,0,0,0,0,0,0,0,0,0,0,0,0,0,0,0,0,0,0,0,0,0,0,0,0,0,0,0,0,0,0,0,0,0,0,0,0,0,0,0,0,0,0,0,0,0,0,0,0,0,0,0,0,0,0,0,0,0,0,0,0,0,0,0,0,0,0,0,0,0,0,0,0,0,0,0,0,0,0,0,0,0,0,0,0,0,0,0,0,0,0,0,0,0,0,0,0,0,0,0,0,0,0,0,0,0,0,0,0,0,0,0,0,0,0,0,0,0,0
0,0,0,0,0,0,0,0,0,0,0,0,0,0,0,0,0,0,0,0,0,0,0,0,0,0,0,0,0,0,0,0,0,0,0,0,0,0,0,0,0,0,0,0,0,0,0,0,0,0,0,0,0,0,0,0,0,0,0,0,0,0,0,0,0,0,0,0,0,0,0,0,0,0,0,0,0,0,0,0,0,0,0,0,0,0,0,0,0,0,0,0,0,0,0,0,0,0,0,0,0,0,0,0,0,0,0,0,0,0,0,0,0,0,0,0,0,0,0,0,0,0,0,0,0,0,0,0,0,0,0,0,0,0,0,0,0,0,0,0,0,0,0,0,0,0,0,0,0,0,0,0,0,0,0,0,0,0,0,0,0,0,0,0,0,0,0,0,0,0,0,0,0,0,0,0,0,0,0,0,0,0,0,0,0,0,0,0,0,0,0,0,0,0,0,0,0,0
0,0,0,0,0,0,0,0,0,0,0,0,0,0,0,0,0,0,0,0,0,0,0,0,0,0,0,0,0,0,0,0,0,0,0,0,0,0,0,0,0,0,0,0,0,0,0,0,0,0,0,0,0,0,0,0,0,0,0,0,0,0,0,0,0,0,0,0,0,0,0,0,0,0,0,0,0,0,0,0,0,0,0,0,0,0,0,0,0,0,0,0,0,0,0,0,0,0,0,0,0,0,0,0,0,0,0,0,0,0,0,0,0,0,0,0,0,0,0,0,0,0,0,0,0,0,0,0,0,0,0,0,0,0,0,0,0,0,0,0,0,0,0,0,0,0,0,0,0,0,0,0,0,0,0,0,0,0,0,0,0,0,0,0,0,0,0,0,0,0,0,0,0,0,0,0,0,0,0,0,0,0,0,0,0,0,0,0,0,0,0,0,0,0,0,0,0,0
0,0,0,0,0,0,0,0,0,0,0,0,0,0,0,0,0,0,0,0,0,0,0,0,0,0,0,0,0,0,0,0,0,0,0,0,0,0,0,0,0,0,0,0,0,0,0,0,0,0,0,0,0,0,0,0,0,0,0,0,0,0,0,0,0,0,0,0,0,0,0,0,0,0,0,0,0,0,0,0,0,0,0,0,0,0,0,0,0,0,0,0,0,0,0,0,0,0,0,0,0,0,0,0,0,0,0,0,0,0,0,0,0,0,0,0,0,0,0,0,0,0,0,0,0,0,0,0,0,0,0,0,0,0,0,0,0,0,0,0,0,0,0,0,0,0,0,0,0,0,0,0,0,0,0,0,0,0,0,0,0,0,0,0,0,0,0,0,0,0,0,0,0,0,0,0,0,0,0,0,0,0,0,0,0,0,0,0,0,0,0,0,0,0,0,0,0,0
0,0,0,0,0,0,0,0,0,0,0,0,0,0,0,0,0,0,0,0,0,0,0,0,0,0,0,0,0,0,0,0,0,0,0,0,0,0,0,0,0,0,0,0,0,0,0,0,0,0,0,0,0,0,0,0,0,0,0,0,0,0,0,0,0,0,0,0,0,0,0,0,0,0,0,0,0,0,0,0,0,0,0,0,0,0,0,0,0,0,0,0,0,0,0,0,0,0,0,0,0,0,0,0,0,0,0,0,0,0,0,0,0,0,0,0,0,0,0,0,0,0,0,0,0,0,0,0,0,0,0,0,0,0,0,0,0,0,0,0,0,0,0,0,0,0,0,0,0,0,0,0,0,0,0,0,0,0,0,0,0,0,0,0,0,0,0,0,0,0,0,0,0,0,0,0,0,0,0,0,0,0,0,0,0,0,0,0,0,0,0,0,0,0,0,0,0,0
0,0,0,0,0,0,0,0,0,0,0,0,0,0,0,0,0,0,0,0,0,0,0,0,0,0,0,0,0,0,0,0,0,0,0,0,0,0,0,0,0,0,0,0,0,0,0,0,0,0,0,0,0,0,0,0,0,0,0,0,0,0,0,0,0,0,0,0,0,0,0,0,0,0,0,0,0,0,0,0,0,0,0,0,0,0,0,0,0,0,0,0,0,0,0,0,0,0,0,0,0,0,0,0,0,0,0,0,0,0,0,0,0,0,0,0,0,0,0,0,0,0,0,0,0,0,0,0,0,0,0,0,0,0,0,0,0,0,0,0,0,0,0,0,0,0,0,0,0,0,0,0,0,0,0,0,0,0,0,0,0,0,0,0,0,0,0,0,0,0,0,0,0,0,0,0,0,0,0,0,0,0,0,0,0,0,0,0,0,0,0,0,0,0,0,0,0,0
0,0,0,0,0,0,0,0,0,0,0,0,0,0,0,0,0,0,0,0,0,0,0,0,0,0,0,0,0,0,0,0,0,0,0,0,0,0,0,0,0,0,0,0,0,0,0,0,0,0,0,0,0,0,0,0,0,0,0,0,0,0,0,0,0,0,0,0,0,0,0,0,0,0,0,0,0,0,0,0,0,0,0,0,0,0,0,0,0,0,0,0,0,0,0,0,0,0,0,0,0,0,0,0,0,0,0,0,0,0,0,0,0,0,0,0,0,0,0,0,0,0,0,0,0,0,0,0,0,0,0,0,0,0,0,0,0,0,0,0,0,0,0,0,0,0,0,0,0,0,0,0,0,0,0,0,0,0,0,0,0,0,0,0,0,0,0,0,0,0,0,0,0,0,0,0,0,0,0,0,0,0,0,0,0,0,0,0,0,0,0,0,0,0,0,0,0,0
0,0,0,0,0,0,0,0,0,0,0,0,0,0,0,0,0,0,0,0,0,0,0,0,0,0,0,0,0,0,0,0,0,0,0,0,0,0,0,0,0,0,0,0,0,0,0,0,0,0,0,0,0,0,0,0,0,0,0,0,0,0,0,0,0,0,0,0,0,0,0,0,0,0,0,0,0,0,0,0,0,0,0,0,0,0,0,0,0,0,0,0,0,0,0,0,0,0,0,0,0,0,0,0,0,0,0,0,0,0,0,0,0,0,0,0,0,0,0,0,0,0,0,0,0,0,0,0,0,0,0,0,0,0,0,0,0,0,0,0,0,0,0,0,0,0,0,0,0,0,0,0,0,0,0,0,0,0,0,0,0,0,0,0,0,0,0,0,0,0,0,0,0,0,0,0,0,0,0,0,0,0,0,0,0,0,0,0,0,0,0,0,0,0,0,0,0,0
0,0,0,0,0,0,0,0,0,0,0,0,0,0,0,0,0,0,0,0,0,0,0,0,0,0,0,0,0,0,0,0,0,0,0,0,0,0,0,0,0,0,0,0,0,0,0,0,0,0,0,0,0,0,0,0,0,0,0,0,0,0,0,0,0,0,0,0,0,0,0,0,0,0,0,0,0,0,0,0,0,0,0,0,0,0,0,0,0,0,0,0,0,0,0,0,0,0,0,0,0,0,0,0,0,0,0,0,0,0,0,0,0,0,0,0,0,0,0,0,0,0,0,0,0,0,0,0,0,0,0,0,0,0,0,0,0,0,0,0,0,0,0,0,0,0,0,0,0,0,0,0,0,0,0,0,0,0,0,0,0,0,0,0,0,0,0,0,0,0,0,0,0,0,0,0,0,0,0,0,0,0,0,0,0,0,0,0,0,0,0,0,0,0,0,0,0,0
0,0,0,0,0,0,0,0,0,0,0,0,0,0,0,0,0,0,0,0,0,0,0,0,0,0,0,0,0,0,0,0,0,0,0,0,0,0,0,0,0,0,0,0,0,0,0,0,0,0,0,0,0,0,0,0,0,0,0,0,0,0,0,0,0,0,0,0,0,0,0,0,0,0,0,0,0,0,0,0,0,0,0,0,0,0,0,0,0,0,0,0,0,0,0,0,0,0,0,0,0,0,0,0,0,0,0,0,0,0,0,0,0,0,0,0,0,0,0,0,0,0,0,0,0,0,0,0,0,0,0,0,0,0,0,0,0,0,0,0,0,0,0,0,0,0,0,0,0,0,0,0,0,0,0,0,0,0,0,0,0,0,0,0,0,0,0,0,0,0,0,0,0,0,0,0,0,0,0,0,0,0,0,0,0,0,0,0,0,0,0,0,0,0,0,0,0,0
0,0,0,0,0,0,0,0,0,0,0,0,0,0,0,0,0,0,0,0,0,0,0,0,0,0,0,0,0,0,0,0,0,0,0,0,0,0,0,0,0,0,0,0,0,0,0,0,0,0,0,0,0,0,0,0,0,0,0,0,0,0,0,0,0,0,0,0,0,0,0,0,0,0,0,0,0,0,0,0,0,0,0,0,0,0,0,0,0,0,0,0,0,0,0,0,0,0,0,0,0,0,0,0,0,0,0,0,0,0,0,0,0,0,0,0,0,0,0,0,0,0,0,0,0,0,0,0,0,0,0,0,0,0,0,0,0,0,0,0,0,0,0,0,0,0,0,0,0,0,0,0,0,0,0,0,0,0,0,0,0,0,0,0,0,0,0,0,0,0,0,0,0,0,0,0,0,0,0,0,0,0,0,0,0,0,0,0,0,0,0,0,0,0,0,0,0,0
0,0,0,0,0,0,0,0,0,0,0,0,0,0,0,0,0,0,0,0,0,0,0,0,0,0,0,0,0,0,0,0,0,0,0,0,0,0,0,0,0,0,0,0,0,0,0,0,0,0,0,0,0,0,0,0,0,0,0,0,0,0,0,0,0,0,0,0,0,0,0,0,0,0,0,0,0,0,0,0,0,0,0,0,0,0,0,0,0,0,0,0,0,0,0,0,0,0,0,0,0,0,0,0,0,0,0,0,0,0,0,0,0,0,0,0,0,0,0,0,0,0,0,0,0,0,0,0,0,0,0,0,0,0,0,0,0,0,0,0,0,0,0,0,0,0,0,0,0,0,0,0,0,0,0,0,0,0,0,0,0,0,0,0,0,0,0,0,0,0,0,0,0,0,0,0,0,0,0,0,0,0,0,0,0,0,0,0,0,0,0,0,0,0,0,0,0,0
0,0,0,0,0,0,0,0,0,0,0,0,0,0,0,0,0,0,0,0,0,0,0,0,0,0,0,0,0,0,0,0,0,0,0,0,0,0,0,0,0,0,0,0,0,0,0,0,0,0,0,0,0,0,0,0,0,0,0,0,0,0,0,0,0,0,0,0,0,0,0,0,0,0,0,0,0,0,0,0,0,0,0,0,0,0,0,0,0,0,0,0,0,0,0,0,0,0,0,0,0,0,0,0,0,0,0,0,0,0,0,0,0,0,0,0,0,0,0,0,0,0,0,0,0,0,0,0,0,0,0,0,0,0,0,0,0,0,0,0,0,0,0,0,0,0,0,0,0,0,0,0,0,0,0,0,0,0,0,0,0,0,0,0,0,0,0,0,0,0,0,0,0,0,0,0,0,0,0,0,0,0,0,0,0,0,0,0,0,0,0,0,0,0,0,0,0,0
0,0,0,0,0,0,0,0,0,0,0,0,0,0,0,0,0,0,0,0,0,0,0,0,0,0,0,0,0,0,0,0,0,0,0,0,0,0,0,0,0,0,0,0,0,0,0,0,0,0,0,0,0,0,0,0,0,0,0,0,0,0,0,0,0,0,0,0,0,0,0,0,0,0,0,0,0,0,0,0,0,0,0,0,0,0,0,0,0,0,0,0,0,0,0,0,0,0,0,0,0,0,0,0,0,0,0,0,0,0,0,0,0,0,0,0,0,0,0,0,0,0,0,0,0,0,0,0,0,0,0,0,0,0,0,0,0,0,0,0,0,0,0,0,0,0,0,0,0,0,0,0,0,0,0,0,0,0,0,0,0,0,0,0,0,0,0,0,0,0,0,0,0,0,0,0,0,0,0,0,0,0,0,0,0,0,0,0,0,0,0,0,0,0,0,0,0,0
0,0,0,0,0,0,0,0,0,0,0,0,0,0,0,0,0,0,0,0,0,0,0,0,0,0,0,0,0,0,0,0,0,0,0,0,0,0,0,0,0,0,0,0,0,0,0,0,0,0,0,0,0,0,0,0,0,0,0,0,0,0,0,0,0,0,0,0,0,0,0,0,0,0,0,0,0,0,0,0,0,0,0,0,0,0,0,0,0,0,0,0,0,0,0,0,0,0,0,0,0,0,0,0,0,0,0,0,0,0,0,0,0,0,0,0,0,0,0,0,0,0,0,0,0,0,0,0,0,0,0,0,0,0,0,0,0,0,0,0,0,0,0,0,0,0,0,0,0,0,0,0,0,0,0,0,0,0,0,0,0,0,0,0,0,0,0,0,0,0,0,0,0,0,0,0,0,0,0,0,0,0,0,0,0,0,0,0,0,0,0,0,0,0,0,0,0,0
0,0,0,0,0,0,0,0,0,0,0,0,0,0,0,0,0,0,0,0,0,0,0,0,0,0,0,0,0,0,0,0,0,0,0,0,0,0,0,0,0,0,0,0,0,0,0,0,0,0,0,0,0,0,0,0,0,0,0,0,0,0,0,0,0,0,0,0,0,0,0,0,0,0,0,0,0,0,0,0,0,0,0,0,0,0,0,0,0,0,0,0,0,0,0,0,0,0,0,0,0,0,0,0,0,0,0,0,0,0,0,0,0,0,0,0,0,0,0,0,0,0,0,0,0,0,0,0,0,0,0,0,0,0,0,0,0,0,0,0,0,0,0,0,0,0,0,0,0,0,0,0,0,0,0,0,0,0,0,0,0,0,0,0,0,0,0,0,0,0,0,0,0,0,0,0,0,0,0,0,0,0,0,0,0,0,0,0,0,0,0,0,0,0,0,0,0,0
0,0,0,0,0,0,0,0,0,0,0,0,0,0,0,0,0,0,0,0,0,0,0,0,0,0,0,0,0,0,0,0,0,0,0,0,0,0,0,0,0,0,0,0,0,0,0,0,0,0,0,0,0,0,0,0,0,0,0,0,0,0,0,0,0,0,0,0,0,0,0,0,0,0,0,0,0,0,0,0,0,0,0,0,0,0,0,0,0,0,0,0,0,0,0,0,0,0,0,0,0,0,0,0,0,0,0,0,0,0,0,0,0,0,0,0,0,0,0,0,0,0,0,0,0,0,0,0,0,0,0,0,0,0,0,0,0,0,0,0,0,0,0,0,0,0,0,0,0,0,0,0,0,0,0,0,0,0,0,0,0,0,0,0,0,0,0,0,0,0,0,0,0,0,0,0,0,0,0,0,0,0,0,0,0,0,0,0,0,0,0,0,0,0,0,0,0,0
0,0,0,0,0,0,0,0,0,0,0,0,0,0,0,0,0,0,0,0,0,0,0,0,0,0,0,0,0,0,0,0,0,0,0,0,0,0,0,0,0,0,0,0,0,0,0,0,0,0,0,0,0,0,0,0,0,0,0,0,0,0,0,0,0,0,0,0,0,0,0,0,0,0,0,0,0,0,0,0,0,0,0,0,0,0,0,0,0,0,0,0,0,0,0,0,0,0,0,0,0,0,0,0,0,0,0,0,0,0,0,0,0,0,0,0,0,0,0,0,0,0,0,0,0,0,0,0,0,0,0,0,0,0,0,0,0,0,0,0,0,0,0,0,0,0,0,0,0,0,0,0,0,0,0,0,0,0,0,0,0,0,0,0,0,0,0,0,0,0,0,0,0,0,0,0,0,0,0,0,0,0,0,0,0,0,0,0,0,0,0,0,0,0,0,0,0,0
0,0,0,0,0,0,0,0,0,0,0,0,0,0,0,0,0,0,0,0,0,0,0,0,0,0,0,0,0,0,0,0,0,0,0,0,0,0,0,0,0,0,0,0,0,0,0,0,0,0,0,0,0,0,0,0,0,0,0,0,0,0,0,0,0,0,0,0,0,0,0,0,0,0,0,0,0,0,0,0,0,0,0,0,0,0,0,0,0,0,0,0,0,0,0,0,0,0,0,0,0,0,0,0,0,0,0,0,0,0,0,0,0,0,0,0,0,0,0,0,0,0,0,0,0,0,0,0,0,0,0,0,0,0,0,0,0,0,0,0,0,0,0,0,0,0,0,0,0,0,0,0,0,0,0,0,0,0,0,0,0,0,0,0,0,0,0,0,0,0,0,0,0,0,0,0,0,0,0,0,0,0,0,0,0,0,0,0,0,0,0,0,0,0,0,0,0,0
0,0,0,0,0,0,0,0,0,0,0,0,0,0,0,0,0,0,0,0,0,0,0,0,0,0,0,0,0,0,0,0,0,0,0,0,0,0,0,0,0,0,0,0,0,0,0,0,0,0,0,0,0,0,0,0,0,0,0,0,0,0,0,0,0,0,0,0,0,0,0,0,0,0,0,0,0,0,0,0,0,0,0,0,0,0,0,0,0,0,0,0,0,0,0,0,0,0,0,0,0,0,0,0,0,0,0,0,0,0,0,0,0,0,0,0,0,0,0,0,0,0,0,0,0,0,0,0,0,0,0,0,0,0,0,0,0,0,0,0,0,0,0,0,0,0,0,0,0,0,0,0,0,0,0,0,0,0,0,0,0,0,0,0,0,0,0,0,0,0,0,0,0,0,0,0,0,0,0,0,0,0,0,0,0,0,0,0,0,0,0,0,0,0,0,0,0,0
0,0,0,0,0,0,0,0,0,0,0,0,0,0,0,0,0,0,0,0,0,0,0,0,0,0,0,0,0,0,0,0,0,0,0,0,0,0,0,0,0,0,0,0,0,0,0,0,0,0,0,0,0,0,0,0,0,0,0,0,0,0,0,0,0,0,0,0,0,0,0,0,0,0,0,0,0,0,0,0,0,0,0,0,0,0,0,0,0,0,0,0,0,0,0,0,0,0,0,0,0,0,0,0,0,0,0,0,0,0,0,0,0,0,0,0,0,0,0,0,0,0,0,0,0,0,0,0,0,0,0,0,0,0,0,0,0,0,0,0,0,0,0,0,0,0,0,0,0,0,0,0,0,0,0,0,0,0,0,0,0,0,0,0,0,0,0,0,0,0,0,0,0,0,0,0,0,0,0,0,0,0,0,0,0,0,0,0,0,0,0,0,0,0,0,0,0,0
0,0,0,0,0,0,0,0,0,0,0,0,0,0,0,0,0,0,0,0,0,0,0,0,0,0,0,0,0,0,0,0,0,0,0,0,0,0,0,0,0,0,0,0,0,0,0,0,0,0,0,0,0,0,0,0,0,0,0,0,0,0,0,0,0,0,0,0,0,0,0,0,0,0,0,0,0,0,0,0,0,0,0,0,0,0,0,0,0,0,0,0,0,0,0,0,0,0,0,0,0,0,0,0,0,0,0,0,0,0,0,0,0,0,0,0,0,0,0,0,0,0,0,0,0,0,0,0,0,0,0,0,0,0,0,0,0,0,0,0,0,0,0,0,0,0,0,0,0,0,0,0,0,0,0,0,0,0,0,0,0,0,0,0,0,0,0,0,0,0,0,0,0,0,0,0,0,0,0,0,0,0,0,0,0,0,0,0,0,0,0,0,0,0,0,0,0,0
0,0,0,0,0,0,0,0,0,0,0,0,0,0,0,0,0,0,0,0,0,0,0,0,0,0,0,0,0,0,0,0,0,0,0,0,0,0,0,0,0,0,0,0,0,0,0,0,0,0,0,0,0,0,0,0,0,0,0,0,0,0,0,0,0,0,0,0,0,0,0,0,0,0,0,0,0,0,0,0,0,0,0,0,0,0,0,0,0,0,0,0,0,0,0,0,0,0,0,0,0,0,0,0,0,0,0,0,0,0,0,0,0,0,0,0,0,0,0,0,0,0,0,0,0,0,0,0,0,0,0,0,0,0,0,0,0,0,0,0,0,0,0,0,0,0,0,0,0,0,0,0,0,0,0,0,0,0,0,0,0,0,0,0,0,0,0,0,0,0,0,0,0,0,0,0,0,0,0,0,0,0,0,0,0,0,0,0,0,0,0,0,0,0,0,0,0,0
0,0,0,0,0,0,0,0,0,0,0,0,0,0,0,0,0,0,0,0,0,0,0,0,0,0,0,0,0,0,0,0,0,0,0,0,0,0,0,0,0,0,0,0,0,0,0,0,0,0,0,0,0,0,0,0,0,0,0,0,0,0,0,0,0,0,0,0,0,0,0,0,0,0,0,0,0,0,0,0,0,0,0,0,0,0,0,0,0,0,0,0,0,0,0,0,0,0,0,0,0,0,0,0,0,0,0,0,0,0,0,0,0,0,0,0,0,0,0,0,0,0,0,0,0,0,0,0,0,0,0,0,0,0,0,0,0,0,0,0,0,0,0,0,0,0,0,0,0,0,0,0,0,0,0,0,0,0,0,0,0,0,0,0,0,0,0,0,0,0,0,0,0,0,0,0,0,0,0,0,0,0,0,0,0,0,0,0,0,0,0,0,0,0,0,0,0,0
0,0,0,0,0,0,0,0,0,0,0,0,0,0,0,0,0,0,0,0,0,0,0,0,0,0,0,0,0,0,0,0,0,0,0,0,0,0,0,0,0,0,0,0,0,0,0,0,0,0,0,0,0,0,0,0,0,0,0,0,0,0,0,0,0,0,0,0,0,0,0,0,0,0,0,0,0,0,0,0,0,0,0,0,0,0,0,0,0,0,0,0,0,0,0,0,0,0,0,0,0,0,0,0,0,0,0,0,0,0,0,0,0,0,0,0,0,0,0,0,0,0,0,0,0,0,0,0,0,0,0,0,0,0,0,0,0,0,0,0,0,0,0,0,0,0,0,0,0,0,0,0,0,0,0,0,0,0,0,0,0,0,0,0,0,0,0,0,0,0,0,0,0,0,0,0,0,0,0,0,0,0,0,0,0,0,0,0,0,0,0,0,0,0,0,0,0,0
0,0,0,0,0,0,0,0,0,0,0,0,0,0,0,0,0,0,0,0,0,0,0,0,0,0,0,0,0,0,0,0,0,0,0,0,0,0,0,0,0,0,0,0,0,0,0,0,0,0,0,0,0,0,0,0,0,0,0,0,0,0,0,0,0,0,0,0,0,0,0,0,0,0,0,0,0,0,0,0,0,0,0,0,0,0,0,0,0,0,0,0,0,0,0,0,0,0,0,0,0,0,0,0,0,0,0,0,0,0,0,0,0,0,0,0,0,0,0,0,0,0,0,0,0,0,0,0,0,0,0,0,0,0,0,0,0,0,0,0,0,0,0,0,0,0,0,0,0,0,0,0,0,0,0,0,0,0,0,0,0,0,0,0,0,0,0,0,0,0,0,0,0,0,0,0,0,0,0,0,0,0,0,0,0,0,0,0,0,0,0,0,0,0,0,0,0,0
0,0,0,0,0,0,0,0,0,0,0,0,0,0,0,0,0,0,0,0,0,0,0,0,0,0,0,0,0,0,0,0,0,0,0,0,0,0,0,0,0,0,0,0,0,0,0,0,0,0,0,0,0,0,0,0,0,0,0,0,0,0,0,0,0,0,0,0,0,0,0,0,0,0,0,0,0,0,0,0,0,0,0,0,0,0,0,0,0,0,0,0,0,0,0,0,0,0,0,0,0,0,0,0,0,0,0,0,0,0,0,0,0,0,0,0,0,0,0,0,0,0,0,0,0,0,0,0,0,0,0,0,0,0,0,0,0,0,0,0,0,0,0,0,0,0,0,0,0,0,0,0,0,0,0,0,0,0,0,0,0,0,0,0,0,0,0,0,0,0,0,0,0,0,0,0,0,0,0,0,0,0,0,0,0,0,0,0,0,0,0,0,0,0,0,0,0,0
0,0,0,0,0,0,0,0,0,0,0,0,0,0,0,0,0,0,0,0,0,0,0,0,0,0,0,0,0,0,0,0,0,0,0,0,0,0,0,0,0,0,0,0,0,0,0,0,0,0,0,0,0,0,0,0,0,0,0,0,0,0,0,0,0,0,0,0,0,0,0,0,0,0,0,0,0,0,0,0,0,0,0,0,0,0,0,0,0,0,0,0,0,0,0,0,0,0,0,0,0,0,0,0,0,0,0,0,0,0,0,0,0,0,0,0,0,0,0,0,0,0,0,0,0,0,0,0,0,0,0,0,0,0,0,0,0,0,0,0,0,0,0,0,0,0,0,0,0,0,0,0,0,0,0,0,0,0,0,0,0,0,0,0,0,0,0,0,0,0,0,0,0,0,0,0,0,0,0,0,0,0,0,0,0,0,0,0,0,0,0,0,0,0,0,0,0,0
0,0,0,0,0,0,0,0,0,0,0,0,0,0,0,0,0,0,0,0,0,0,0,0,0,0,0,0,0,0,0,0,0,0,0,0,0,0,0,0,0,0,0,0,0,0,0,0,0,0,0,0,0,0,0,0,0,0,0,0,0,0,0,0,0,0,0,0,0,0,0,0,0,0,0,0,0,0,0,0,0,0,0,0,0,0,0,0,0,0,0,0,0,0,0,0,0,0,0,0,0,0,0,0,0,0,0,0,0,0,0,0,0,0,0,0,0,0,0,0,0,0,0,0,0,0,0,0,0,0,0,0,0,0,0,0,0,0,0,0,0,0,0,0,0,0,0,0,0,0,0,0,0,0,0,0,0,0,0,0,0,0,0,0,0,0,0,0,0,0,0,0,0,0,0,0,0,0,0,0,0,0,0,0,0,0,0,0,0,0,0,0,0,0,0,0,0,0
0,0,0,0,0,0,0,0,0,0,0,0,0,0,0,0,0,0,0,0,0,0,0,0,0,0,0,0,0,0,0,0,0,0,0,0,0,0,0,0,0,0,0,0,0,0,0,0,0,0,0,0,0,0,0,0,0,0,0,0,0,0,0,0,0,0,0,0,0,0,0,0,0,0,0,0,0,0,0,0,0,0,0,0,0,0,0,0,0,0,0,0,0,0,0,0,0,0,0,0,0,0,0,0,0,0,0,0,0,0,0,0,0,0,0,0,0,0,0,0,0,0,0,0,0,0,0,0,0,0,0,0,0,0,0,0,0,0,0,0,0,0,0,0,0,0,0,0,0,0,0,0,0,0,0,0,0,0,0,0,0,0,0,0,0,0,0,0,0,0,0,0,0,0,0,0,0,0,0,0,0,0,0,0,0,0,0,0,0,0,0,0,0,0,0,0,0,0
0,0,0,0,0,0,0,0,0,0,0,0,0,0,0,0,0,0,0,0,0,0,0,0,0,0,0,0,0,0,0,0,0,0,0,0,0,0,0,0,0,0,0,0,0,0,0,0,0,0,0,0,0,0,0,0,0,0,0,0,0,0,0,0,0,0,0,0,0,0,0,0,0,0,0,0,0,0,0,0,0,0,0,0,0,0,0,0,0,0,0,0,0,0,0,0,0,0,0,0,0,0,0,0,0,0,0,0,0,0,0,0,0,0,0,0,0,0,0,0,0,0,0,0,0,0,0,0,0,0,0,0,0,0,0,0,0,0,0,0,0,0,0,0,0,0,0,0,0,0,0,0,0,0,0,0,0,0,0,0,0,0,0,0,0,0,0,0,0,0,0,0,0,0,0,0,0,0,0,0,0,0,0,0,0,0,0,0,0,0,0,0,0,0,0,0,0,0
0,0,0,0,0,0,0,0,0,0,0,0,0,0,0,0,0,0,0,0,0,0,0,0,0,0,0,0,0,0,0,0,0,0,0,0,0,0,0,0,0,0,0,0,0,0,0,0,0,0,0,0,0,0,0,0,0,0,0,0,0,0,0,0,0,0,0,0,0,0,0,0,0,0,0,0,0,0,0,0,0,0,0,0,0,0,0,0,0,0,0,0,0,0,0,0,0,0,0,0,0,0,0,0,0,0,0,0,0,0,0,0,0,0,0,0,0,0,0,0,0,0,0,0,0,0,0,0,0,0,0,0,0,0,0,0,0,0,0,0,0,0,0,0,0,0,0,0,0,0,0,0,0,0,0,0,0,0,0,0,0,0,0,0,0,0,0,0,0,0,0,0,0,0,0,0,0,0,0,0,0,0,0,0,0,0,0,0,0,0,0,0,0,0,0,0,0,0
0,0,0,0,0,0,0,0,0,0,0,0,0,0,0,0,0,0,0,0,0,0,0,0,0,0,0,0,0,0,0,0,0,0,0,0,0,0,0,0,0,0,0,0,0,0,0,0,0,0,0,0,0,0,0,0,0,0,0,0,0,0,0,0,0,0,0,0,0,0,0,0,0,0,0,0,0,0,0,0,0,0,0,0,0,0,0,0,0,0,0,0,0,0,0,0,0,0,0,0,0,0,0,0,0,0,0,0,0,0,0,0,0,0,0,0,0,0,0,0,0,0,0,0,0,0,0,0,0,0,0,0,0,0,0,0,0,0,0,0,0,0,0,0,0,0,0,0,0,0,0,0,0,0,0,0,0,0,0,0,0,0,0,0,0,0,0,0,0,0,0,0,0,0,0,0,0,0,0,0,0,0,0,0,0,0,0,0,0,0,0,0,0,0,0,0,0,0
0,0,0,0,0,0,0,0,0,0,0,0,0,0,0,0,0,0,0,0,0,0,0,0,0,0,0,0,0,0,0,0,0,0,0,0,0,0,0,0,0,0,0,0,0,0,0,0,0,0,0,0,0,0,0,0,0,0,0,0,0,0,0,0,0,0,0,0,0,0,0,0,0,0,0,0,0,0,0,0,0,0,0,0,0,0,0,0,0,0,0,0,0,0,0,0,0,0,0,0,0,0,0,0,0,0,0,0,0,0,0,0,0,0,0,0,0,0,0,0,0,0,0,0,0,0,0,0,0,0,0,0,0,0,0,0,0,0,0,0,0,0,0,0,0,0,0,0,0,0,0,0,0,0,0,0,0,0,0,0,0,0,0,0,0,0,0,0,0,0,0,0,0,0,0,0,0,0,0,0,0,0,0,0,0,0,0,0,0,0,0,0,0,0,0,0,0,0
0,0,0,0,0,0,0,0,0,0,0,0,0,0,0,0,0,0,0,0,0,0,0,0,0,0,0,0,0,0,0,0,0,0,0,0,0,0,0,0,0,0,0,0,0,0,0,0,0,0,0,0,0,0,0,0,0,0,0,0,0,0,0,0,0,0,0,0,0,0,0,0,0,0,0,0,0,0,0,0,0,0,0,0,0,0,0,0,0,0,0,0,0,0,0,0,0,0,0,0,0,0,0,0,0,0,0,0,0,0,0,0,0,0,0,0,0,0,0,0,0,0,0,0,0,0,0,0,0,0,0,0,0,0,0,0,0,0,0,0,0,0,0,0,0,0,0,0,0,0,0,0,0,0,0,0,0,0,0,0,0,0,0,0,0,0,0,0,0,0,0,0,0,0,0,0,0,0,0,0,0,0,0,0,0,0,0,0,0,0,0,0,0,0,0,0,0,0
0,0,0,0,0,0,0,0,0,0,0,0,0,0,0,0,0,0,0,0,0,0,0,0,0,0,0,0,0,0,0,0,0,0,0,0,0,0,0,0,0,0,0,0,0,0,0,0,0,0,0,0,0,0,0,0,0,0,0,0,0,0,0,0,0,0,0,0,0,0,0,0,0,0,0,0,0,0,0,0,0,0,0,0,0,0,0,0,0,0,0,0,0,0,0,0,0,0,0,0,0,0,0,0,0,0,0,0,0,0,0,0,0,0,0,0,0,0,0,0,0,0,0,0,0,0,0,0,0,0,0,0,0,0,0,0,0,0,0,0,0,0,0,0,0,0,0,0,0,0,0,0,0,0,0,0,0,0,0,0,0,0,0,0,0,0,0,0,0,0,0,0,0,0,0,0,0,0,0,0,0,0,0,0,0,0,0,0,0,0,0,0,0,0,0,0,0,0
0,0,0,0,0,0,0,0,0,0,0,0,0,0,0,0,0,0,0,0,0,0,0,0,0,0,0,0,0,0,0,0,0,0,0,0,0,0,0,0,0,0,0,0,0,0,0,0,0,0,0,0,0,0,0,0,0,0,0,0,0,0,0,0,0,0,0,0,0,0,0,0,0,0,0,0,0,0,0,0,0,0,0,0,0,0,0,0,0,0,0,0,0,0,0,0,0,0,0,0,0,0,0,0,0,0,0,0,0,0,0,0,0,0,0,0,0,0,0,0,0,0,0,0,0,0,0,0,0,0,0,0,0,0,0,0,0,0,0,0,0,0,0,0,0,0,0,0,0,0,0,0,0,0,0,0,0,0,0,0,0,0,0,0,0,0,0,0,0,0,0,0,0,0,0,0,0,0,0,0,0,0,0,0,0,0,0,0,0,0,0,0,0,0,0,0,0,0
0,0,0,0,0,0,0,0,0,0,0,0,0,0,0,0,0,0,0,0,0,0,0,0,0,0,0,0,0,0,0,0,0,0,0,0,0,0,0,0,0,0,0,0,0,0,0,0,0,0,0,0,0,0,0,0,0,0,0,0,0,0,0,0,0,0,0,0,0,0,0,0,0,0,0,0,0,0,0,0,0,0,0,0,0,0,0,0,0,0,0,0,0,0,0,0,0,0,0,0,0,0,0,0,0,0,0,0,0,0,0,0,0,0,0,0,0,0,0,0,0,0,0,0,0,0,0,0,0,0,0,0,0,0,0,0,0,0,0,0,0,0,0,0,0,0,0,0,0,0,0,0,0,0,0,0,0,0,0,0,0,0,0,0,0,0,0,0,0,0,0,0,0,0,0,0,0,0,0,0,0,0,0,0,0,0,0,0,0,0,0,0,0,0,0,0,0,0
0,0,0,0,0,0,0,0,0,0,0,0,0,0,0,0,0,0,0,0,0,0,0,0,0,0,0,0,0,0,0,0,0,0,0,0,0,0,0,0,0,0,0,0,0,0,0,0,0,0,0,0,0,0,0,0,0,0,0,0,0,0,0,0,0,0,0,0,0,0,0,0,0,0,0,0,0,0,0,0,0,0,0,0,0,0,0,0,0,0,0,0,0,0,0,0,0,0,0,0,0,0,0,0,0,0,0,0,0,0,0,0,0,0,0,0,0,0,0,0,0,0,0,0,0,0,0,0,0,0,0,0,0,0,0,0,0,0,0,0,0,0,0,0,0,0,0,0,0,0,0,0,0,0,0,0,0,0,0,0,0,0,0,0,0,0,0,0,0,0,0,0,0,0,0,0,0,0,0,0,0,0,0,0,0,0,0,0,0,0,0,0,0,0,0,0,0,0
0,0,0,0,0,0,0,0,0,0,0,0,0,0,0,0,0,0,0,0,0,0,0,0,0,0,0,0,0,0,0,0,0,0,0,0,0,0,0,0,0,0,0,0,0,0,0,0,0,0,0,0,0,0,0,0,0,0,0,0,0,0,0,0,0,0,0,0,0,0,0,0,0,0,0,0,0,0,0,0,0,0,0,0,0,0,0,0,0,0,0,0,0,0,0,0,0,0,0,0,0,0,0,0,0,0,0,0,0,0,0,0,0,0,0,0,0,0,0,0,0,0,0,0,0,0,0,0,0,0,0,0,0,0,0,0,0,0,0,0,0,0,0,0,0,0,0,0,0,0,0,0,0,0,0,0,0,0,0,0,0,0,0,0,0,0,0,0,0,0,0,0,0,0,0,0,0,0,0,0,0,0,0,0,0,0,0,0,0,0,0,0,0,0,0,0,0,0
0,0,0,0,0,0,0,0,0,0,0,0,0,0,0,0,0,0,0,0,0,0,0,0,0,0,0,0,0,0,0,0,0,0,0,0,0,0,0,0,0,0,0,0,0,0,0,0,0,0,0,0,0,0,0,0,0,0,0,0,0,0,0,0,0,0,0,0,0,0,0,0,0,0,0,0,0,0,0,0,0,0,0,0,0,0,0,0,0,0,0,0,0,0,0,0,0,0,0,0,0,0,0,0,0,0,0,0,0,0,0,0,0,0,0,0,0,0,0,0,0,0,0,0,0,0,0,0,0,0,0,0,0,0,0,0,0,0,0,0,0,0,0,0,0,0,0,0,0,0,0,0,0,0,0,0,0,0,0,0,0,0,0,0,0,0,0,0,0,0,0,0,0,0,0,0,0,0,0,0,0,0,0,0,0,0,0,0,0,0,0,0,0,0,0,0,0,0
0,0,0,0,0,0,0,0,0,0,0,0,0,0,0,0,0,0,0,0,0,0,0,0,0,0,0,0,0,0,0,0,0,0,0,0,0,0,0,0,0,0,0,0,0,0,0,0,0,0,0,0,0,0,0,0,0,0,0,0,0,0,0,0,0,0,0,0,0,0,0,0,0,0,0,0,0,0,0,0,0,0,0,0,0,0,0,0,0,0,0,0,0,0,0,0,0,0,0,0,0,0,0,0,0,0,0,0,0,0,0,0,0,0,0,0,0,0,0,0,0,0,0,0,0,0,0,0,0,0,0,0,0,0,0,0,0,0,0,0,0,0,0,0,0,0,0,0,0,0,0,0,0,0,0,0,0,0,0,0,0,0,0,0,0,0,0,0,0,0,0,0,0,0,0,0,0,0,0,0,0,0,0,0,0,0,0,0,0,0,0,0,0,0,0,0,0,0
0,0,0,0,0,0,0,0,0,0,0,0,0,0,0,0,0,0,0,0,0,0,0,0,0,0,0,0,0,0,0,0,0,0,0,0,0,0,0,0,0,0,0,0,0,0,0,0,0,0,0,0,0,0,0,0,0,0,0,0,0,0,0,0,0,0,0,0,0,0,0,0,0,0,0,0,0,0,0,0,0,0,0,0,0,0,0,0,0,0,0,0,0,0,0,0,0,0,0,0,0,0,0,0,0,0,0,0,0,0,0,0,0,0,0,0,0,0,0,0,0,0,0,0,0,0,0,0,0,0,0,0,0,0,0,0,0,0,0,0,0,0,0,0,0,0,0,0,0,0,0,0,0,0,0,0,0,0,0,0,0,0,0,0,0,0,0,0,0,0,0,0,0,0,0,0,0,0,0,0,0,0,0,0,0,0,0,0,0,0,0,0,0,0,0,0,0,0
0,0,0,0,0,0,0,0,0,0,0,0,0,0,0,0,0,0,0,0,0,0,0,0,0,0,0,0,0,0,0,0,0,0,0,0,0,0,0,0,0,0,0,0,0,0,0,0,0,0,0,0,0,0,0,0,0,0,0,0,0,0,0,0,0,0,0,0,0,0,0,0,0,0,0,0,0,0,0,0,0,0,0,0,0,0,0,0,0,0,0,0,0,0,0,0,0,0,0,0,0,0,0,0,0,0,0,0,0,0,0,0,0,0,0,0,0,0,0,0,0,0,0,0,0,0,0,0,0,0,0,0,0,0,0,0,0,0,0,0,0,0,0,0,0,0,0,0,0,0,0,0,0,0,0,0,0,0,0,0,0,0,0,0,0,0,0,0,0,0,0,0,0,0,0,0,0,0,0,0,0,0,0,0,0,0,0,0,0,0,0,0,0,0,0,0,0,0
0,0,0,0,0,0,0,0,0,0,0,0,0,0,0,0,0,0,0,0,0,0,0,0,0,0,0,0,0,0,0,0,0,0,0,0,0,0,0,0,0,0,0,0,0,0,0,0,0,0,0,0,0,0,0,0,0,0,0,0,0,0,0,0,0,0,0,0,0,0,0,0,0,0,0,0,0,0,0,0,0,0,0,0,0,0,0,0,0,0,0,0,0,0,0,0,0,0,0,0,0,0,0,0,0,0,0,0,0,0,0,0,0,0,0,0,0,0,0,0,0,0,0,0,0,0,0,0,0,0,0,0,0,0,0,0,0,0,0,0,0,0,0,0,0,0,0,0,0,0,0,0,0,0,0,0,0,0,0,0,0,0,0,0,0,0,0,0,0,0,0,0,0,0,0,0,0,0,0,0,0,0,0,0,0,0,0,0,0,0,0,0,0,0,0,0,0,0
0,0,0,0,0,0,0,0,0,0,0,0,0,0,0,0,0,0,0,0,0,0,0,0,0,0,0,0,0,0,0,0,0,0,0,0,0,0,0,0,0,0,0,0,0,0,0,0,0,0,0,0,0,0,0,0,0,0,0,0,0,0,0,0,0,0,0,0,0,0,0,0,0,0,0,0,0,0,0,0,0,0,0,0,0,0,0,0,0,0,0,0,0,0,0,0,0,0,0,0,0,0,0,0,0,0,0,0,0,0,0,0,0,0,0,0,0,0,0,0,0,0,0,0,0,0,0,0,0,0,0,0,0,0,0,0,0,0,0,0,0,0,0,0,0,0,0,0,0,0,0,0,0,0,0,0,0,0,0,0,0,0,0,0,0,0,0,0,0,0,0,0,0,0,0,0,0,0,0,0,0,0,0,0,0,0,0,0,0,0,0,0,0,0,0,0,0,0
0,0,0,0,0,0,0,0,0,0,0,0,0,0,0,0,0,0,0,0,0,0,0,0,0,0,0,0,0,0,0,0,0,0,0,0,0,0,0,0,0,0,0,0,0,0,0,0,0,0,0,0,0,0,0,0,0,0,0,0,0,0,0,0,0,0,0,0,0,0,0,0,0,0,0,0,0,0,0,0,0,0,0,0,0,0,0,0,0,0,0,0,0,0,0,0,0,0,0,0,0,0,0,0,0,0,0,0,0,0,0,0,0,0,0,0,0,0,0,0,0,0,0,0,0,0,0,0,0,0,0,0,0,0,0,0,0,0,0,0,0,0,0,0,0,0,0,0,0,0,0,0,0,0,0,0,0,0,0,0,0,0,0,0,0,0,0,0,0,0,0,0,0,0,0,0,0,0,0,0,0,0,0,0,0,0,0,0,0,0,0,0,0,0,0,0,0,0
0,0,0,0,0,0,0,0,0,0,0,0,0,0,0,0,0,0,0,0,0,0,0,0,0,0,0,0,0,0,0,0,0,0,0,0,0,0,0,0,0,0,0,0,0,0,0,0,0,0,0,0,0,0,0,0,0,0,0,0,0,0,0,0,0,0,0,0,0,0,0,0,0,0,0,0,0,0,0,0,0,0,0,0,0,0,0,0,0,0,0,0,0,0,0,0,0,0,0,0,0,0,0,0,0,0,0,0,0,0,0,0,0,0,0,0,0,0,0,0,0,0,0,0,0,0,0,0,0,0,0,0,0,0,0,0,0,0,0,0,0,0,0,0,0,0,0,0,0,0,0,0,0,0,0,0,0,0,0,0,0,0,0,0,0,0,0,0,0,0,0,0,0,0,0,0,0,0,0,0,0,0,0,0,0,0,0,0,0,0,0,0,0,0,0,0,0,0
0,0,0,0,0,0,0,0,0,0,0,0,0,0,0,0,0,0,0,0,0,0,0,0,0,0,0,0,0,0,0,0,0,0,0,0,0,0,0,0,0,0,0,0,0,0,0,0,0,0,0,0,0,0,0,0,0,0,0,0,0,0,0,0,0,0,0,0,0,0,0,0,0,0,0,0,0,0,0,0,0,0,0,0,0,0,0,0,0,0,0,0,0,0,0,0,0,0,0,0,0,0,0,0,0,0,0,0,0,0,0,0,0,0,0,0,0,0,0,0,0,0,0,0,0,0,0,0,0,0,0,0,0,0,0,0,0,0,0,0,0,0,0,0,0,0,0,0,0,0,0,0,0,0,0,0,0,0,0,0,0,0,0,0,0,0,0,0,0,0,0,0,0,0,0,0,0,0,0,0,0,0,0,0,0,0,0,0,0,0,0,0,0,0,0,0,0,0
0,0,0,0,0,0,0,0,0,0,0,0,0,0,0,0,0,0,0,0,0,0,0,0,0,0,0,0,0,0,0,0,0,0,0,0,0,0,0,0,0,0,0,0,0,0,0,0,0,0,0,0,0,0,0,0,0,0,0,0,0,0,0,0,0,0,0,0,0,0,0,0,0,0,0,0,0,0,0,0,0,0,0,0,0,0,0,0,0,0,0,0,0,0,0,0,0,0,0,0,0,0,0,0,0,0,0,0,0,0,0,0,0,0,0,0,0,0,0,0,0,0,0,0,0,0,0,0,0,0,0,0,0,0,0,0,0,0,0,0,0,0,0,0,0,0,0,0,0,0,0,0,0,0,0,0,0,0,0,0,0,0,0,0,0,0,0,0,0,0,0,0,0,0,0,0,0,0,0,0,0,0,0,0,0,0,0,0,0,0,0,0,0,0,0,0,0,0
0,0,0,0,0,0,0,0,0,0,0,0,0,0,0,0,0,0,0,0,0,0,0,0,0,0,0,0,0,0,0,0,0,0,0,0,0,0,0,0,0,0,0,0,0,0,0,0,0,0,0,0,0,0,0,0,0,0,0,0,0,0,0,0,0,0,0,0,0,0,0,0,0,0,0,0,0,0,0,0,0,0,0,0,0,0,0,0,0,0,0,0,0,0,0,0,0,0,0,0,0,0,0,0,0,0,0,0,0,0,0,0,0,0,0,0,0,0,0,0,0,0,0,0,0,0,0,0,0,0,0,0,0,0,0,0,0,0,0,0,0,0,0,0,0,0,0,0,0,0,0,0,0,0,0,0,0,0,0,0,0,0,0,0,0,0,0,0,0,0,0,0,0,0,0,0,0,0,0,0,0,0,0,0,0,0,0,0,0,0,0,0,0,0,0,0,0,0
0,0,0,0,0,0,0,0,0,0,0,0,0,0,0,0,0,0,0,0,0,0,0,0,0,0,0,0,0,0,0,0,0,0,0,0,0,0,0,0,0,0,0,0,0,0,0,0,0,0,0,0,0,0,0,0,0,0,0,0,0,0,0,0,0,0,0,0,0,0,0,0,0,0,0,0,0,0,0,0,0,0,0,0,0,0,0,0,0,0,0,0,0,0,0,0,0,0,0,0,0,0,0,0,0,0,0,0,0,0,0,0,0,0,0,0,0,0,0,0,0,0,0,0,0,0,0,0,0,0,0,0,0,0,0,0,0,0,0,0,0,0,0,0,0,0,0,0,0,0,0,0,0,0,0,0,0,0,0,0,0,0,0,0,0,0,0,0,0,0,0,0,0,0,0,0,0,0,0,0,0,0,0,0,0,0,0,0,0,0,0,0,0,0,0,0,0,0
0,0,0,0,0,0,0,0,0,0,0,0,0,0,0,0,0,0,0,0,0,0,0,0,0,0,0,0,0,0,0,0,0,0,0,0,0,0,0,0,0,0,0,0,0,0,0,0,0,0,0,0,0,0,0,0,0,0,0,0,0,0,0,0,0,0,0,0,0,0,0,0,0,0,0,0,0,0,0,0,0,0,0,0,0,0,0,0,0,0,0,0,0,0,0,0,0,0,0,0,0,0,0,0,0,0,0,0,0,0,0,0,0,0,0,0,0,0,0,0,0,0,0,0,0,0,0,0,0,0,0,0,0,0,0,0,0,0,0,0,0,0,0,0,0,0,0,0,0,0,0,0,0,0,0,0,0,0,0,0,0,0,0,0,0,0,0,0,0,0,0,0,0,0,0,0,0,0,0,0,0,0,0,0,0,0,0,0,0,0,0,0,0,0,0,0,0,0
0,0,0,0,0,0,0,0,0,0,0,0,0,0,0,0,0,0,0,0,0,0,0,0,0,0,0,0,0,0,0,0,0,0,0,0,0,0,0,0,0,0,0,0,0,0,0,0,0,0,0,0,0,0,0,0,0,0,0,0,0,0,0,0,0,0,0,0,0,0,0,0,0,0,0,0,0,0,0,0,0,0,0,0,0,0,0,0,0,0,0,0,0,0,0,0,0,0,0,0,0,0,0,0,0,0,0,0,0,0,0,0,0,0,0,0,0,0,0,0,0,0,0,0,0,0,0,0,0,0,0,0,0,0,0,0,0,0,0,0,0,0,0,0,0,0,0,0,0,0,0,0,0,0,0,0,0,0,0,0,0,0,0,0,0,0,0,0,0,0,0,0,0,0,0,0,0,0,0,0,0,0,0,0,0,0,0,0,0,0,0,0,0,0,0,0,0,0
0,0,0,0,0,0,0,0,0,0,0,0,0,0,0,0,0,0,0,0,0,0,0,0,0,0,0,0,0,0,0,0,0,0,0,0,0,0,0,0,0,0,0,0,0,0,0,0,0,0,0,0,0,0,0,0,0,0,0,0,0,0,0,0,0,0,0,0,0,0,0,0,0,0,0,0,0,0,0,0,0,0,0,0,0,0,0,0,0,0,0,0,0,0,0,0,0,0,0,0,0,0,0,0,0,0,0,0,0,0,0,0,0,0,0,0,0,0,0,0,0,0,0,0,0,0,0,0,0,0,0,0,0,0,0,0,0,0,0,0,0,0,0,0,0,0,0,0,0,0,0,0,0,0,0,0,0,0,0,0,0,0,0,0,0,0,0,0,0,0,0,0,0,0,0,0,0,0,0,0,0,0,0,0,0,0,0,0,0,0,0,0,0,0,0,0,0,0
0,0,0,0,0,0,0,0,0,0,0,0,0,0,0,0,0,0,0,0,0,0,0,0,0,0,0,0,0,0,0,0,0,0,0,0,0,0,0,0,0,0,0,0,0,0,0,0,0,0,0,0,0,0,0,0,0,0,0,0,0,0,0,0,0,0,0,0,0,0,0,0,0,0,0,0,0,0,0,0,0,0,0,0,0,0,0,0,0,0,0,0,0,0,0,0,0,0,0,0,0,0,0,0,0,0,0,0,0,0,0,0,0,0,0,0,0,0,0,0,0,0,0,0,0,0,0,0,0,0,0,0,0,0,0,0,0,0,0,0,0,0,0,0,0,0,0,0,0,0,0,0,0,0,0,0,0,0,0,0,0,0,0,0,0,0,0,0,0,0,0,0,0,0,0,0,0,0,0,0,0,0,0,0,0,0,0,0,0,0,0,0,0,0,0,0,0,0
0,0,0,0,0,0,0,0,0,0,0,0,0,0,0,0,0,0,0,0,0,0,0,0,0,0,0,0,0,0,0,0,0,0,0,0,0,0,0,0,0,0,0,0,0,0,0,0,0,0,0,0,0,0,0,0,0,0,0,0,0,0,0,0,0,0,0,0,0,0,0,0,0,0,0,0,0,0,0,0,0,0,0,0,0,0,0,0,0,0,0,0,0,0,0,0,0,0,0,0,0,0,0,0,0,0,0,0,0,0,0,0,0,0,0,0,0,0,0,0,0,0,0,0,0,0,0,0,0,0,0,0,0,0,0,0,0,0,0,0,0,0,0,0,0,0,0,0,0,0,0,0,0,0,0,0,0,0,0,0,0,0,0,0,0,0,0,0,0,0,0,0,0,0,0,0,0,0,0,0,0,0,0,0,0,0,0,0,0,0,0,0,0,0,0,0,0,0
0,0,0,0,0,0,0,0,0,0,0,0,0,0,0,0,0,0,0,0,0,0,0,0,0,0,0,0,0,0,0,0,0,0,0,0,0,0,0,0,0,0,0,0,0,0,0,0,0,0,0,0,0,0,0,0,0,0,0,0,0,0,0,0,0,0,0,0,0,0,0,0,0,0,0,0,0,0,0,0,0,0,0,0,0,0,0,0,0,0,0,0,0,0,0,0,0,0,0,0,0,0,0,0,0,0,0,0,0,0,0,0,0,0,0,0,0,0,0,0,0,0,0,0,0,0,0,0,0,0,0,0,0,0,0,0,0,0,0,0,0,0,0,0,0,0,0,0,0,0,0,0,0,0,0,0,0,0,0,0,0,0,0,0,0,0,0,0,0,0,0,0,0,0,0,0,0,0,0,0,0,0,0,0,0,0,0,0,0,0,0,0,0,0,0,0,0,0
0,0,0,0,0,0,0,0,0,0,0,0,0,0,0,0,0,0,0,0,0,0,0,0,0,0,0,0,0,0,0,0,0,0,0,0,0,0,0,0,0,0,0,0,0,0,0,0,0,0,0,0,0,0,0,0,0,0,0,0,0,0,0,0,0,0,0,0,0,0,0,0,0,0,0,0,0,0,0,0,0,0,0,0,0,0,0,0,0,0,0,0,0,0,0,0,0,0,0,0,0,0,0,0,0,0,0,0,0,0,0,0,0,0,0,0,0,0,0,0,0,0,0,0,0,0,0,0,0,0,0,0,0,0,0,0,0,0,0,0,0,0,0,0,0,0,0,0,0,0,0,0,0,0,0,0,0,0,0,0,0,0,0,0,0,0,0,0,0,0,0,0,0,0,0,0,0,0,0,0,0,0,0,0,0,0,0,0,0,0,0,0,0,0,0,0,0,0
0,0,0,0,0,0,0,0,0,0,0,0,0,0,0,0,0,0,0,0,0,0,0,0,0,0,0,0,0,0,0,0,0,0,0,0,0,0,0,0,0,0,0,0,0,0,0,0,0,0,0,0,0,0,0,0,0,0,0,0,0,0,0,0,0,0,0,0,0,0,0,0,0,0,0,0,0,0,0,0,0,0,0,0,0,0,0,0,0,0,0,0,0,0,0,0,0,0,0,0,0,0,0,0,0,0,0,0,0,0,0,0,0,0,0,0,0,0,0,0,0,0,0,0,0,0,0,0,0,0,0,0,0,0,0,0,0,0,0,0,0,0,0,0,0,0,0,0,0,0,0,0,0,0,0,0,0,0,0,0,0,0,0,0,0,0,0,0,0,0,0,0,0,0,0,0,0,0,0,0,0,0,0,0,0,0,0,0,0,0,0,0,0,0,0,0,0,0
0,0,0,0,0,0,0,0,0,0,0,0,0,0,0,0,0,0,0,0,0,0,0,0,0,0,0,0,0,0,0,0,0,0,0,0,0,0,0,0,0,0,0,0,0,0,0,0,0,0,0,0,0,0,0,0,0,0,0,0,0,0,0,0,0,0,0,0,0,0,0,0,0,0,0,0,0,0,0,0,0,0,0,0,0,0,0,0,0,0,0,0,0,0,0,0,0,0,0,0,0,0,0,0,0,0,0,0,0,0,0,0,0,0,0,0,0,0,0,0,0,0,0,0,0,0,0,0,0,0,0,0,0,0,0,0,0,0,0,0,0,0,0,0,0,0,0,0,0,0,0,0,0,0,0,0,0,0,0,0,0,0,0,0,0,0,0,0,0,0,0,0,0,0,0,0,0,0,0,0,0,0,0,0,0,0,0,0,0,0,0,0,0,0,0,0,0,0
0,0,0,0,0,0,0,0,0,0,0,0,0,0,0,0,0,0,0,0,0,0,0,0,0,0,0,0,0,0,0,0,0,0,0,0,0,0,0,0,0,0,0,0,0,0,0,0,0,0,0,0,0,0,0,0,0,0,0,0,0,0,0,0,0,0,0,0,0,0,0,0,0,0,0,0,0,0,0,0,0,0,0,0,0,0,0,0,0,0,0,0,0,0,0,0,0,0,0,0,0,0,0,0,0,0,0,0,0,0,0,0,0,0,0,0,0,0,0,0,0,0,0,0,0,0,0,0,0,0,0,0,0,0,0,0,0,0,0,0,0,0,0,0,0,0,0,0,0,0,0,0,0,0,0,0,0,0,0,0,0,0,0,0,0,0,0,0,0,0,0,0,0,0,0,0,0,0,0,0,0,0,0,0,0,0,0,0,0,0,0,0,0,0,0,0,0,0
0,0,0,0,0,0,0,0,0,0,0,0,0,0,0,0,0,0,0,0,0,0,0,0,0,0,0,0,0,0,0,0,0,0,0,0,0,0,0,0,0,0,0,0,0,0,0,0,0,0,0,0,0,0,0,0,0,0,0,0,0,0,0,0,0,0,0,0,0,0,0,0,0,0,0,0,0,0,0,0,0,0,0,0,0,0,0,0,0,0,0,0,0,0,0,0,0,0,0,0,0,0,0,0,0,0,0,0,0,0,0,0,0,0,0,0,0,0,0,0,0,0,0,0,0,0,0,0,0,0,0,0,0,0,0,0,0,0,0,0,0,0,0,0,0,0,0,0,0,0,0,0,0,0,0,0,0,0,0,0,0,0,0,0,0,0,0,0,0,0,0,0,0,0,0,0,0,0,0,0,0,0,0,0,0,0,0,0,0,0,0,0,0,0,0,0,0,0
0,0,0,0,0,0,0,0,0,0,0,0,0,0,0,0,0,0,0,0,0,0,0,0,0,0,0,0,0,0,0,0,0,0,0,0,0,0,0,0,0,0,0,0,0,0,0,0,0,0,0,0,0,0,0,0,0,0,0,0,0,0,0,0,0,0,0,0,0,0,0,0,0,0,0,0,0,0,0,0,0,0,0,0,0,0,0,0,0,0,0,0,0,0,0,0,0,0,0,0,0,0,0,0,0,0,0,0,0,0,0,0,0,0,0,0,0,0,0,0,0,0,0,0,0,0,0,0,0,0,0,0,0,0,0,0,0,0,0,0,0,0,0,0,0,0,0,0,0,0,0,0,0,0,0,0,0,0,0,0,0,0,0,0,0,0,0,0,0,0,0,0,0,0,0,0,0,0,0,0,0,0,0,0,0,0,0,0,0,0,0,0,0,0,0,0,0,0
0,0,0,0,0,0,0,0,0,0,0,0,0,0,0,0,0,0,0,0,0,0,0,0,0,0,0,0,0,0,0,0,0,0,0,0,0,0,0,0,0,0,0,0,0,0,0,0,0,0,0,0,0,0,0,0,0,0,0,0,0,0,0,0,0,0,0,0,0,0,0,0,0,0,0,0,0,0,0,0,0,0,0,0,0,0,0,0,0,0,0,0,0,0,0,0,0,0,0,0,0,0,0,0,0,0,0,0,0,0,0,0,0,0,0,0,0,0,0,0,0,0,0,0,0,0,0,0,0,0,0,0,0,0,0,0,0,0,0,0,0,0,0,0,0,0,0,0,0,0,0,0,0,0,0,0,0,0,0,0,0,0,0,0,0,0,0,0,0,0,0,0,0,0,0,0,0,0,0,0,0,0,0,0,0,0,0,0,0,0,0,0,0,0,0,0,0,0
0,0,0,0,0,0,0,0,0,0,0,0,0,0,0,0,0,0,0,0,0,0,0,0,0,0,0,0,0,0,0,0,0,0,0,0,0,0,0,0,0,0,0,0,0,0,0,0,0,0,0,0,0,0,0,0,0,0,0,0,0,0,0,0,0,0,0,0,0,0,0,0,0,0,0,0,0,0,0,0,0,0,0,0,0,0,0,0,0,0,0,0,0,0,0,0,0,0,0,0,0,0,0,0,0,0,0,0,0,0,0,0,0,0,0,0,0,0,0,0,0,0,0,0,0,0,0,0,0,0,0,0,0,0,0,0,0,0,0,0,0,0,0,0,0,0,0,0,0,0,0,0,0,0,0,0,0,0,0,0,0,0,0,0,0,0,0,0,0,0,0,0,0,0,0,0,0,0,0,0,0,0,0,0,0,0,0,0,0,0,0,0,0,0,0,0,0,0
0,0,0,0,0,0,0,0,0,0,0,0,0,0,0,0,0,0,0,0,0,0,0,0,0,0,0,0,0,0,0,0,0,0,0,0,0,0,0,0,0,0,0,0,0,0,0,0,0,0,0,0,0,0,0,0,0,0,0,0,0,0,0,0,0,0,0,0,0,0,0,0,0,0,0,0,0,0,0,0,0,0,0,0,0,0,0,0,0,0,0,0,0,0,0,0,0,0,0,0,0,0,0,0,0,0,0,0,0,0,0,0,0,0,0,0,0,0,0,0,0,0,0,0,0,0,0,0,0,0,0,0,0,0,0,0,0,0,0,0,0,0,0,0,0,0,0,0,0,0,0,0,0,0,0,0,0,0,0,0,0,0,0,0,0,0,0,0,0,0,0,0,0,0,0,0,0,0,0,0,0,0,0,0,0,0,0,0,0,0,0,0,0,0,0,0,0,0
0,0,0,0,0,0,0,0,0,0,0,0,0,0,0,0,0,0,0,0,0,0,0,0,0,0,0,0,0,0,0,0,0,0,0,0,0,0,0,0,0,0,0,0,0,0,0,0,0,0,0,0,0,0,0,0,0,0,0,0,0,0,0,0,0,0,0,0,0,0,0,0,0,0,0,0,0,0,0,0,0,0,0,0,0,0,0,0,0,0,0,0,0,0,0,0,0,0,0,0,0,0,0,0,0,0,0,0,0,0,0,0,0,0,0,0,0,0,0,0,0,0,0,0,0,0,0,0,0,0,0,0,0,0,0,0,0,0,0,0,0,0,0,0,0,0,0,0,0,0,0,0,0,0,0,0,0,0,0,0,0,0,0,0,0,0,0,0,0,0,0,0,0,0,0,0,0,0,0,0,0,0,0,0,0,0,0,0,0,0,0,0,0,0,0,0,0,0
0,0,0,0,0,0,0,0,0,0,0,0,0,0,0,0,0,0,0,0,0,0,0,0,0,0,0,0,0,0,0,0,0,0,0,0,0,0,0,0,0,0,0,0,0,0,0,0,0,0,0,0,0,0,0,0,0,0,0,0,0,0,0,0,0,0,0,0,0,0,0,0,0,0,0,0,0,0,0,0,0,0,0,0,0,0,0,0,0,0,0,0,0,0,0,0,0,0,0,0,0,0,0,0,0,0,0,0,0,0,0,0,0,0,0,0,0,0,0,0,0,0,0,0,0,0,0,0,0,0,0,0,0,0,0,0,0,0,0,0,0,0,0,0,0,0,0,0,0,0,0,0,0,0,0,0,0,0,0,0,0,0,0,0,0,0,0,0,0,0,0,0,0,0,0,0,0,0,0,0,0,0,0,0,0,0,0,0,0,0,0,0,0,0,0,0,0,0
0,0,0,0,0,0,0,0,0,0,0,0,0,0,0,0,0,0,0,0,0,0,0,0,0,0,0,0,0,0,0,0,0,0,0,0,0,0,0,0,0,0,0,0,0,0,0,0,0,0,0,0,0,0,0,0,0,0,0,0,0,0,0,0,0,0,0,0,0,0,0,0,0,0,0,0,0,0,0,0,0,0,0,0,0,0,0,0,0,0,0,0,0,0,0,0,0,0,0,0,0,0,0,0,0,0,0,0,0,0,0,0,0,0,0,0,0,0,0,0,0,0,0,0,0,0,0,0,0,0,0,0,0,0,0,0,0,0,0,0,0,0,0,0,0,0,0,0,0,0,0,0,0,0,0,0,0,0,0,0,0,0,0,0,0,0,0,0,0,0,0,0,0,0,0,0,0,0,0,0,0,0,0,0,0,0,0,0,0,0,0,0,0,0,0,0,0,0
0,0,0,0,0,0,0,0,0,0,0,0,0,0,0,0,0,0,0,0,0,0,0,0,0,0,0,0,0,0,0,0,0,0,0,0,0,0,0,0,0,0,0,0,0,0,0,0,0,0,0,0,0,0,0,0,0,0,0,0,0,0,0,0,0,0,0,0,0,0,0,0,0,0,0,0,0,0,0,0,0,0,0,0,0,0,0,0,0,0,0,0,0,0,0,0,0,0,0,0,0,0,0,0,0,0,0,0,0,0,0,0,0,0,0,0,0,0,0,0,0,0,0,0,0,0,0,0,0,0,0,0,0,0,0,0,0,0,0,0,0,0,0,0,0,0,0,0,0,0,0,0,0,0,0,0,0,0,0,0,0,0,0,0,0,0,0,0,0,0,0,0,0,0,0,0,0,0,0,0,0,0,0,0,0,0,0,0,0,0,0,0,0,0,0,0,0,0
0,0,0,0,0,0,0,0,0,0,0,0,0,0,0,0,0,0,0,0,0,0,0,0,0,0,0,0,0,0,0,0,0,0,0,0,0,0,0,0,0,0,0,0,0,0,0,0,0,0,0,0,0,0,0,0,0,0,0,0,0,0,0,0,0,0,0,0,0,0,0,0,0,0,0,0,0,0,0,0,0,0,0,0,0,0,0,0,0,0,0,0,0,0,0,0,0,0,0,0,0,0,0,0,0,0,0,0,0,0,0,0,0,0,0,0,0,0,0,0,0,0,0,0,0,0,0,0,0,0,0,0,0,0,0,0,0,0,0,0,0,0,0,0,0,0,0,0,0,0,0,0,0,0,0,0,0,0,0,0,0,0,0,0,0,0,0,0,0,0,0,0,0,0,0,0,0,0,0,0,0,0,0,0,0,0,0,0,0,0,0,0,0,0,0,0,0,0
0,0,0,0,0,0,0,0,0,0,0,0,0,0,0,0,0,0,0,0,0,0,0,0,0,0,0,0,0,0,0,0,0,0,0,0,0,0,0,0,0,0,0,0,0,0,0,0,0,0,0,0,0,0,0,0,0,0,0,0,0,0,0,0,0,0,0,0,0,0,0,0,0,0,0,0,0,0,0,0,0,0,0,0,0,0,0,0,0,0,0,0,0,0,0,0,0,0,0,0,0,0,0,0,0,0,0,0,0,0,0,0,0,0,0,0,0,0,0,0,0,0,0,0,0,0,0,0,0,0,0,0,0,0,0,0,0,0,0,0,0,0,0,0,0,0,0,0,0,0,0,0,0,0,0,0,0,0,0,0,0,0,0,0,0,0,0,0,0,0,0,0,0,0,0,0,0,0,0,0,0,0,0,0,0,0,0,0,0,0,0,0,0,0,0,0,0,0
0,0,0,0,0,0,0,0,0,0,0,0,0,0,0,0,0,0,0,0,0,0,0,0,0,0,0,0,0,0,0,0,0,0,0,0,0,0,0,0,0,0,0,0,0,0,0,0,0,0,0,0,0,0,0,0,0,0,0,0,0,0,0,0,0,0,0,0,0,0,0,0,0,0,0,0,0,0,0,0,0,0,0,0,0,0,0,0,0,0,0,0,0,0,0,0,0,0,0,0,0,0,0,0,0,0,0,0,0,0,0,0,0,0,0,0,0,0,0,0,0,0,0,0,0,0,0,0,0,0,0,0,0,0,0,0,0,0,0,0,0,0,0,0,0,0,0,0,0,0,0,0,0,0,0,0,0,0,0,0,0,0,0,0,0,0,0,0,0,0,0,0,0,0,0,0,0,0,0,0,0,0,0,0,0,0,0,0,0,0,0,0,0,0,0,0,0,0
0,0,0,0,0,0,0,0,0,0,0,0,0,0,0,0,0,0,0,0,0,0,0,0,0,0,0,0,0,0,0,0,0,0,0,0,0,0,0,0,0,0,0,0,0,0,0,0,0,0,0,0,0,0,0,0,0,0,0,0,0,0,0,0,0,0,0,0,0,0,0,0,0,0,0,0,0,0,0,0,0,0,0,0,0,0,0,0,0,0,0,0,0,0,0,0,0,0,0,0,0,0,0,0,0,0,0,0,0,0,0,0,0,0,0,0,0,0,0,0,0,0,0,0,0,0,0,0,0,0,0,0,0,0,0,0,0,0,0,0,0,0,0,0,0,0,0,0,0,0,0,0,0,0,0,0,0,0,0,0,0,0,0,0,0,0,0,0,0,0,0,0,0,0,0,0,0,0,0,0,0,0,0,0,0,0,0,0,0,0,0,0,0,0,0,0,0,0
0,0,0,0,0,0,0,0,0,0,0,0,0,0,0,0,0,0,0,0,0,0,0,0,0,0,0,0,0,0,0,0,0,0,0,0,0,0,0,0,0,0,0,0,0,0,0,0,0,0,0,0,0,0,0,0,0,0,0,0,0,0,0,0,0,0,0,0,0,0,0,0,0,0,0,0,0,0,0,0,0,0,0,0,0,0,0,0,0,0,0,0,0,0,0,0,0,0,0,0,0,0,0,0,0,0,0,0,0,0,0,0,0,0,0,0,0,0,0,0,0,0,0,0,0,0,0,0,0,0,0,0,0,0,0,0,0,0,0,0,0,0,0,0,0,0,0,0,0,0,0,0,0,0,0,0,0,0,0,0,0,0,0,0,0,0,0,0,0,0,0,0,0,0,0,0,0,0,0,0,0,0,0,0,0,0,0,0,0,0,0,0,0,0,0,0,0,0
0,0,0,0,0,0,0,0,0,0,0,0,0,0,0,0,0,0,0,0,0,0,0,0,0,0,0,0,0,0,0,0,0,0,0,0,0,0,0,0,0,0,0,0,0,0,0,0,0,0,0,0,0,0,0,0,0,0,0,0,0,0,0,0,0,0,0,0,0,0,0,0,0,0,0,0,0,0,0,0,0,0,0,0,0,0,0,0,0,0,0,0,0,0,0,0,0,0,0,0,0,0,0,0,0,0,0,0,0,0,0,0,0,0,0,0,0,0,0,0,0,0,0,0,0,0,0,0,0,0,0,0,0,0,0,0,0,0,0,0,0,0,0,0,0,0,0,0,0,0,0,0,0,0,0,0,0,0,0,0,0,0,0,0,0,0,0,0,0,0,0,0,0,0,0,0,0,0,0,0,0,0,0,0,0,0,0,0,0,0,0,0,0,0,0,0,0,0
0,0,0,0,0,0,0,0,0,0,0,0,0,0,0,0,0,0,0,0,0,0,0,0,0,0,0,0,0,0,0,0,0,0,0,0,0,0,0,0,0,0,0,0,0,0,0,0,0,0,0,0,0,0,0,0,0,0,0,0,0,0,0,0,0,0,0,0,0,0,0,0,0,0,0,0,0,0,0,0,0,0,0,0,0,0,0,0,0,0,0,0,0,0,0,0,0,0,0,0,0,0,0,0,0,0,0,0,0,0,0,0,0,0,0,0,0,0,0,0,0,0,0,0,0,0,0,0,0,0,0,0,0,0,0,0,0,0,0,0,0,0,0,0,0,0,0,0,0,0,0,0,0,0,0,0,0,0,0,0,0,0,0,0,0,0,0,0,0,0,0,0,0,0,0,0,0,0,0,0,0,0,0,0,0,0,0,0,0,0,0,0,0,0,0,0,0,0
0,0,0,0,0,0,0,0,0,0,0,0,0,0,0,0,0,0,0,0,0,0,0,0,0,0,0,0,0,0,0,0,0,0,0,0,0,0,0,0,0,0,0,0,0,0,0,0,0,0,0,0,0,0,0,0,0,0,0,0,0,0,0,0,0,0,0,0,0,0,0,0,0,0,0,0,0,0,0,0,0,0,0,0,0,0,0,0,0,0,0,0,0,0,0,0,0,0,0,0,0,0,0,0,0,0,0,0,0,0,0,0,0,0,0,0,0,0,0,0,0,0,0,0,0,0,0,0,0,0,0,0,0,0,0,0,0,0,0,0,0,0,0,0,0,0,0,0,0,0,0,0,0,0,0,0,0,0,0,0,0,0,0,0,0,0,0,0,0,0,0,0,0,0,0,0,0,0,0,0,0,0,0,0,0,0,0,0,0,0,0,0,0,0,0,0,0,0
0,0,0,0,0,0,0,0,0,0,0,0,0,0,0,0,0,0,0,0,0,0,0,0,0,0,0,0,0,0,0,0,0,0,0,0,0,0,0,0,0,0,0,0,0,0,0,0,0,0,0,0,0,0,0,0,0,0,0,0,0,0,0,0,0,0,0,0,0,0,0,0,0,0,0,0,0,0,0,0,0,0,0,0,0,0,0,0,0,0,0,0,0,0,0,0,0,0,0,0,0,0,0,0,0,0,0,0,0,0,0,0,0,0,0,0,0,0,0,0,0,0,0,0,0,0,0,0,0,0,0,0,0,0,0,0,0,0,0,0,0,0,0,0,0,0,0,0,0,0,0,0,0,0,0,0,0,0,0,0,0,0,0,0,0,0,0,0,0,0,0,0,0,0,0,0,0,0,0,0,0,0,0,0,0,0,0,0,0,0,0,0,0,0,0,0,0,0
0,0,0,0,0,0,0,0,0,0,0,0,0,0,0,0,0,0,0,0,0,0,0,0,0,0,0,0,0,0,0,0,0,0,0,0,0,0,0,0,0,0,0,0,0,0,0,0,0,0,0,0,0,0,0,0,0,0,0,0,0,0,0,0,0,0,0,0,0,0,0,0,0,0,0,0,0,0,0,0,0,0,0,0,0,0,0,0,0,0,0,0,0,0,0,0,0,0,0,0,0,0,0,0,0,0,0,0,0,0,0,0,0,0,0,0,0,0,0,0,0,0,0,0,0,0,0,0,0,0,0,0,0,0,0,0,0,0,0,0,0,0,0,0,0,0,0,0,0,0,0,0,0,0,0,0,0,0,0,0,0,0,0,0,0,0,0,0,0,0,0,0,0,0,0,0,0,0,0,0,0,0,0,0,0,0,0,0,0,0,0,0,0,0,0,0,0,0
0,0,0,0,0,0,0,0,0,0,0,0,0,0,0,0,0,0,0,0,0,0,0,0,0,0,0,0,0,0,0,0,0,0,0,0,0,0,0,0,0,0,0,0,0,0,0,0,0,0,0,0,0,0,0,0,0,0,0,0,0,0,0,0,0,0,0,0,0,0,0,0,0,0,0,0,0,0,0,0,0,0,0,0,0,0,0,0,0,0,0,0,0,0,0,0,0,0,0,0,0,0,0,0,0,0,0,0,0,0,0,0,0,0,0,0,0,0,0,0,0,0,0,0,0,0,0,0,0,0,0,0,0,0,0,0,0,0,0,0,0,0,0,0,0,0,0,0,0,0,0,0,0,0,0,0,0,0,0,0,0,0,0,0,0,0,0,0,0,0,0,0,0,0,0,0,0,0,0,0,0,0,0,0,0,0,0,0,0,0,0,0,0,0,0,0,0,0
0,0,0,0,0,0,0,0,0,0,0,0,0,0,0,0,0,0,0,0,0,0,0,0,0,0,0,0,0,0,0,0,0,0,0,0,0,0,0,0,0,0,0,0,0,0,0,0,0,0,0,0,0,0,0,0,0,0,0,0,0,0,0,0,0,0,0,0,0,0,0,0,0,0,0,0,0,0,0,0,0,0,0,0,0,0,0,0,0,0,0,0,0,0,0,0,0,0,0,0,0,0,0,0,0,0,0,0,0,0,0,0,0,0,0,0,0,0,0,0,0,0,0,0,0,0,0,0,0,0,0,0,0,0,0,0,0,0,0,0,0,0,0,0,0,0,0,0,0,0,0,0,0,0,0,0,0,0,0,0,0,0,0,0,0,0,0,0,0,0,0,0,0,0,0,0,0,0,0,0,0,0,0,0,0,0,0,0,0,0,0,0,0,0,0,0,0,0
0,0,0,0,0,0,0,0,0,0,0,0,0,0,0,0,0,0,0,0,0,0,0,0,0,0,0,0,0,0,0,0,0,0,0,0,0,0,0,0,0,0,0,0,0,0,0,0,0,0,0,0,0,0,0,0,0,0,0,0,0,0,0,0,0,0,0,0,0,0,0,0,0,0,0,0,0,0,0,0,0,0,0,0,0,0,0,0,0,0,0,0,0,0,0,0,0,0,0,0,0,0,0,0,0,0,0,0,0,0,0,0,0,0,0,0,0,0,0,0,0,0,0,0,0,0,0,0,0,0,0,0,0,0,0,0,0,0,0,0,0,0,0,0,0,0,0,0,0,0,0,0,0,0,0,0,0,0,0,0,0,0,0,0,0,0,0,0,0,0,0,0,0,0,0,0,0,0,0,0,0,0,0,0,0,0,0,0,0,0,0,0,0,0,0,0,0,0
0,0,0,0,0,0,0,0,0,0,0,0,0,0,0,0,0,0,0,0,0,0,0,0,0,0,0,0,0,0,0,0,0,0,0,0,0,0,0,0,0,0,0,0,0,0,0,0,0,0,0,0,0,0,0,0,0,0,0,0,0,0,0,0,0,0,0,0,0,0,0,0,0,0,0,0,0,0,0,0,0,0,0,0,0,0,0,0,0,0,0,0,0,0,0,0,0,0,0,0,0,0,0,0,0,0,0,0,0,0,0,0,0,0,0,0,0,0,0,0,0,0,0,0,0,0,0,0,0,0,0,0,0,0,0,0,0,0,0,0,0,0,0,0,0,0,0,0,0,0,0,0,0,0,0,0,0,0,0,0,0,0,0,0,0,0,0,0,0,0,0,0,0,0,0,0,0,0,0,0,0,0,0,0,0,0,0,0,0,0,0,0,0,0,0,0,0,0
0,0,0,0,0,0,0,0,0,0,0,0,0,0,0,0,0,0,0,0,0,0,0,0,0,0,0,0,0,0,0,0,0,0,0,0,0,0,0,0,0,0,0,0,0,0,0,0,0,0,0,0,0,0,0,0,0,0,0,0,0,0,0,0,0,0,0,0,0,0,0,0,0,0,0,0,0,0,0,0,0,0,0,0,0,0,0,0,0,0,0,0,0,0,0,0,0,0,0,0,0,0,0,0,0,0,0,0,0,0,0,0,0,0,0,0,0,0,0,0,0,0,0,0,0,0,0,0,0,0,0,0,0,0,0,0,0,0,0,0,0,0,0,0,0,0,0,0,0,0,0,0,0,0,0,0,0,0,0,0,0,0,0,0,0,0,0,0,0,0,0,0,0,0,0,0,0,0,0,0,0,0,0,0,0,0,0,0,0,0,0,0,0,0,0,0,0,0
0,0,0,0,0,0,0,0,0,0,0,0,0,0,0,0,0,0,0,0,0,0,0,0,0,0,0,0,0,0,0,0,0,0,0,0,0,0,0,0,0,0,0,0,0,0,0,0,0,0,0,0,0,0,0,0,0,0,0,0,0,0,0,0,0,0,0,0,0,0,0,0,0,0,0,0,0,0,0,0,0,0,0,0,0,0,0,0,0,0,0,0,0,0,0,0,0,0,0,0,0,0,0,0,0,0,0,0,0,0,0,0,0,0,0,0,0,0,0,0,0,0,0,0,0,0,0,0,0,0,0,0,0,0,0,0,0,0,0,0,0,0,0,0,0,0,0,0,0,0,0,0,0,0,0,0,0,0,0,0,0,0,0,0,0,0,0,0,0,0,0,0,0,0,0,0,0,0,0,0,0,0,0,0,0,0,0,0,0,0,0,0,0,0,0,0,0,0
