0,0,0,0,0,0,0,0,0,0,0,0,0,0,0,0,0,0,0,0,0,0,0,0,0,0,0,0,0,0,0,0,0,0,0,0,0,0,0,0,0,0,0,0,0,0,0,0,0,0,0,0,0,0,0,0,0,0,0,0,0,0,0,0,0,0,0,0,0,0,0,0,0,0,0,0,0,0,0,0,0,0,0,0,0,0,0,0,0,0,0,0,0,0,0,0,0,0,0,0,0,0,0,0,0,0,0,0,0,0,0,0,0,0,0,0,0,0,0,0,0,0,0,0,0,0,0,0,0,0,0,0,0,0,0,0,0,0,0,0,0,0,0,0,0,0,0,0,0,0,0,0,0,0,0,0,0,0,0,0,0,0,0,0,0,0,0,0,0,0,0,0,0,0,0,0,0,0,0,0,0,0,0,0,0,0,0,0,0,0,0,0,0,0,0,0,0,0
0,0,0,0,0,0,0,0,0,0,0,0,0,0,0,0,0,0,0,0,0,0,0,0,0,0,0,0,0,0,0,0,0,0,0,0,0,0,0,0,0,0,0,0,0,0,0,0,0,0,0,0,0,0,0,0,0,0,0,0,0,0,0,0,0,0,0,0,0,0,0,0,0,0,0,0,0,0,0,0,0,0,0,0,0,0,0,0,0,0,0,0,0,0,0,0,0,0,0,0,0,0,0,0,0,0,0,0,0,0,0,0,0,0,0,0,0,0,0,0,0,0,0,0,0,0,0,0,0,0,0,0,0,0,0,0,0,0,0,0,0,0,0,0,0,0,0,0,0,0,0,0,0,0,0,0,0,0,0,0,0,0,0,0,0,0,0,0,0,0,0,0,0,0,0,0,0,0,0,0,0,0,0,0,0,0,0,0,0,0,0,0,0,0,0,0,0,0
0,0,0,0,0,0,0,0,0,0,0,0,0,0,0,0,0,0,0,0,0,0,0,0,0,0,0,0,0,0,0,0,0,0,0,0,0,0,0,0,0,0,0,0,0,0,0,0,0,0,0,0,0,0,0,0,0,0,0,0,0,0,0,0,0,0,0,0,0,0,0,0,0,0,0,0,0,0,0,0,0,0,0,0,0,0,0,0,0,0,0,0,0,0,0,0,0,0,0,0,0,0,0,0,0,0,0,0,0,0,0,0,0,0,0,0,0,0,0,0,0,0,0,0,0,0,0,0,0,0,0,0,0,0,0,0,0,0,0,0,0,0,0,0,0,0,0,0,0,0,0,0,0,0,0,0,0,0,0,0,0,0,0,0,0,0,0,0,0,0,0,0,0,0,0,0,0,0,0,0,0,0,0,0,0,0,0,0,0,0,0,0,0,0,0,0,0,0
0,0,0,0,0,0,0,0,0,0,0,0,0,0,0,0,0,0,0,0,0,0,0,0,0,0,0,0,0,0,0,0,0,0,0,0,0,0,0,0,0,0,0,0,0,0,0,0,0,0,0,0,0,0,0,0,0,0,0,0,0,0,0,0,0,0,0,0,0,0,0,0,0,0,0,0,0,0,0,0,0,0,0,0,0,0,0,0,0,0,0,0,0,0,0,0,0,0,0,0,0,0,0,0,0,0,0,0,0,0,0,0,0,0,0,0,0,0,0,0,0,0,0,0,0,0,0,0,0,0,0,0,0,0,0,0,0,0,0,0,0,0,0,0,0,0,0,0,0,0,0,0,0,0,0,0,0,0,0,0,0,0,0,0,0,0,0,0,0,0,0,0,0,0,0,0,0,0,0,0,0,0,0,0,0,0,0,0,0,0,0,0,0,0,0,0,0,0
0,0,0,0,0,0,0,0,0,0,0,0,0,0,0,0,0,0,0,0,0,0,0,0,0,0,0,0,0,0,0,0,0,0,0,0,0,0,0,0,0,0,0,0,0,0,0,0,0,0,0,0,0,0,0,0,0,0,0,0,0,0,0,0,0,0,0,0,0,0,0,0,0,0,0,0,0,0,0,0,0,0,0,0,0,0,0,0,0,0,0,0,0,0,0,0,0,0,0,0,0,0,0,0,0,0,0,0,0,0,0,0,0,0,0,0,0,0,0,0,0,0,0,0,0,0,0,0,0,0,0,0,0,0,0,0,0,0,0,0,0,0,0,0,0,0,0,0,0,0,0,0,0,0,0,0,0,0,0,0,0,0,0,0,0,0,0,0,0,0,0,0,0,0,0,0,0,0,0,0,0,0,0,0,0,0,0,0,0,0,0,0,0,0,0,0,0,0
0,0,0,0,0,0,0,0,0,0,0,0,0,0,0,0,0,0,0,0,0,0,0,0,0,0,0,0,0,0,0,0,0,0,0,0,0,0,0,0,0,0,0,0,0,0,0,0,0,0,0,0,0,0,0,0,0,0,0,0,0,0,0,0,0,0,0,0,0,0,0,0,0,0,0,0,0,0,0,0,0,0,0,0,0,0,0,0,0,0,0,0,0,0,0,0,0,0,0,0,0,0,0,0,0,0,0,0,0,0,0,0,0,0,0,0,0,0,0,0,0,0,0,0,0,0,0,0,0,0,0,0,0,0,0,0,0,0,0,0,0,0,0,0,0,0,0,0,0,0,0,0,0,0,0,0,0,0,0,0,0,0,0,0,0,0,0,0,0,0,0,0,0,0,0,0,0,0,0,0,0,0,0,0,0,0,0,0,0,0,0,0,0,0,0,0,0,0
0,0,0,0,0,0,0,0,0,0,0,0,0,0,0,0,0,0,0,0,0,0,0,0,0,0,0,0,0,0,0,0,0,0,0,0,0,0,0,0,0,0,0,0,0,0,0,0,0,0,0,0,0,0,0,0,0,0,0,0,0,0,0,0,0,0,0,0,0,0,0,0,0,0,0,0,0,0,0,0,0,0,0,0,0,0,0,0,0,0,0,0,0,0,0,0,0,0,0,0,0,0,0,0,0,0,0,0,0,0,0,0,0,0,0,0,0,0,0,0,0,0,0,0,0,0,0,0,0,0,0,0,0,0,0,0,0,0,0,0,0,0,0,0,0,0,0,0,0,0,0,0,0,0,0,0,0,0,0,0,0,0,0,0,0,0,0,0,0,0,0,0,0,0,0,0,0,0,0,0,0,0,0,0,0,0,0,0,0,0,0,0,0,0,0,0,0,0
0,0,0,0,0,0,0,0,0,0,0,0,0,0,0,0,0,0,0,0,0,0,0,0,0,0,0,0,0,0,0,0,0,0,0,0,0,0,0,0,0,0,0,0,0,0,0,0,0,0,0,0,0,0,0,0,0,0,0,0,0,0,0,0,0,0,0,0,0,0,0,0,0,0,0,0,0,0,0,0,0,0,0,0,0,0,0,0,0,0,0,0,0,0,0,0,0,0,0,0,0,0,0,0,0,0,0,0,0,0,0,0,0,0,0,0,0,0,0,0,0,0,0,0,0,0,0,0,0,0,0,0,0,0,0,0,0,0,0,0,0,0,0,0,0,0,0,0,0,0,0,0,0,0,0,0,0,0,0,0,0,0,0,0,0,0,0,0,0,0,0,0,0,0,0,0,0,0,0,0,0,0,0,0,0,0,0,0,0,0,0,0,0,0,0,0,0,0
0,0,0,0,0,0,0,0,0,0,0,0,0,0,0,0,0,0,0,0,0,0,0,0,0,0,0,0,0,0,0,0,0,0,0,0,0,0,0,0,0,0,0,0,0,0,0,0,0,0,0,0,0,0,0,0,0,0,0,0,0,0,0,0,0,0,0,0,0,0,0,0,0,0,0,0,0,0,0,0,0,0,0,0,0,0,0,0,0,0,0,0,0,0,0,0,0,0,0,0,0,0,0,0,0,0,0,0,0,0,0,0,0,0,0,0,0,0,0,0,0,0,0,0,0,0,0,0,0,0,0,0,0,0,0,0,0,0,0,0,0,0,0,0,0,0,0,0,0,0,0,0,0,0,0,0,0,0,0,0,0,0,0,0,0,0,0,0,0,0,0,0,0,0,0,0,0,0,0,0,0,0,0,0,0,0,0,0,0,0,0,0,0,0,0,0,0,0
0,0,0,0,0,0,0,0,0,0,0,0,0,0,0,0,0,0,0,0,0,0,0,0,0,0,0,0,0,0,0,0,0,0,0,0,0,0,0,0,0,0,0,0,0,0,0,0,0,0,0,0,0,0,0,0,0,0,0,0,0,0,0,0,0,0,0,0,0,0,0,0,0,0,0,0,0,0,0,0,0,0,0,0,0,0,0,0,0,0,0,0,0,0,0,0,0,0,0,0,0,0,0,0,0,0,0,0,0,0,0,0,0,0,0,0,0,0,0,0,0,0,0,0,0,0,0,0,0,0,0,0,0,0,0,0,0,0,0,0,0,0,0,0,0,0,0,0,0,0,0,0,0,0,0,0,0,0,0,0,0,0,0,0,0,0,0,0,0,0,0,0,0,0,0,0,0,0,0,0,0,0,0,0,0,0,0,0,0,0,0,0,0,0,0,0,0,0
0,0,0,0,0,0,0,0,0,0,0,0,0,0,0,0,0,0,0,0,0,0,0,0,0,0,0,0,0,0,0,0,0,0,0,0,0,0,0,0,0,0,0,0,0,0,0,0,0,0,0,0,0,0,0,0,0,0,0,0,0,0,0,0,0,0,0,0,0,0,0,0,0,0,0,0,0,0,0,0,0,0,0,0,0,0,0,0,0,0,0,0,0,0,0,0,0,0,0,0,0,0,0,0,0,0,0,0,0,0,0,0,0,0,0,0,0,0,0,0,0,0,0,0,0,0,0,0,0,0,0,0,0,0,0,0,0,0,0,0,0,0,0,0,0,0,0,0,0,0,0,0,0,0,0,0,0,0,0,0,0,0,0,0,0,0,0,0,0,0,0,0,0,0,0,0,0,0,0,0,0,0,0,0,0,0,0,0,0,0,0,0,0,0,0,0,0,0
0,0,0,0,0,0,0,0,0,0,0,0,0,0,0,0,0,0,0,0,0,0,0,0,0,0,0,0,0,0,0,0,0,0,0,0,0,0,0,0,0,0,0,0,0,0,0,0,0,0,0,0,0,0,0,0,0,0,0,0,0,0,0,0,0,0,0,0,0,0,0,0,0,0,0,0,0,0,0,0,0,0,0,0,0,0,0,0,0,0,0,0,0,0,0,0,0,0,0,0,0,0,0,0,0,0,0,0,0,0,0,0,0,0,0,0,0,0,0,0,0,0,0,0,0,0,0,0,0,0,0,0,0,0,0,0,0,0,0,0,0,0,0,0,0,0,0,0,0,0,0,0,0,0,0,0,0,0,0,0,0,0,0,0,0,0,0,0,0,0,0,0,0,0,0,0,0,0,0,0,0,0,0,0,0,0,0,0,0,0,0,0,0,0,0,0,0,0
0,0,0,0,0,0,0,0,0,0,0,0,0,0,0,0,0,0,0,0,0,0,0,0,0,0,0,0,0,0,0,0,0,0,0,0,0,0,0,0,0,0,0,0,0,0,0,0,0,0,0,0,0,0,0,0,0,0,0,0,0,0,0,0,0,0,0,0,0,0,0,0,0,0,0,0,0,0,0,0,0,0,0,0,0,0,0,0,0,0,0,0,0,0,0,0,0,0,0,0,0,0,0,0,0,0,0,0,0,0,0,0,0,0,0,0,0,0,0,0,0,0,0,0,0,0,0,0,0,0,0,0,0,0,0,0,0,0,0,0,0,0,0,0,0,0,0,0,0,0,0,0,0,0,0,0,0,0,0,0,0,0,0,0,0,0,0,0,0,0,0,0,0,0,0,0,0,0,0,0,0,0,0,0,0,0,0,0,0,0,0,0,0,0,0,0,0,0
0,0,0,0,0,0,0,0,0,0,0,0,0,0,0,0,0,0,0,0,0,0,0,0,0,0,0,0,0,0,0,0,0,0,0,0,0,0,0,0,0,0,0,0,0,0,0,0,0,0,0,0,0,0,0,0,0,0,0,0,0,0,0,0,0,0,0,0,0,0,0,0,0,0,0,0,0,0,0,0,0,0,0,0,0,0,0,0,0,0,0,0,0,0,0,0,0,0,0,0,0,0,0,0,0,0,0,0,0,0,0,0,0,0,0,0,0,0,0,0,0,0,0,0,0,0,0,0,0,0,0,0,0,0,0,0,0,0,0,0,0,0,0,0,0,0,0,0,0,0,0,0,0,0,0,0,0,0,0,0,0,0,0,0,0,0,0,0,0,0,0,0,0,0,0,0,0,0,0,0,0,0,0,0,0,0,0,0,0,0,0,0,0,0,0,0,0,0
0,0,0,0,0,0,0,0,0,0,0,0,0,0,0,0,0,0,0,0,0,0,0,0,0,0,0,0,0,0,0,0,0,0,0,0,0,0,0,0,0,0,0,0,0,0,0,0,0,0,0,0,0,0,0,0,0,0,0,0,0,0,0,0,0,0,0,0,0,0,0,0,0,0,0,0,0,0,0,0,0,0,0,0,0,0,0,0,0,0,0,0,0,0,0,0,0,0,0,0,0,0,0,0,0,0,0,0,0,0,0,0,0,0,0,0,0,0,0,0,0,0,0,0,0,0,0,0,0,0,0,0,0,0,0,0,0,0,0,0,0,0,0,0,0,0,0,0,0,0,0,0,0,0,0,0,0,0,0,0,0,0,0,0,0,0,0,0,0,0,0,0,0,0,0,0,0,0,0,0,0,0,0,0,0,0,0,0,0,0,0,0,0,0,0,0,0,0
0,0,0,0,0,0,0,0,0,0,0,0,0,0,0,0,0,0,0,0,0,0,0,0,0,0,0,0,0,0,0,0,0,0,0,0,0,0,0,0,0,0,0,0,0,0,0,0,0,0,0,0,0,0,0,0,0,0,0,0,0,0,0,0,0,0,0,0,0,0,0,0,0,0,0,0,0,0,0,0,0,0,0,0,0,0,0,0,0,0,0,0,0,0,0,0,0,0,0,0,0,0,0,0,0,0,0,0,0,0,0,0,0,0,0,0,0,0,0,0,0,0,0,0,0,0,0,0,0,0,0,0,0,0,0,0,0,0,0,0,0,0,0,0,0,0,0,0,0,0,0,0,0,0,0,0,0,0,0,0,0,0,0,0,0,0,0,0,0,0,0,0,0,0,0,0,0,0,0,0,0,0,0,0,0,0,0,0,0,0,0,0,0,0,0,0,0,0
0,0,0,0,0,0,0,0,0,0,0,0,0,0,0,0,0,0,0,0,0,0,0,0,0,0,0,0,0,0,0,0,0,0,0,0,0,0,0,0,0,0,0,0,0,0,0,0,0,0,0,0,0,0,0,0,0,0,0,0,0,0,0,0,0,0,0,0,0,0,0,0,0,0,0,0,0,0,0,0,0,0,0,0,0,0,0,0,0,0,0,0,0,0,0,0,0,0,0,0,0,0,0,0,0,0,0,0,0,0,0,0,0,0,0,0,0,0,0,0,0,0,0,0,0,0,0,0,0,0,0,0,0,0,0,0,0,0,0,0,0,0,0,0,0,0,0,0,0,0,0,0,0,0,0,0,0,0,0,0,0,0,0,0,0,0,0,0,0,0,0,0,0,0,0,0,0,0,0,0,0,0,0,0,0,0,0,0,0,0,0,0,0,0,0,0,0,0
0,0,0,0,0,0,0,0,0,0,0,0,0,0,0,0,0,0,0,0,0,0,0,0,0,0,0,0,0,0,0,0,0,0,0,0,0,0,0,0,0,0,0,0,0,0,0,0,0,0,0,0,0,0,0,0,0,0,0,0,0,0,0,0,0,0,0,0,0,0,0,0,0,0,0,0,0,0,0,0,0,0,0,0,0,0,0,0,0,0,0,0,0,0,0,0,0,0,0,0,0,0,0,0,0,0,0,0,0,0,0,0,0,0,0,0,0,0,0,0,0,0,0,0,0,0,0,0,0,0,0,0,0,0,0,0,0,0,0,0,0,0,0,0,0,0,0,0,0,0,0,0,0,0,0,0,0,0,0,0,0,0,0,0,0,0,0,0,0,0,0,0,0,0,0,0,0,0,0,0,0,0,0,0,0,0,0,0,0,0,0,0,0,0,0,0,0,0
0,0,0,0,0,0,0,0,0,0,0,0,0,0,0,0,0,0,0,0,0,0,0,0,0,0,0,0,0,0,0,0,0,0,0,0,0,0,0,0,0,0,0,0,0,0,0,0,0,0,0,0,0,0,0,0,0,0,0,0,0,0,0,0,0,0,0,0,0,0,0,0,0,0,0,0,0,0,0,0,0,0,0,0,0,0,0,0,0,0,0,0,0,0,0,0,0,0,0,0,0,0,0,0,0,0,0,0,0,0,0,0,0,0,0,0,0,0,0,0,0,0,0,0,0,0,0,0,0,0,0,0,0,0,0,0,0,0,0,0,0,0,0,0,0,0,0,0,0,0,0,0,0,0,0,0,0,0,0,0,0,0,0,0,0,0,0,0,0,0,0,0,0,0,0,0,0,0,0,0,0,0,0,0,0,0,0,0,0,0,0,0,0,0,0,0,0,0
0,0,0,0,0,0,0,0,0,0,0,0,0,0,0,0,0,0,0,0,0,0,0,0,0,0,0,0,0,0,0,0,0,0,0,0,0,0,0,0,0,0,0,0,0,0,0,0,0,0,0,0,0,0,0,0,0,0,0,0,0,0,0,0,0,0,0,0,0,0,0,0,0,0,0,0,0,0,0,0,0,0,0,0,0,0,0,0,0,0,0,0,0,0,0,0,0,0,0,0,0,0,0,0,0,0,0,0,0,0,0,0,0,0,0,0,0,0,0,0,0,0,0,0,0,0,0,0,0,0,0,0,0,0,0,0,0,0,0,0,0,0,0,0,0,0,0,0,0,0,0,0,0,0,0,0,0,0,0,0,0,0,0,0,0,0,0,0,0,0,0,0,0,0,0,0,0,0,0,0,0,0,0,0,0,0,0,0,0,0,0,0,0,0,0,0,0,0
0,0,0,0,0,0,0,0,0,0,0,0,0,0,0,0,0,0,0,0,0,0,0,0,0,0,0,0,0,0,0,0,0,0,0,0,0,0,0,0,0,0,0,0,0,0,0,0,0,0,0,0,0,0,0,0,0,0,0,0,0,0,0,0,0,0,0,0,0,0,0,0,0,0,0,0,0,0,0,0,0,0,0,0,0,0,0,0,0,0,0,0,0,0,0,0,0,0,0,0,0,0,0,0,0,0,0,0,0,0,0,0,0,0,0,0,0,0,0,0,0,0,0,0,0,0,0,0,0,0,0,0,0,0,0,0,0,0,0,0,0,0,0,0,0,0,0,0,0,0,0,0,0,0,0,0,0,0,0,0,0,0,0,0,0,0,0,0,0,0,0,0,0,0,0,0,0,0,0,0,0,0,0,0,0,0,0,0,0,0,0,0,0,0,0,0,0,0
0,0,0,0,0,0,0,0,0,0,0,0,0,0,0,0,0,0,0,0,0,0,0,0,0,0,0,0,0,0,0,0,0,0,0,0,0,0,0,0,0,0,0,0,0,0,0,0,0,0,0,0,0,0,0,0,0,0,0,0,0,0,0,0,0,0,0,0,0,0,0,0,0,0,0,0,0,0,0,0,0,0,0,0,0,0,0,0,0,0,0,0,0,0,0,0,0,0,0,0,0,0,0,0,0,0,0,0,0,0,0,0,0,0,0,0,0,0,0,0,0,0,0,0,0,0,0,0,0,0,0,0,0,0,0,0,0,0,0,0,0,0,0,0,0,0,0,0,0,0,0,0,0,0,0,0,0,0,0,0,0,0,0,0,0,0,0,0,0,0,0,0,0,0,0,0,0,0,0,0,0,0,0,0,0,0,0,0,0,0,0,0,0,0,0,0,0,0
0,0,0,0,0,0,0,0,0,0,0,0,0,0,0,0,0,0,0,0,0,0,0,0,0,0,0,0,0,0,0,0,0,0,0,0,0,0,0,0,0,0,0,0,0,0,0,0,0,0,0,0,0,0,0,0,0,0,0,0,0,0,0,0,0,0,0,0,0,0,0,0,0,0,0,0,0,0,0,0,0,0,0,0,0,0,0,0,0,0,0,0,0,0,0,0,0,0,0,0,0,0,0,0,0,0,0,0,0,0,0,0,0,0,0,0,0,0,0,0,0,0,0,0,0,0,0,0,0,0,0,0,0,0,0,0,0,0,0,0,0,0,0,0,0,0,0,0,0,0,0,0,0,0,0,0,0,0,0,0,0,0,0,0,0,0,0,0,0,0,0,0,0,0,0,0,0,0,0,0,0,0,0,0,0,0,0,0,0,0,0,0,0,0,0,0,0,0
0,0,0,0,0,0,0,0,0,0,0,0,0,0,0,0,0,0,0,0,0,0,0,0,0,0,0,0,0,0,0,0,0,0,0,0,0,0,0,0,0,0,0,0,0,0,0,0,0,0,0,0,0,0,0,0,0,0,0,0,0,0,0,0,0,0,0,0,0,0,0,0,0,0,0,0,0,0,0,0,0,0,0,0,0,0,0,0,0,0,0,0,0,0,0,0,0,0,0,0,0,0,0,0,0,0,0,0,0,0,0,0,0,0,0,0,0,0,0,0,0,0,0,0,0,0,0,0,0,0,0,0,0,0,0,0,0,0,0,0,0,0,0,0,0,0,0,0,0,0,0,0,0,0,0,0,0,0,0,0,0,0,0,0,0,0,0,0,0,0,0,0,0,0,0,0,0,0,0,0,0,0,0,0,0,0,0,0,0,0,0,0,0,0,0,0,0,0
0,0,0,0,0,0,0,0,0,0,0,0,0,0,0,0,0,0,0,0,0,0,0,0,0,0,0,0,0,0,0,0,0,0,0,0,0,0,0,0,0,0,0,0,0,0,0,0,0,0,0,0,0,0,0,0,0,0,0,0,0,0,0,0,0,0,0,0,0,0,0,0,0,0,0,0,0,0,0,0,0,0,0,0,0,0,0,0,0,0,0,0,0,0,0,0,0,0,0,0,0,0,0,0,0,0,0,0,0,0,0,0,0,0,0,0,0,0,0,0,0,0,0,0,0,0,0,0,0,0,0,0,0,0,0,0,0,0,0,0,0,0,0,0,0,0,0,0,0,0,0,0,0,0,0,0,0,0,0,0,0,0,0,0,0,0,0,0,0,0,0,0,0,0,0,0,0,0,0,0,0,0,0,0,0,0,0,0,0,0,0,0,0,0,0,0,0,0
0,0,0,0,0,0,0,0,0,0,0,0,0,0,0,0,0,0,0,0,0,0,0,0,0,0,0,0,0,0,0,0,0,0,0,0,0,0,0,0,0,0,0,0,0,0,0,0,0,0,0,0,0,0,0,0,0,0,0,0,0,0,0,0,0,0,0,0,0,0,0,0,0,0,0,0,0,0,0,0,0,0,0,0,0,0,0,0,0,0,0,0,0,0,0,0,0,0,0,0,0,0,0,0,0,0,0,0,0,0,0,0,0,0,0,0,0,0,0,0,0,0,0,0,0,0,0,0,0,0,0,0,0,0,0,0,0,0,0,0,0,0,0,0,0,0,0,0,0,0,0,0,0,0,0,0,0,0,0,0,0,0,0,0,0,0,0,0,0,0,0,0,0,0,0,0,0,0,0,0,0,0,0,0,0,0,0,0,0,0,0,0,0,0,0,0,0,0
0,0,0,0,0,0,0,0,0,0,0,0,0,0,0,0,0,0,0,0,0,0,0,0,0,0,0,0,0,0,0,0,0,0,0,0,0,0,0,0,0,0,0,0,0,0,0,0,0,0,0,0,0,0,0,0,0,0,0,0,0,0,0,0,0,0,0,0,0,0,0,0,0,0,0,0,0,0,0,0,0,0,0,0,0,0,0,0,0,0,0,0,0,0,0,0,0,0,0,0,0,0,0,0,0,0,0,0,0,0,0,0,0,0,0,0,0,0,0,0,0,0,0,0,0,0,0,0,0,0,0,0,0,0,0,0,0,0,0,0,0,0,0,0,0,0,0,0,0,0,0,0,0,0,0,0,0,0,0,0,0,0,0,0,0,0,0,0,0,0,0,0,0,0,0,0,0,0,0,0,0,0,0,0,0,0,0,0,0,0,0,0,0,0,0,0,0,0
0,0,0,0,0,0,0,0,0,0,0,0,0,0,0,0,0,0,0,0,0,0,0,0,0,0,0,0,0,0,0,0,0,0,0,0,0,0,0,0,0,0,0,0,0,0,0,0,0,0,0,0,0,0,0,0,0,0,0,0,0,0,0,0,0,0,0,0,0,0,0,0,0,0,0,0,0,0,0,0,0,0,0,0,0,0,0,0,0,0,0,0,0,0,0,0,0,0,0,0,0,0,0,0,0,0,0,0,0,0,0,0,0,0,0,0,0,0,0,0,0,0,0,0,0,0,0,0,0,0,0,0,0,0,0,0,0,0,0,0,0,0,0,0,0,0,0,0,0,0,0,0,0,0,0,0,0,0,0,0,0,0,0,0,0,0,0,0,0,0,0,0,0,0,0,0,0,0,0,0,0,0,0,0,0,0,0,0,0,0,0,0,0,0,0,0,0,0
0,0,0,0,0,0,0,0,0,0,0,0,0,0,0,0,0,0,0,0,0,0,0,0,0,0,0,0,0,0,0,0,0,0,0,0,0,0,0,0,0,-0.9749843,-0.9749843,-0.9749843,-0.9749843,-0.9749843,-0.9749843,-0.9749843,-0.9749843,-0.9749843,-0.9749843,-0.9749843,-0.9749843,-0.9749843,-0.9749843,-0.9749843,-0.9749843,-0.9749843,-0.9749843,-0.9749843,-0.9749843,-0.9749843,-0.9749843,-0.9749843,-0.9749843,-0.9749843,-0.9749843,-0.9749843,-0.9749843,-0.9749843,-0.9749843,-0.9749843,-0.9749843,-0.9749843,-0.9749843,-0.9749843,-0.9749843,-0.9749843,-0.9749843,-0.9749843,-0.9749843,-0.9749843,-0.9749843,-0.9749843,-0.9749843,-0.9749843,-0.9749843,-0.9749843,-0.9749843,-0.9749843,-0.9749843,-0.9749843,-0.9749843,-0.9749843,-0.9749843,-0.9749843,-0.9749843,-0.9749843,-0.9749843,-0.9749843,-0.9749843,-0.9749843,-0.9749843,-0.9749843,-0.9749843,-0.9749843,-0.9749843,-0.9749843,-0.9749843,-0.9749843,-0.9749843,-0.9749843,-0.9749843,-0.9749843,-0.9749843,-0.9749843,-0.9749843,-0.9749843,-0.9749843,-0.9749843,-0.9749843,-0.9749843,-0.9749843,-0.9749843,-0.9749843,-0.9749843,-0.9749843,-0.9749843,-0.9749843,-0.9749843,-0.9749843,-0.9749843,-0.9749843,-0.9749843,-0.9749843,-0.9749843,-0.9749843,-0.9749843,-0.9749843,-0.9749843,-0.9749843,-0.9749843,-0.9749843,-0.9749843,-0.9749843,-0.9749843,-0.9749843,-0.9749843,-0.9749843,-0.9749843,-0.9749843,-0.9749843,-0.9749843,-0.9749843,-0.9749843,-0.9749843,-0.9749843,-0.9749843,-0.9749843,-0.9749843,-0.9749843,-0.9749843,-0.9749843,-0.9749843,-0.9749843,-0.9749843,-0.9749843,-0.9749843,-0.9749843,-0.9749843,-0.9749843,-0.9749843,-0.9749843,-0.9749843,-0.9749843,-0.9749843,-0.9749843,-0.9749843,-0.9749843,-0.9749843,-0.9749843,-0.9749843,-0.9749843,-0.9749843,-0.9749843,-0.9749843,-0.9749843,-0.9749843,-0.9749843,-0.9749843,-0.9749843,-0.9749843,-0.9749843,-0.9749843,-0.9749843,-0.9749843,-0.9749843,0
0,-0.9749843,-0.9749843,-0.9749843,-0.9749843,-0.9749843,-0.9749843,-0.9749843,-0.9749843,-0.9749843,-0.9749843,-0.9749843,-0.9749843,-0.9749843,-0.9749843,-0.9749843,-0.9749843,-0.9749843,-0.9749843,-0.9749843,-0.9749843,-0.9749843,-0.9749843,-0.9749843,-0.9749843,-0.9749843,-0.9749843,-0.9749843,-0.9749843,-0.9749843,-0.9749843,-0.9749843,-0.9749843,-0.9749843,-0.9749843,-0.9749843,-0.9749843,-0.9749843,-0.9749843,-0.9749843,-0.9749843,-0.9749843,-0.9749843,-0.9749843,-0.9749843,-0.9749843,-0.9749843,-0.9749843,-0.9749843,-0.9749843,-0.9749843,-0.9749843,-0.9749843,-0.9749843,-0.9749843,-0.9749843,-0.9749843,-0.9749843,-0.9749843,-0.9749843,-0.9749843,-0.9749843,-0.9749843,-0.9749843,-0.9749843,-0.9749843,-0.9749843,-0.9749843,-0.9749843,-0.9749843,-0.9749843,-0.9749843,-0.9749843,-0.9749843,-0.9749843,-0.9749843,-0.9749843,-0.9749843,-0.9749843,-0.9749843,-0.9749843,-0.9749843,-0.9749843,-0.9749843,-0.9749843,-0.9749843,-0.9749843,-0.9749843,-0.9749843,-0.9749843,-0.9749843,-0.9749843,-0.9749843,-0.9749843,-0.9749843,-0.9749843,-0.9749843,-0.9749843,-0.9749843,-0.9749843,-0.9749843,-0.9749843,-0.9749843,-0.9749843,-0.9749843,-0.9749843,-0.9749843,-0.9749843,-0.9749843,-0.9749843,-0.9749843,-0.9749843,-0.9749843,-0.9749843,-0.9749843,-0.9749843,-0.9749843,-0.9749843,-0.9749843,-0.9749843,-0.9749843,-0.9749843,-0.9749843,-0.9749843,-0.9749843,-0.9749843,-0.9749843,-0.9749843,-0.9749843,-0.9749843,-0.9749843,-0.9749843,-0.9749843,-0.9749843,-0.9749843,-0.9749843,-0.9749843,-0.9749843,-0.9749843,-0.9749843,-0.9749843,-0.9749843,-0.9749843,-0.9749843,-0.9749843,-0.9749843,-0.9749843,-0.9749843,-0.9749843,-0.9749843,-0.9749843,-0.9749843,-0.9749843,-0.9749843,-0.9749843,-0.9749843,-0.9749843,-0.9749843,-0.9749843,-0.9749843,-0.9749843,-0.9749843,-0.9749843,-0.9749843,-0.9749843,-0.9749843,-0.9749843,-0.9749843,-0.9749843,-0.9749843,-0.9749843,-0.9749843,-0.9749843,-0.9749843,-0.9749843,-0.9749843,-0.9749843,-0.9749843,-0.9749843,-0.9749843,-0.9749843,-0.9749843,-0.9749843,-0.9749843,-0.9749843,-0.9749843,-0.9749843,-0.9749843,-0.9749843,-0.9749843,-0.9749843,-0.9749843,-0.9749843,-0.9749843,-0.9749843,-0.9749843,-0.9749843,0
0,-0.9749843,-0.9749843,-0.9749843,-0.9749843,-0.9749843,-0.9749843,-0.9749843,-0.9749843,-0.9749843,-0.9749843,-0.9749843,-0.9749843,-0.9749843,-0.9749843,-0.9749843,-0.9749843,-0.9749843,-0.9749843,-0.9749843,-0.9749843,-0.9749843,-0.9749843,-0.9749843,-0.9749843,-0.9749843,-0.9749843,-0.9749843,-0.9749843,-0.9749843,-0.9749843,-0.9749843,-0.9749843,-0.9749843,-0.9749843,-0.9749843,-0.9749843,-0.9749843,-0.9749843,-0.9749843,-0.9749843,-0.9749843,-0.9749843,-0.9749843,-0.9749843,-0.9749843,-0.9749843,-0.9749843,-0.9749843,-0.9749843,-0.9749843,-0.9749843,-0.9749843,-0.9749843,-0.9749843,-0.9749843,-0.9749843,-0.9749843,-0.9749843,-0.9749843,-0.9749843,-0.9749843,-0.9749843,-0.9749843,-0.9749843,-0.9749843,-0.9749843,-0.9749843,-0.9749843,-0.9749843,-0.9749843,-0.9749843,-0.9749843,-0.9749843,-0.9749843,-0.9749843,-0.9749843,-0.9749843,-0.9749843,-0.9749843,-0.9749843,-0.9749843,-0.9749843,-0.9749843,-0.9749843,-0.9749843,-0.9749843,-0.9749843,-0.9749843,-0.9749843,-0.9749843,-0.9749843,-0.9749843,-0.9749843,-0.9749843,-0.9749843,-0.9749843,-0.9749843,-0.9749843,-0.9749843,-0.9749843,-0.9749843,-0.9749843,-0.9749843,-0.9749843,-0.9749843,-0.9749843,-0.9749843,-0.9749843,-0.9749843,-0.9749843,-0.9749843,-0.9749843,-0.9749843,-0.9749843,-0.9749843,-0.9749843,-0.9749843,-0.9749843,-0.9749843,-0.9749843,-0.9749843,-0.9749843,-0.9749843,-0.9749843,-0.9749843,-0.9749843,-0.9749843,-0.9749843,-0.9749843,-0.9749843,-0.9749843,-0.9749843,-0.9749843,-0.9749843,-0.9749843,-0.9749843,-0.9749843,-0.9749843,-0.9749843,-0.9749843,-0.9749843,-0.9749843,-0.9749843,-0.9749843,-0.9749843,-0.9749843,-0.9749843,-0.9749843,-0.9749843,-0.9749843,-0.9749843,-0.9749843,-0.9749843,-0.9749843,-0.9749843,-0.9749843,-0.9749843,-0.9749843,-0.9749843,-0.9749843,-0.9749843,-0.9749843,-0.9749843,-0.9749843,-0.9749843,-0.9749843,-0.9749843,-0.9749843,-0.9749843,-0.9749843,-0.9749843,-0.9749843,-0.9749843,-0.9749843,-0.9749843,-0.9749843,-0.9749843,-0.9749843,-0.9749843,-0.9749843,-0.9749843,-0.9749843,-0.9749843,-0.9749843,-0.9749843,-0.9749843,-0.9749843,-0.9749843,-0.9749843,-0.9749843,-0.9749843,-0.9749843,-0.9749843,-0.9749843,-0.9749843,-0.9749843,0
0,-0.9749843,-0.9749843,-0.9749843,-0.9749843,-0.9749843,-0.9749843,-0.9749843,-0.9749843,-0.9749843,-0.9749843,-0.9749843,-0.9749843,-0.9749843,-0.9749843,-0.9749843,-0.9749843,-0.9749843,-0.9749843,-0.9749843,-0.9749843,-0.9749843,-0.9749843,-0.9749843,-0.9749843,-0.9749843,-0.9749843,-0.9749843,-0.9749843,-0.9749843,-0.9749843,-0.9749843,-0.9749843,-0.9749843,-0.9749843,-0.9749843,-0.9749843,-0.9749843,-0.9749843,-0.9749843,-0.9749843,-0.9749843,-0.9749843,-0.9749843,-0.9749843,-0.9749843,-0.9749843,-0.9749843,-0.9749843,-0.9749843,-0.9749843,-0.9749843,-0.9749843,-0.9749843,-0.9749843,-0.9749843,-0.9749843,-0.9749843,-0.9749843,-0.9749843,-0.9749843,-0.9749843,-0.9749843,-0.9749843,-0.9749843,-0.9749843,-0.9749843,-0.9749843,-0.9749843,-0.9749843,-0.9749843,-0.9749843,-0.9749843,-0.9749843,-0.9749843,-0.9749843,-0.9749843,-0.9749843,-0.9749843,-0.9749843,-0.9749843,-0.9749843,-0.9749843,-0.9749843,-0.9749843,-0.9749843,-0.9749843,-0.9749843,-0.9749843,-0.9749843,-0.9749843,-0.9749843,-0.9749843,-0.9749843,-0.9749843,-0.9749843,-0.9749843,-0.9749843,-0.9749843,-0.9749843,-0.9749843,-0.9749843,-0.9749843,-0.9749843,-0.9749843,-0.9749843,-0.9749843,-0.9749843,-0.9749843,-0.9749843,-0.9749843,-0.9749843,-0.9749843,-0.9749843,-0.9749843,-0.9749843,-0.9749843,-0.9749843,-0.9749843,-0.9749843,-0.9749843,-0.9749843,-0.9749843,-0.9749843,-0.9749843,-0.9749843,-0.9749843,-0.9749843,-0.9749843,-0.9749843,-0.9749843,-0.9749843,-0.9749843,-0.9749843,-0.9749843,-0.9749843,-0.9749843,-0.9749843,-0.9749843,-0.9749843,-0.9749843,-0.9749843,-0.9749843,-0.9749843,-0.9749843,-0.9749843,-0.9749843,-0.9749843,-0.9749843,-0.9749843,-0.9749843,-0.9749843,-0.9749843,-0.9749843,-0.9749843,-0.9749843,-0.9749843,-0.9749843,-0.9749843,-0.9749843,-0.9749843,-0.9749843,-0.9749843,-0.9749843,-0.9749843,-0.9749843,-0.9749843,-0.9749843,-0.9749843,-0.9749843,-0.9749843,-0.9749843,-0.9749843,-0.9749843,-0.9749843,-0.9749843,-0.9749843,-0.9749843,-0.9749843,-0.9749843,-0.9749843,-0.9749843,-0.9749843,-0.9749843,-0.9749843,-0.9749843,-0.9749843,-0.9749843,-0.9749843,-0.9749843,-0.9749843,-0.9749843,-0.9749843,-0.9749843,-0.9749843,-0.9749843,-0.9749843,0
0,-0.9749843,-0.9749843,-0.9749843,-0.9749843,-0.9749843,-0.9749843,-0.9749843,-0.9749843,-0.9749843,-0.9749843,-0.9749843,-0.9749843,-0.9749843,-0.9749843,-0.9749843,-0.9749843,-0.9749843,-0.9749843,-0.9749843,-0.9749843,-0.9749843,-0.9749843,-0.9749843,-0.9749843,-0.9749843,-0.9749843,-0.9749843,-0.9749843,-0.9749843,-0.9749843,-0.9749843,-0.9749843,-0.9749843,-0.9749843,-0.9749843,-0.9749843,-0.9749843,-0.9749843,-0.9749843,-0.9749843,-0.9749843,-0.9749843,-0.9749843,-0.9749843,-0.9749843,-0.9749843,-0.9749843,-0.9749843,-0.9749843,-0.9749843,-0.9749843,-0.9749843,-0.9749843,-0.9749843,-0.9749843,-0.9749843,-0.9749843,-0.9749843,-0.9749843,-0.9749843,-0.9749843,-0.9749843,-0.9749843,-0.9749843,-0.9749843,-0.9749843,-0.9749843,-0.9749843,-0.9749843,-0.9749843,-0.9749843,-0.9749843,-0.9749843,-0.9749843,-0.9749843,-0.9749843,-0.9749843,-0.9749843,-0.9749843,-0.9749843,-0.9749843,-0.9749843,-0.9749843,-0.9749843,-0.9749843,-0.9749843,-0.9749843,-0.9749843,-0.9749843,-0.9749843,-0.9749843,-0.9749843,-0.9749843,-0.9749843,-0.9749843,-0.9749843,-0.9749843,-0.9749843,-0.9749843,-0.9749843,-0.9749843,-0.9749843,-0.9749843,-0.9749843,-0.9749843,-0.9749843,-0.9749843,-0.9749843,-0.9749843,-0.9749843,-0.9749843,-0.9749843,-0.9749843,-0.9749843,-0.9749843,-0.9749843,-0.9749843,-0.9749843,-0.9749843,-0.9749843,-0.9749843,-0.9749843,-0.9749843,-0.9749843,-0.9749843,-0.9749843,-0.9749843,-0.9749843,-0.9749843,-0.9749843,-0.9749843,-0.9749843,-0.9749843,-0.9749843,-0.9749843,-0.9749843,-0.9749843,-0.9749843,-0.9749843,-0.9749843,-0.9749843,-0.9749843,-0.9749843,-0.9749843,-0.9749843,-0.9749843,-0.9749843,-0.9749843,-0.9749843,-0.9749843,-0.9749843,-0.9749843,-0.9749843,-0.9749843,-0.9749843,-0.9749843,-0.9749843,-0.9749843,-0.9749843,-0.9749843,-0.9749843,-0.9749843,-0.9749843,-0.9749843,-0.9749843,-0.9749843,-0.9749843,-0.9749843,-0.9749843,-0.9749843,-0.9749843,-0.9749843,-0.9749843,-0.9749843,-0.9749843,-0.9749843,-0.9749843,-0.9749843,-0.9749843,-0.9749843,-0.9749843,-0.9749843,-0.9749843,-0.9749843,-0.9749843,-0.9749843,-0.9749843,-0.9749843,-0.9749843,-0.9749843,-0.9749843,-0.9749843,-0.9749843,-0.9749843,-0.9749843,-0.9749843,0
0,-0.9749843,-0.9749843,-0.9749843,-0.9749843,-0.9749843,-0.9749843,-0.9749843,-0.9749843,-0.9749843,-0.9749843,-0.9749843,-0.9749843,-0.9749843,-0.9749843,-0.9749843,-0.9749843,-0.9749843,-0.9749843,-0.9749843,-0.9749843,-0.9749843,-0.9749843,-0.9749843,-0.9749843,-0.9749843,-0.9749843,-0.9749843,-0.9749843,-0.9749843,-0.9749843,-0.9749843,-0.9749843,-0.9749843,-0.9749843,-0.9749843,-0.9749843,-0.9749843,-0.9749843,-0.9749843,-0.9749843,-0.9749843,-0.9749843,-0.9749843,-0.9749843,-0.9749843,-0.9749843,-0.9749843,-0.9749843,-0.9749843,-0.9749843,-0.9749843,-0.9749843,-0.9749843,-0.9749843,-0.9749843,-0.9749843,-0.9749843,-0.9749843,-0.9749843,-0.9749843,-0.9749843,-0.9749843,-0.9749843,-0.9749843,-0.9749843,-0.9749843,-0.9749843,-0.9749843,-0.9749843,-0.9749843,-0.9749843,-0.9749843,-0.9749843,-0.9749843,-0.9749843,-0.9749843,-0.9749843,-0.9749843,-0.9749843,-0.9749843,-0.9749843,-0.9749843,-0.9749843,-0.9749843,-0.9749843,-0.9749843,-0.9749843,-0.9749843,-0.9749843,-0.9749843,-0.9749843,-0.9749843,-0.9749843,-0.9749843,-0.9749843,-0.9749843,-0.9749843,-0.9749843,-0.9749843,-0.9749843,-0.9749843,-0.9749843,-0.9749843,-0.9749843,-0.9749843,-0.9749843,-0.9749843,-0.9749843,-0.9749843,-0.9749843,-0.9749843,-0.9749843,-0.9749843,-0.9749843,-0.9749843,-0.9749843,-0.9749843,-0.9749843,-0.9749843,-0.9749843,-0.9749843,-0.9749843,-0.9749843,-0.9749843,-0.9749843,-0.9749843,-0.9749843,-0.9749843,-0.9749843,-0.9749843,-0.9749843,-0.9749843,-0.9749843,-0.9749843,-0.9749843,-0.9749843,-0.9749843,-0.9749843,-0.9749843,-0.9749843,-0.9749843,-0.9749843,-0.9749843,-0.9749843,-0.9749843,-0.9749843,-0.9749843,-0.9749843,-0.9749843,-0.9749843,-0.9749843,-0.9749843,-0.9749843,-0.9749843,-0.9749843,-0.9749843,-0.9749843,-0.9749843,-0.9749843,-0.9749843,-0.9749843,-0.9749843,-0.9749843,-0.9749843,-0.9749843,-0.9749843,-0.9749843,-0.9749843,-0.9749843,-0.9749843,-0.9749843,-0.9749843,-0.9749843,-0.9749843,-0.9749843,-0.9749843,-0.9749843,-0.9749843,-0.9749843,-0.9749843,-0.9749843,-0.9749843,-0.9749843,-0.9749843,-0.9749843,-0.9749843,-0.9749843,-0.9749843,-0.9749843,-0.9749843,-0.9749843,-0.9749843,-0.9749843,-0.9749843,-0.9749843,-0.9749843,0
0,-0.9749843,-0.9749843,-0.9749843,-0.9749843,-0.9749843,-0.9749843,-0.9749843,-0.9749843,-0.9749843,-0.9749843,-0.9749843,-0.9749843,-0.9749843,-0.9749843,-0.9749843,-0.9749843,-0.9749843,-0.9749843,-0.9749843,-0.9749843,-0.9749843,-0.9749843,-0.9749843,-0.9749843,-0.9749843,-0.9749843,-0.9749843,-0.9749843,-0.9749843,-0.9749843,-0.9749843,-0.9749843,-0.9749843,-0.9749843,-0.9749843,-0.9749843,-0.9749843,-0.9749843,-0.9749843,-0.9749843,-0.9749843,-0.9749843,-0.9749843,-0.9749843,-0.9749843,-0.9749843,-0.9749843,-0.9749843,-0.9749843,-0.9749843,-0.9749843,-0.9749843,-0.9749843,-0.9749843,-0.9749843,-0.9749843,-0.9749843,-0.9749843,-0.9749843,-0.9749843,-0.9749843,-0.9749843,-0.9749843,-0.9749843,-0.9749843,-0.9749843,-0.9749843,-0.9749843,-0.9749843,-0.9749843,-0.9749843,-0.9749843,-0.9749843,-0.9749843,-0.9749843,-0.9749843,-0.9749843,-0.9749843,-0.9749843,-0.9749843,-0.9749843,-0.9749843,-0.9749843,-0.9749843,-0.9749843,-0.9749843,-0.9749843,-0.9749843,-0.9749843,-0.9749843,-0.9749843,-0.9749843,-0.9749843,-0.9749843,-0.9749843,-0.9749843,-0.9749843,-0.9749843,-0.9749843,-0.9749843,-0.9749843,-0.9749843,-0.9749843,-0.9749843,-0.9749843,-0.9749843,-0.9749843,-0.9749843,-0.9749843,-0.9749843,-0.9749843,-0.9749843,-0.9749843,-0.9749843,-0.9749843,-0.9749843,-0.9749843,-0.9749843,-0.9749843,-0.9749843,-0.9749843,-0.9749843,-0.9749843,-0.9749843,-0.9749843,-0.9749843,-0.9749843,-0.9749843,-0.9749843,-0.9749843,-0.9749843,-0.9749843,-0.9749843,-0.9749843,-0.9749843,-0.9749843,-0.9749843,-0.9749843,-0.9749843,-0.9749843,-0.9749843,-0.9749843,-0.9749843,-0.9749843,-0.9749843,-0.9749843,-0.9749843,-0.9749843,-0.9749843,-0.9749843,-0.9749843,-0.9749843,-0.9749843,-0.9749843,-0.9749843,-0.9749843,-0.9749843,-0.9749843,-0.9749843,-0.9749843,-0.9749843,-0.9749843,-0.9749843,-0.9749843,-0.9749843,-0.9749843,-0.9749843,-0.9749843,-0.9749843,-0.9749843,-0.9749843,-0.9749843,-0.9749843,-0.9749843,-0.9749843,-0.9749843,-0.9749843,-0.9749843,-0.9749843,-0.9749843,-0.9749843,-0.9749843,-0.9749843,-0.9749843,-0.9749843,-0.9749843,-0.9749843,-0.9749843,-0.9749843,-0.9749843,-0.9749843,-0.9749843,-0.9749843,-0.9749843,-0.9749843,-0.9749843,0
0,-0.9749843,-0.9749843,-0.9749843,-0.9749843,-0.9749843,-0.9749843,-0.9749843,-0.9749843,-0.9749843,-0.9749843,-0.9749843,-0.9749843,-0.9749843,-0.9749843,-0.9749843,-0.9749843,-0.9749843,-0.9749843,-0.9749843,-0.9749843,-0.9749843,-0.9749843,-0.9749843,-0.9749843,-0.9749843,-0.9749843,-0.9749843,-0.9749843,-0.9749843,-0.9749843,-0.9749843,-0.9749843,-0.9749843,-0.9749843,-0.9749843,-0.9749843,-0.9749843,-0.9749843,-0.9749843,-0.9749843,-0.9749843,-0.9749843,-0.9749843,-0.9749843,-0.9749843,-0.9749843,-0.9749843,-0.9749843,-0.9749843,-0.9749843,-0.9749843,-0.9749843,-0.9749843,-0.9749843,-0.9749843,-0.9749843,-0.9749843,-0.9749843,-0.9749843,-0.9749843,-0.9749843,-0.9749843,-0.9749843,-0.9749843,-0.9749843,-0.9749843,-0.9749843,-0.9749843,-0.9749843,-0.9749843,-0.9749843,-0.9749843,-0.9749843,-0.9749843,-0.9749843,-0.9749843,-0.9749843,-0.9749843,-0.9749843,-0.9749843,-0.9749843,-0.9749843,-0.9749843,-0.9749843,-0.9749843,-0.9749843,-0.9749843,-0.9749843,-0.9749843,-0.9749843,-0.9749843,-0.9749843,-0.9749843,-0.9749843,-0.9749843,-0.9749843,-0.9749843,-0.9749843,-0.9749843,-0.9749843,-0.9749843,-0.9749843,-0.9749843,-0.9749843,-0.9749843,-0.9749843,-0.9749843,-0.9749843,-0.9749843,-0.9749843,-0.9749843,-0.9749843,-0.9749843,-0.9749843,-0.9749843,-0.9749843,-0.9749843,-0.9749843,-0.9749843,-0.9749843,-0.9749843,-0.9749843,-0.9749843,-0.9749843,-0.9749843,-0.9749843,-0.9749843,-0.9749843,-0.9749843,-0.9749843,-0.9749843,-0.9749843,-0.9749843,-0.9749843,-0.9749843,-0.9749843,-0.9749843,-0.9749843,-0.9749843,-0.9749843,-0.9749843,-0.9749843,-0.9749843,-0.9749843,-0.9749843,-0.9749843,-0.9749843,-0.9749843,-0.9749843,-0.9749843,-0.9749843,-0.9749843,-0.9749843,-0.9749843,-0.9749843,-0.9749843,-0.9749843,-0.9749843,-0.9749843,-0.9749843,-0.9749843,-0.9749843,-0.9749843,-0.9749843,-0.9749843,-0.9749843,-0.9749843,-0.9749843,-0.9749843,-0.9749843,-0.9749843,-0.9749843,-0.9749843,-0.9749843,-0.9749843,-0.9749843,-0.9749843,-0.9749843,-0.9749843,-0.9749843,-0.9749843,-0.9749843,-0.9749843,-0.9749843,-0.9749843,-0.9749843,-0.9749843,-0.9749843,-0.9749843,-0.9749843,-0.9749843,-0.9749843,-0.9749843,-0.9749843,-0.9749843,-0.9749843,0
0,-0.9749843,-0.9749843,-0.9749843,-0.9749843,-0.9749843,-0.9749843,-0.9749843,-0.9749843,-0.9749843,-0.9749843,-0.9749843,-0.9749843,-0.9749843,-0.9749843,-0.9749843,-0.9749843,-0.9749843,-0.9749843,-0.9749843,-0.9749843,-0.9749843,-0.9749843,-0.9749843,-0.9749843,-0.9749843,-0.9749843,-0.9749843,-0.9749843,-0.9749843,-0.9749843,-0.9749843,-0.9749843,-0.9749843,-0.9749843,-0.9749843,-0.9749843,-0.9749843,-0.9749843,-0.9749843,-0.9749843,-0.9749843,-0.9749843,-0.9749843,-0.9749843,-0.9749843,-0.9749843,-0.9749843,-0.9749843,-0.9749843,-0.9749843,-0.9749843,-0.9749843,-0.9749843,-0.9749843,-0.9749843,-0.9749843,-0.9749843,-0.9749843,-0.9749843,-0.9749843,-0.9749843,-0.9749843,-0.9749843,-0.9749843,-0.9749843,-0.9749843,-0.9749843,-0.9749843,-0.9749843,-0.9749843,-0.9749843,-0.9749843,-0.9749843,-0.9749843,-0.9749843,-0.9749843,-0.9749843,-0.9749843,-0.9749843,-0.9749843,-0.9749843,-0.9749843,-0.9749843,-0.9749843,-0.9749843,-0.9749843,-0.9749843,-0.9749843,-0.9749843,-0.9749843,-0.9749843,-0.9749843,-0.9749843,-0.9749843,-0.9749843,-0.9749843,-0.9749843,-0.9749843,-0.9749843,-0.9749843,-0.9749843,-0.9749843,-0.9749843,-0.9749843,-0.9749843,-0.9749843,-0.9749843,-0.9749843,-0.9749843,-0.9749843,-0.9749843,-0.9749843,-0.9749843,-0.9749843,-0.9749843,-0.9749843,-0.9749843,-0.9749843,-0.9749843,-0.9749843,-0.9749843,-0.9749843,-0.9749843,-0.9749843,-0.9749843,-0.9749843,-0.9749843,-0.9749843,-0.9749843,-0.9749843,-0.9749843,-0.9749843,-0.9749843,-0.9749843,-0.9749843,-0.9749843,-0.9749843,-0.9749843,-0.9749843,-0.9749843,-0.9749843,-0.9749843,-0.9749843,-0.9749843,-0.9749843,-0.9749843,-0.9749843,-0.9749843,-0.9749843,-0.9749843,-0.9749843,-0.9749843,-0.9749843,-0.9749843,-0.9749843,-0.9749843,-0.9749843,-0.9749843,-0.9749843,-0.9749843,-0.9749843,-0.9749843,-0.9749843,-0.9749843,-0.9749843,-0.9749843,-0.9749843,-0.9749843,-0.9749843,-0.9749843,-0.9749843,-0.9749843,-0.9749843,-0.9749843,-0.9749843,-0.9749843,-0.9749843,-0.9749843,-0.9749843,-0.9749843,-0.9749843,-0.9749843,-0.9749843,-0.9749843,-0.9749843,-0.9749843,-0.9749843,-0.9749843,-0.9749843,-0.9749843,-0.9749843,-0.9749843,-0.9749843,-0.9749843,-0.9749843,-0.9749843,0
0,-0.9749843,-0.9749843,-0.9749843,-0.9749843,-0.9749843,-0.9749843,-0.9749843,-0.9749843,-0.9749843,-0.9749843,-0.9749843,-0.9749843,-0.9749843,-0.9749843,-0.9749843,-0.9749843,-0.9749843,-0.9749843,-0.9749843,-0.9749843,-0.9749843,-0.9749843,-0.9749843,-0.9749843,-0.9749843,-0.9749843,-0.9749843,-0.9749843,-0.9749843,-0.9749843,-0.9749843,-0.9749843,-0.9749843,-0.9749843,-0.9749843,-0.9749843,-0.9749843,-0.9749843,-0.9749843,-0.9749843,-0.9749843,-0.9749843,-0.9749843,-0.9749843,-0.9749843,-0.9749843,-0.9749843,-0.9749843,-0.9749843,-0.9749843,-0.9749843,-0.9749843,-0.9749843,-0.9749843,-0.9749843,-0.9749843,-0.9749843,-0.9749843,-0.9749843,-0.9749843,-0.9749843,-0.9749843,-0.9749843,-0.9749843,-0.9749843,-0.9749843,-0.9749843,-0.9749843,-0.9749843,-0.9749843,-0.9749843,-0.9749843,-0.9749843,-0.9749843,-0.9749843,-0.9749843,-0.9749843,-0.9749843,-0.9749843,-0.9749843,-0.9749843,-0.9749843,-0.9749843,-0.9749843,-0.9749843,-0.9749843,-0.9749843,-0.9749843,-0.9749843,-0.9749843,-0.9749843,-0.9749843,-0.9749843,-0.9749843,-0.9749843,-0.9749843,-0.9749843,-0.9749843,-0.9749843,-0.9749843,-0.9749843,-0.9749843,-0.9749843,-0.9749843,-0.9749843,-0.9749843,-0.9749843,-0.9749843,-0.9749843,-0.9749843,-0.9749843,-0.9749843,-0.9749843,-0.9749843,-0.9749843,-0.9749843,-0.9749843,-0.9749843,-0.9749843,-0.9749843,-0.9749843,-0.9749843,-0.9749843,-0.9749843,-0.9749843,-0.9749843,-0.9749843,-0.9749843,-0.9749843,-0.9749843,-0.9749843,-0.9749843,-0.9749843,-0.9749843,-0.9749843,-0.9749843,-0.9749843,-0.9749843,-0.9749843,-0.9749843,-0.9749843,-0.9749843,-0.9749843,-0.9749843,-0.9749843,-0.9749843,-0.9749843,-0.9749843,-0.9749843,-0.9749843,-0.9749843,-0.9749843,-0.9749843,-0.9749843,-0.9749843,-0.9749843,-0.9749843,-0.9749843,-0.9749843,-0.9749843,-0.9749843,-0.9749843,-0.9749843,-0.9749843,-0.9749843,-0.9749843,-0.9749843,-0.9749843,-0.9749843,-0.9749843,-0.9749843,-0.9749843,-0.9749843,-0.9749843,-0.9749843,-0.9749843,-0.9749843,-0.9749843,-0.9749843,-0.9749843,-0.9749843,-0.9749843,-0.9749843,-0.9749843,-0.9749843,-0.9749843,-0.9749843,-0.9749843,-0.9749843,-0.9749843,-0.9749843,-0.9749843,-0.9749843,-0.9749843,-0.9749843,-0.9749843,0
0,-0.9749843,-0.9749843,-0.9749843,-0.9749843,-0.9749843,-0.9749843,-0.9749843,-0.9749843,-0.9749843,-0.9749843,-0.9749843,-0.9749843,-0.9749843,-0.9749843,-0.9749843,-0.9749843,-0.9749843,-0.9749843,-0.9749843,-0.9749843,-0.9749843,-0.9749843,-0.9749843,-0.9749843,-0.9749843,-0.9749843,-0.9749843,-0.9749843,-0.9749843,-0.9749843,-0.9749843,-0.9749843,-0.9749843,-0.9749843,-0.9749843,-0.9749843,-0.9749843,-0.9749843,-0.9749843,-0.9749843,-0.9749843,-0.9749843,-0.9749843,-0.9749843,-0.9749843,-0.9749843,-0.9749843,-0.9749843,-0.9749843,-0.9749843,-0.9749843,-0.9749843,-0.9749843,-0.9749843,-0.9749843,-0.9749843,-0.9749843,-0.9749843,-0.9749843,-0.9749843,-0.9749843,-0.9749843,-0.9749843,-0.9749843,-0.9749843,-0.9749843,-0.9749843,-0.9749843,-0.9749843,-0.9749843,-0.9749843,-0.9749843,-0.9749843,-0.9749843,-0.9749843,-0.9749843,-0.9749843,-0.9749843,-0.9749843,-0.9749843,-0.9749843,-0.9749843,-0.9749843,-0.9749843,-0.9749843,-0.9749843,-0.9749843,-0.9749843,-0.9749843,-0.9749843,-0.9749843,-0.9749843,-0.9749843,-0.9749843,-0.9749843,-0.9749843,-0.9749843,-0.9749843,-0.9749843,-0.9749843,-0.9749843,-0.9749843,-0.9749843,-0.9749843,-0.9749843,-0.9749843,-0.9749843,-0.9749843,-0.9749843,-0.9749843,-0.9749843,-0.9749843,-0.9749843,-0.9749843,-0.9749843,-0.9749843,-0.9749843,-0.9749843,-0.9749843,-0.9749843,-0.9749843,-0.9749843,-0.9749843,-0.9749843,-0.9749843,-0.9749843,-0.9749843,-0.9749843,-0.9749843,-0.9749843,-0.9749843,-0.9749843,-0.9749843,-0.9749843,-0.9749843,-0.9749843,-0.9749843,-0.9749843,-0.9749843,-0.9749843,-0.9749843,-0.9749843,-0.9749843,-0.9749843,-0.9749843,-0.9749843,-0.9749843,-0.9749843,-0.9749843,-0.9749843,-0.9749843,-0.9749843,-0.9749843,-0.9749843,-0.9749843,-0.9749843,-0.9749843,-0.9749843,-0.9749843,-0.9749843,-0.9749843,-0.9749843,-0.9749843,-0.9749843,-0.9749843,-0.9749843,-0.9749843,-0.9749843,-0.9749843,-0.9749843,-0.9749843,-0.9749843,-0.9749843,-0.9749843,-0.9749843,-0.9749843,-0.9749843,-0.9749843,-0.9749843,-0.9749843,-0.9749843,-0.9749843,-0.9749843,-0.9749843,-0.9749843,-0.9749843,-0.9749843,-0.9749843,-0.9749843,-0.9749843,-0.9749843,-0.9749843,-0.9749843,-0.9749843,-0.9749843,-0.9749843,0
0,-0.9749843,-0.9749843,-0.9749843,0,0,0,0,0,0,0,0,0,0,0,0,-2.0959072,-2.0959072,-2.0959072,-2.0959072,-2.0959072,-2.0959072,-2.0959072,-2.0959072,-2.0959072,-2.0959072,-2.0959072,-2.0959072,-2.0959072,-2.0959072,-2.0959072,-2.0959072,-2.0959072,-2.0959072,-2.0959072,-2.0959072,-2.0959072,-2.0959072,-2.0959072,-2.0959072,-2.0959072,-2.0959072,-2.0959072,-2.0959072,-2.0959072,-2.0959072,-2.0959072,-2.0959072,-2.0959072,-2.0959072,-2.0959072,-2.0959072,-2.0959072,-2.0959072,-2.0959072,-2.0959072,-2.0959072,-2.0959072,-2.0959072,-2.0959072,-2.0959072,-2.0959072,-2.0959072,-2.0959072,-2.0959072,-2.0959072,-2.0959072,-2.0959072,-2.0959072,-2.0959072,-2.0959072,-2.0959072,-2.0959072,-2.0959072,-2.0959072,-2.0959072,-2.0959072,-2.0959072,-2.0959072,-2.0959072,-2.0959072,-2.0959072,-2.0959072,-2.0959072,-2.0959072,-2.0959072,-2.0959072,-2.0959072,-2.0959072,-2.0959072,-2.0959072,-2.0959072,-2.0959072,-2.0959072,-2.0959072,-2.0959072,-2.0959072,-2.0959072,-2.0959072,-2.0959072,-2.0959072,-2.0959072,-2.0959072,-2.0959072,-2.0959072,-2.0959072,-2.0959072,-2.0959072,-2.0959072,-2.0959072,-2.0959072,-2.0959072,-2.0959072,-2.0959072,-2.0959072,-2.0959072,-2.0959072,-2.0959072,-2.0959072,-2.0959072,-2.0959072,-2.0959072,-2.0959072,-2.0959072,-2.0959072,-2.0959072,-2.0959072,-2.0959072,-2.0959072,-2.0959072,-2.0959072,-2.0959072,-2.0959072,-2.0959072,-2.0959072,-2.0959072,-2.0959072,-2.0959072,-2.0959072,-2.0959072,-2.0959072,-2.0959072,-2.0959072,-2.0959072,-2.0959072,-2.0959072,-2.0959072,-2.0959072,-2.0959072,-2.0959072,-2.0959072,-2.0959072,-2.0959072,-2.0959072,-2.0959072,-2.0959072,-2.0959072,-2.0959072,-2.0959072,-2.0959072,-2.0959072,-2.0959072,-2.0959072,-2.0959072,-2.0959072,-2.0959072,-2.0959072,-2.0959072,-2.0959072,-2.0959072,-2.0959072,-2.0959072,-2.0959072,-2.0959072,-2.0959072,-2.0959072,-2.0959072,-2.0959072,-2.0959072,-2.0959072,-2.0959072,-2.0959072,-2.0959072,-2.0959072,-2.0959072,-2.0959072,-2.0959072,-2.0959072,-2.0959072,-2.0959072,-2.0959072,-2.0959072,-2.0959072,-2.0959072,-2.0959072,-2.0959072,-2.0959072,0
0,-2.0959072,-2.0959072,-2.0959072,-2.0959072,-2.0959072,-2.0959072,-2.0959072,-2.0959072,-2.0959072,-2.0959072,-2.0959072,-2.0959072,-2.0959072,-2.0959072,-2.0959072,-2.0959072,-2.0959072,-2.0959072,-2.0959072,-2.0959072,-2.0959072,-2.0959072,-2.0959072,-2.0959072,-2.0959072,-2.0959072,-2.0959072,-2.0959072,-2.0959072,-2.0959072,-2.0959072,-2.0959072,-2.0959072,-2.0959072,-2.0959072,-2.0959072,-2.0959072,-2.0959072,-2.0959072,-2.0959072,-2.0959072,-2.0959072,-2.0959072,-2.0959072,-2.0959072,-2.0959072,-2.0959072,-2.0959072,-2.0959072,-2.0959072,-2.0959072,-2.0959072,-2.0959072,-2.0959072,-2.0959072,-2.0959072,-2.0959072,-2.0959072,-2.0959072,-2.0959072,-2.0959072,-2.0959072,-2.0959072,-2.0959072,-2.0959072,-2.0959072,-2.0959072,-2.0959072,-2.0959072,-2.0959072,-2.0959072,-2.0959072,-2.0959072,-2.0959072,-2.0959072,-2.0959072,-2.0959072,-2.0959072,-2.0959072,-2.0959072,-2.0959072,-2.0959072,-2.0959072,-2.0959072,-2.0959072,-2.0959072,-2.0959072,-2.0959072,-2.0959072,-2.0959072,-2.0959072,-2.0959072,-2.0959072,-2.0959072,-2.0959072,-2.0959072,-2.0959072,-2.0959072,-2.0959072,-2.0959072,-2.0959072,-2.0959072,-2.0959072,-2.0959072,-2.0959072,-2.0959072,-2.0959072,-2.0959072,-2.0959072,-2.0959072,-2.0959072,-2.0959072,-2.0959072,-2.0959072,-2.0959072,-2.0959072,-2.0959072,-2.0959072,-2.0959072,-2.0959072,-2.0959072,-2.0959072,-2.0959072,-2.0959072,-2.0959072,-2.0959072,-2.0959072,-2.0959072,-2.0959072,-2.0959072,-2.0959072,-2.0959072,-2.0959072,-2.0959072,-2.0959072,-2.0959072,-2.0959072,-2.0959072,-2.0959072,-2.0959072,-2.0959072,-2.0959072,-2.0959072,-2.0959072,-2.0959072,-2.0959072,-2.0959072,-2.0959072,-2.0959072,-2.0959072,-2.0959072,-2.0959072,-2.0959072,-2.0959072,-2.0959072,-2.0959072,-2.0959072,-2.0959072,-2.0959072,-2.0959072,-2.0959072,-2.0959072,-2.0959072,-2.0959072,-2.0959072,-2.0959072,-2.0959072,-2.0959072,-2.0959072,-2.0959072,-2.0959072,-2.0959072,-2.0959072,-2.0959072,-2.0959072,-2.0959072,-2.0959072,-2.0959072,-2.0959072,-2.0959072,-2.0959072,-2.0959072,-2.0959072,-2.0959072,-2.0959072,-2.0959072,-2.0959072,-2.0959072,-2.0959072,-2.0959072,-2.0959072,-2.0959072,-2.0959072,-2.0959072,-2.0959072,-2.0959072,0
0,-2.0959072,-2.0959072,-2.0959072,-2.0959072,-2.0959072,-2.0959072,-2.0959072,-2.0959072,-2.0959072,-2.0959072,-2.0959072,-2.0959072,-2.0959072,-2.0959072,-2.0959072,-2.0959072,-2.0959072,-2.0959072,-2.0959072,-2.0959072,-2.0959072,-2.0959072,-2.0959072,-2.0959072,-2.0959072,-2.0959072,-2.0959072,-2.0959072,-2.0959072,-2.0959072,-2.0959072,-2.0959072,-2.0959072,-2.0959072,-2.0959072,-2.0959072,-2.0959072,-2.0959072,-2.0959072,-2.0959072,-2.0959072,-2.0959072,-2.0959072,-2.0959072,-2.0959072,-2.0959072,-2.0959072,-2.0959072,-2.0959072,-2.0959072,-2.0959072,-2.0959072,-2.0959072,-2.0959072,-2.0959072,-2.0959072,-2.0959072,-2.0959072,-2.0959072,-2.0959072,-2.0959072,-2.0959072,-2.0959072,-2.0959072,-2.0959072,-2.0959072,-2.0959072,-2.0959072,-2.0959072,-2.0959072,-2.0959072,-2.0959072,-2.0959072,-2.0959072,-2.0959072,-2.0959072,-2.0959072,-2.0959072,-2.0959072,-2.0959072,-2.0959072,-2.0959072,-2.0959072,-2.0959072,-2.0959072,-2.0959072,-2.0959072,-2.0959072,-2.0959072,-2.0959072,-2.0959072,-2.0959072,-2.0959072,-2.0959072,-2.0959072,-2.0959072,-2.0959072,-2.0959072,-2.0959072,-2.0959072,-2.0959072,-2.0959072,-2.0959072,-2.0959072,-2.0959072,-2.0959072,-2.0959072,-2.0959072,-2.0959072,-2.0959072,-2.0959072,-2.0959072,-2.0959072,-2.0959072,-2.0959072,-2.0959072,-2.0959072,-2.0959072,-2.0959072,-2.0959072,-2.0959072,-2.0959072,-2.0959072,-2.0959072,-2.0959072,-2.0959072,-2.0959072,-2.0959072,-2.0959072,-2.0959072,-2.0959072,-2.0959072,-2.0959072,-2.0959072,-2.0959072,-2.0959072,-2.0959072,-2.0959072,-2.0959072,-2.0959072,-2.0959072,-2.0959072,-2.0959072,-2.0959072,-2.0959072,-2.0959072,-2.0959072,-2.0959072,-2.0959072,-2.0959072,-2.0959072,-2.0959072,-2.0959072,-2.0959072,-2.0959072,-2.0959072,-2.0959072,-2.0959072,-2.0959072,-2.0959072,-2.0959072,-2.0959072,-2.0959072,-2.0959072,-2.0959072,-2.0959072,-2.0959072,-2.0959072,-2.0959072,-2.0959072,-2.0959072,-2.0959072,-2.0959072,-2.0959072,-2.0959072,-2.0959072,-2.0959072,-2.0959072,-2.0959072,-2.0959072,-2.0959072,-2.0959072,-2.0959072,-2.0959072,-2.0959072,-2.0959072,-2.0959072,-2.0959072,-2.0959072,-2.0959072,-2.0959072,-2.0959072,-2.0959072,-2.0959072,-2.0959072,-2.0959072,0
0,-2.0959072,-2.0959072,-2.0959072,-2.0959072,-2.0959072,-2.0959072,-2.0959072,-2.0959072,-2.0959072,-2.0959072,-2.0959072,-2.0959072,-2.0959072,-2.0959072,-2.0959072,-2.0959072,-2.0959072,-2.0959072,-2.0959072,-2.0959072,-2.0959072,-2.0959072,-2.0959072,-2.0959072,-2.0959072,-2.0959072,-2.0959072,-2.0959072,-2.0959072,-2.0959072,-2.0959072,-2.0959072,-2.0959072,-2.0959072,-2.0959072,-2.0959072,-2.0959072,-2.0959072,-2.0959072,-2.0959072,-2.0959072,-2.0959072,-2.0959072,-2.0959072,-2.0959072,-2.0959072,-2.0959072,-2.0959072,-2.0959072,-2.0959072,-2.0959072,-2.0959072,-2.0959072,-2.0959072,-2.0959072,-2.0959072,-2.0959072,-2.0959072,-2.0959072,-2.0959072,-2.0959072,-2.0959072,-2.0959072,-2.0959072,-2.0959072,-2.0959072,-2.0959072,-2.0959072,-2.0959072,-2.0959072,-2.0959072,-2.0959072,-2.0959072,-2.0959072,-2.0959072,-2.0959072,-2.0959072,-2.0959072,-2.0959072,-2.0959072,-2.0959072,-2.0959072,-2.0959072,-2.0959072,-2.0959072,-2.0959072,-2.0959072,-2.0959072,-2.0959072,-2.0959072,-2.0959072,-2.0959072,-2.0959072,-2.0959072,-2.0959072,-2.0959072,-2.0959072,-2.0959072,-2.0959072,-2.0959072,-2.0959072,-2.0959072,-2.0959072,-2.0959072,-2.0959072,-2.0959072,-2.0959072,-2.0959072,-2.0959072,-2.0959072,-2.0959072,-2.0959072,-2.0959072,-2.0959072,-2.0959072,-2.0959072,-2.0959072,-2.0959072,-2.0959072,-2.0959072,-2.0959072,-2.0959072,-2.0959072,-2.0959072,-2.0959072,-2.0959072,-2.0959072,-2.0959072,-2.0959072,-2.0959072,-2.0959072,-2.0959072,-2.0959072,-2.0959072,-2.0959072,-2.0959072,-2.0959072,-2.0959072,-2.0959072,-2.0959072,-2.0959072,-2.0959072,-2.0959072,-2.0959072,-2.0959072,-2.0959072,-2.0959072,-2.0959072,-2.0959072,-2.0959072,-2.0959072,-2.0959072,-2.0959072,-2.0959072,-2.0959072,-2.0959072,-2.0959072,-2.0959072,-2.0959072,-2.0959072,-2.0959072,-2.0959072,-2.0959072,-2.0959072,-2.0959072,-2.0959072,-2.0959072,-2.0959072,-2.0959072,-2.0959072,-2.0959072,-2.0959072,-2.0959072,-2.0959072,-2.0959072,-2.0959072,-2.0959072,-2.0959072,-2.0959072,-2.0959072,-2.0959072,-2.0959072,-2.0959072,-2.0959072,-2.0959072,-2.0959072,-2.0959072,-2.0959072,-2.0959072,-2.0959072,-2.0959072,-2.0959072,-2.0959072,-2.0959072,-2.0959072,-2.0959072,0
0,-2.0959072,-2.0959072,-2.0959072,-2.0959072,-2.0959072,-2.0959072,-2.0959072,-2.0959072,-2.0959072,-2.0959072,-2.0959072,-2.0959072,-2.0959072,-2.0959072,-2.0959072,-2.0959072,-2.0959072,-2.0959072,-2.0959072,-2.0959072,-2.0959072,-2.0959072,-2.0959072,-2.0959072,-2.0959072,-2.0959072,-2.0959072,-2.0959072,-2.0959072,-2.0959072,-2.0959072,-2.0959072,-2.0959072,-2.0959072,-2.0959072,-2.0959072,-2.0959072,-2.0959072,-2.0959072,-2.0959072,-2.0959072,-2.0959072,-2.0959072,-2.0959072,-2.0959072,-2.0959072,-2.0959072,-2.0959072,-2.0959072,-2.0959072,-2.0959072,-2.0959072,-2.0959072,-2.0959072,-2.0959072,-2.0959072,-2.0959072,-2.0959072,-2.0959072,-2.0959072,-2.0959072,-2.0959072,-2.0959072,-2.0959072,-2.0959072,-2.0959072,-2.0959072,-2.0959072,-2.0959072,-2.0959072,-2.0959072,-2.0959072,-2.0959072,-2.0959072,-2.0959072,-2.0959072,-2.0959072,-2.0959072,-2.0959072,-2.0959072,-2.0959072,-2.0959072,-2.0959072,-2.0959072,-2.0959072,-2.0959072,-2.0959072,-2.0959072,-2.0959072,-2.0959072,-2.0959072,-2.0959072,-2.0959072,-2.0959072,-2.0959072,-2.0959072,-2.0959072,-2.0959072,-2.0959072,-2.0959072,-2.0959072,-2.0959072,-2.0959072,-2.0959072,-2.0959072,-2.0959072,-2.0959072,-2.0959072,-2.0959072,-2.0959072,-2.0959072,-2.0959072,-2.0959072,-2.0959072,-2.0959072,-2.0959072,-2.0959072,-2.0959072,-2.0959072,-2.0959072,-2.0959072,-2.0959072,-2.0959072,-2.0959072,-2.0959072,-2.0959072,-2.0959072,-2.0959072,-2.0959072,-2.0959072,-2.0959072,-2.0959072,-2.0959072,-2.0959072,-2.0959072,-2.0959072,-2.0959072,-2.0959072,-2.0959072,-2.0959072,-2.0959072,-2.0959072,-2.0959072,-2.0959072,-2.0959072,-2.0959072,-2.0959072,-2.0959072,-2.0959072,-2.0959072,-2.0959072,-2.0959072,-2.0959072,-2.0959072,-2.0959072,-2.0959072,-2.0959072,-2.0959072,-2.0959072,-2.0959072,-2.0959072,-2.0959072,-2.0959072,-2.0959072,-2.0959072,-2.0959072,-2.0959072,-2.0959072,-2.0959072,-2.0959072,-2.0959072,-2.0959072,-2.0959072,-2.0959072,-2.0959072,-2.0959072,-2.0959072,-2.0959072,-2.0959072,-2.0959072,-2.0959072,-2.0959072,-2.0959072,-2.0959072,-2.0959072,-2.0959072,-2.0959072,-2.0959072,-2.0959072,-2.0959072,-2.0959072,-2.0959072,-2.0959072,-2.0959072,-2.0959072,-2.0959072,0
0,-2.0959072,-2.0959072,-2.0959072,-2.0959072,-2.0959072,-2.0959072,-2.0959072,-2.0959072,-2.0959072,-2.0959072,-2.0959072,-2.0959072,-2.0959072,-2.0959072,-2.0959072,-2.0959072,-2.0959072,-2.0959072,-2.0959072,-2.0959072,-2.0959072,-2.0959072,-2.0959072,-2.0959072,-2.0959072,-2.0959072,-2.0959072,-2.0959072,-2.0959072,-2.0959072,-2.0959072,-2.0959072,-2.0959072,-2.0959072,-2.0959072,-2.0959072,-2.0959072,-2.0959072,-2.0959072,-2.0959072,-2.0959072,-2.0959072,-2.0959072,-2.0959072,-2.0959072,-2.0959072,-2.0959072,-2.0959072,-2.0959072,-2.0959072,-2.0959072,-2.0959072,-2.0959072,-2.0959072,-2.0959072,-2.0959072,-2.0959072,-2.0959072,-2.0959072,-2.0959072,-2.0959072,-2.0959072,-2.0959072,-2.0959072,-2.0959072,-2.0959072,-2.0959072,-2.0959072,-2.0959072,-2.0959072,-2.0959072,-2.0959072,-2.0959072,-2.0959072,-2.0959072,-2.0959072,-2.0959072,-2.0959072,-2.0959072,-2.0959072,-2.0959072,-2.0959072,-2.0959072,-2.0959072,-2.0959072,-2.0959072,-2.0959072,-2.0959072,-2.0959072,-2.0959072,-2.0959072,-2.0959072,-2.0959072,-2.0959072,-2.0959072,-2.0959072,-2.0959072,-2.0959072,-2.0959072,-2.0959072,-2.0959072,-2.0959072,-2.0959072,-2.0959072,-2.0959072,-2.0959072,-2.0959072,-2.0959072,-2.0959072,-2.0959072,-2.0959072,-2.0959072,-2.0959072,-2.0959072,-2.0959072,-2.0959072,-2.0959072,-2.0959072,-2.0959072,-2.0959072,-2.0959072,-2.0959072,-2.0959072,-2.0959072,-2.0959072,-2.0959072,-2.0959072,-2.0959072,-2.0959072,-2.0959072,-2.0959072,-2.0959072,-2.0959072,-2.0959072,-2.0959072,-2.0959072,-2.0959072,-2.0959072,-2.0959072,-2.0959072,-2.0959072,-2.0959072,-2.0959072,-2.0959072,-2.0959072,-2.0959072,-2.0959072,-2.0959072,-2.0959072,-2.0959072,-2.0959072,-2.0959072,-2.0959072,-2.0959072,-2.0959072,-2.0959072,-2.0959072,-2.0959072,-2.0959072,-2.0959072,-2.0959072,-2.0959072,-2.0959072,-2.0959072,-2.0959072,-2.0959072,-2.0959072,-2.0959072,-2.0959072,-2.0959072,-2.0959072,-2.0959072,-2.0959072,-2.0959072,-2.0959072,-2.0959072,-2.0959072,-2.0959072,-2.0959072,-2.0959072,-2.0959072,-2.0959072,-2.0959072,-2.0959072,-2.0959072,-2.0959072,-2.0959072,-2.0959072,-2.0959072,-2.0959072,-2.0959072,-2.0959072,-2.0959072,-2.0959072,-2.0959072,-2.0959072,0
0,-2.0959072,-2.0959072,-2.0959072,-2.0959072,-2.0959072,-2.0959072,-2.0959072,-2.0959072,-2.0959072,-2.0959072,-2.0959072,-2.0959072,-2.0959072,-2.0959072,-2.0959072,-2.0959072,-2.0959072,-2.0959072,-2.0959072,-2.0959072,-2.0959072,-2.0959072,-2.0959072,-2.0959072,-2.0959072,-2.0959072,-2.0959072,-2.0959072,-2.0959072,-2.0959072,-2.0959072,-2.0959072,-2.0959072,-2.0959072,-2.0959072,-2.0959072,-2.0959072,-2.0959072,-2.0959072,-2.0959072,-2.0959072,-2.0959072,-2.0959072,-2.0959072,-2.0959072,-2.0959072,-2.0959072,-2.0959072,-2.0959072,-2.0959072,-2.0959072,-2.0959072,-2.0959072,-2.0959072,-2.0959072,-2.0959072,-2.0959072,-2.0959072,-2.0959072,-2.0959072,-2.0959072,-2.0959072,-2.0959072,-2.0959072,-2.0959072,-2.0959072,-2.0959072,-2.0959072,-2.0959072,-2.0959072,-2.0959072,-2.0959072,-2.0959072,-2.0959072,-2.0959072,-2.0959072,-2.0959072,-2.0959072,-2.0959072,-2.0959072,-2.0959072,-2.0959072,-2.0959072,-2.0959072,-2.0959072,-2.0959072,-2.0959072,-2.0959072,-2.0959072,-2.0959072,-2.0959072,-2.0959072,-2.0959072,-2.0959072,-2.0959072,-2.0959072,-2.0959072,-2.0959072,-2.0959072,-2.0959072,-2.0959072,-2.0959072,-2.0959072,-2.0959072,-2.0959072,-2.0959072,-2.0959072,-2.0959072,-2.0959072,-2.0959072,-2.0959072,-2.0959072,-2.0959072,-2.0959072,-2.0959072,-2.0959072,-2.0959072,-2.0959072,-2.0959072,-2.0959072,-2.0959072,-2.0959072,-2.0959072,-2.0959072,-2.0959072,-2.0959072,-2.0959072,-2.0959072,-2.0959072,-2.0959072,-2.0959072,-2.0959072,-2.0959072,-2.0959072,-2.0959072,-2.0959072,-2.0959072,-2.0959072,-2.0959072,-2.0959072,-2.0959072,-2.0959072,-2.0959072,-2.0959072,-2.0959072,-2.0959072,-2.0959072,-2.0959072,-2.0959072,-2.0959072,-2.0959072,-2.0959072,-2.0959072,-2.0959072,-2.0959072,-2.0959072,-2.0959072,-2.0959072,-2.0959072,-2.0959072,-2.0959072,-2.0959072,-2.0959072,-2.0959072,-2.0959072,-2.0959072,-2.0959072,-2.0959072,-2.0959072,-2.0959072,-2.0959072,-2.0959072,-2.0959072,-2.0959072,-2.0959072,-2.0959072,-2.0959072,-2.0959072,-2.0959072,-2.0959072,-2.0959072,-2.0959072,-2.0959072,-2.0959072,-2.0959072,-2.0959072,-2.0959072,-2.0959072,-2.0959072,-2.0959072,-2.0959072,-2.0959072,-2.0959072,-2.0959072,-2.0959072,-2.0959072,0
0,-2.0959072,-2.0959072,-2.0959072,-2.0959072,-2.0959072,-2.0959072,-2.0959072,-2.0959072,-2.0959072,-2.0959072,-2.0959072,-2.0959072,-2.0959072,-2.0959072,-2.0959072,-2.0959072,-2.0959072,-2.0959072,-2.0959072,-2.0959072,-2.0959072,-2.0959072,-2.0959072,-2.0959072,-2.0959072,-2.0959072,-2.0959072,-2.0959072,-2.0959072,-2.0959072,-2.0959072,-2.0959072,-2.0959072,-2.0959072,-2.0959072,-2.0959072,-2.0959072,-2.0959072,-2.0959072,-2.0959072,-2.0959072,-2.0959072,-2.0959072,-2.0959072,-2.0959072,-2.0959072,-2.0959072,-2.0959072,-2.0959072,-2.0959072,-2.0959072,-2.0959072,-2.0959072,-2.0959072,-2.0959072,-2.0959072,-2.0959072,-2.0959072,-2.0959072,-2.0959072,-2.0959072,-2.0959072,-2.0959072,-2.0959072,-2.0959072,-2.0959072,-2.0959072,-2.0959072,-2.0959072,-2.0959072,-2.0959072,-2.0959072,-2.0959072,-2.0959072,-2.0959072,-2.0959072,-2.0959072,-2.0959072,-2.0959072,-2.0959072,-2.0959072,-2.0959072,-2.0959072,-2.0959072,-2.0959072,-2.0959072,-2.0959072,-2.0959072,-2.0959072,-2.0959072,-2.0959072,-2.0959072,-2.0959072,-2.0959072,-2.0959072,-2.0959072,-2.0959072,-2.0959072,-2.0959072,-2.0959072,-2.0959072,-2.0959072,-2.0959072,-2.0959072,-2.0959072,-2.0959072,-2.0959072,-2.0959072,-2.0959072,-2.0959072,-2.0959072,-2.0959072,-2.0959072,-2.0959072,-2.0959072,-2.0959072,-2.0959072,-2.0959072,-2.0959072,-2.0959072,-2.0959072,-2.0959072,-2.0959072,-2.0959072,-2.0959072,-2.0959072,-2.0959072,-2.0959072,-2.0959072,-2.0959072,-2.0959072,-2.0959072,-2.0959072,-2.0959072,-2.0959072,-2.0959072,-2.0959072,-2.0959072,-2.0959072,-2.0959072,-2.0959072,-2.0959072,-2.0959072,-2.0959072,-2.0959072,-2.0959072,-2.0959072,-2.0959072,-2.0959072,-2.0959072,-2.0959072,-2.0959072,-2.0959072,-2.0959072,-2.0959072,-2.0959072,-2.0959072,-2.0959072,-2.0959072,-2.0959072,-2.0959072,-2.0959072,-2.0959072,-2.0959072,-2.0959072,-2.0959072,-2.0959072,-2.0959072,-2.0959072,-2.0959072,-2.0959072,-2.0959072,-2.0959072,-2.0959072,-2.0959072,-2.0959072,-2.0959072,-2.0959072,-2.0959072,-2.0959072,-2.0959072,-2.0959072,-2.0959072,-2.0959072,-2.0959072,-2.0959072,-2.0959072,-2.0959072,-2.0959072,-2.0959072,-2.0959072,-2.0959072,-2.0959072,-2.0959072,-2.0959072,-2.0959072,0
0,-2.0959072,-2.0959072,-2.0959072,-2.0959072,-2.0959072,-2.0959072,-2.0959072,-2.0959072,-2.0959072,-2.0959072,-2.0959072,-2.0959072,-2.0959072,-2.0959072,-2.0959072,-2.0959072,-2.0959072,-2.0959072,-2.0959072,-2.0959072,-2.0959072,-2.0959072,-2.0959072,-2.0959072,-2.0959072,-2.0959072,-2.0959072,-2.0959072,-2.0959072,-2.0959072,-2.0959072,-2.0959072,-2.0959072,-2.0959072,-2.0959072,-2.0959072,-2.0959072,-2.0959072,-2.0959072,-2.0959072,-2.0959072,-2.0959072,-2.0959072,-2.0959072,-2.0959072,-2.0959072,-2.0959072,-2.0959072,-2.0959072,-2.0959072,-2.0959072,-2.0959072,-2.0959072,-2.0959072,-2.0959072,-2.0959072,-2.0959072,-2.0959072,-2.0959072,-2.0959072,-2.0959072,-2.0959072,-2.0959072,-2.0959072,-2.0959072,-2.0959072,-2.0959072,-2.0959072,-2.0959072,-2.0959072,-2.0959072,-2.0959072,-2.0959072,-2.0959072,-2.0959072,-2.0959072,-2.0959072,-2.0959072,-2.0959072,-2.0959072,-2.0959072,-2.0959072,-2.0959072,-2.0959072,-2.0959072,-2.0959072,-2.0959072,-2.0959072,-2.0959072,-2.0959072,-2.0959072,-2.0959072,-2.0959072,-2.0959072,-2.0959072,-2.0959072,-2.0959072,-2.0959072,-2.0959072,-2.0959072,-2.0959072,-2.0959072,-2.0959072,-2.0959072,-2.0959072,-2.0959072,-2.0959072,-2.0959072,-2.0959072,-2.0959072,-2.0959072,-2.0959072,-2.0959072,-2.0959072,-2.0959072,-2.0959072,-2.0959072,-2.0959072,-2.0959072,-2.0959072,-2.0959072,-2.0959072,-2.0959072,-2.0959072,-2.0959072,-2.0959072,-2.0959072,-2.0959072,-2.0959072,-2.0959072,-2.0959072,-2.0959072,-2.0959072,-2.0959072,-2.0959072,-2.0959072,-2.0959072,-2.0959072,-2.0959072,-2.0959072,-2.0959072,-2.0959072,-2.0959072,-2.0959072,-2.0959072,-2.0959072,-2.0959072,-2.0959072,-2.0959072,-2.0959072,-2.0959072,-2.0959072,-2.0959072,-2.0959072,-2.0959072,-2.0959072,-2.0959072,-2.0959072,-2.0959072,-2.0959072,-2.0959072,-2.0959072,-2.0959072,-2.0959072,-2.0959072,-2.0959072,-2.0959072,-2.0959072,-2.0959072,-2.0959072,-2.0959072,-2.0959072,-2.0959072,-2.0959072,-2.0959072,-2.0959072,-2.0959072,-2.0959072,-2.0959072,-2.0959072,-2.0959072,-2.0959072,-2.0959072,-2.0959072,-2.0959072,-2.0959072,-2.0959072,-2.0959072,-2.0959072,-2.0959072,-2.0959072,-2.0959072,-2.0959072,-2.0959072,-2.0959072,-2.0959072,0
0,-2.0959072,-2.0959072,-2.0959072,-2.0959072,-2.0959072,-2.0959072,-2.0959072,-2.0959072,-2.0959072,-2.0959072,-2.0959072,-2.0959072,-2.0959072,-2.0959072,-2.0959072,-2.0959072,-2.0959072,-2.0959072,-2.0959072,-2.0959072,-2.0959072,-2.0959072,-2.0959072,-2.0959072,-2.0959072,-2.0959072,-2.0959072,-2.0959072,-2.0959072,-2.0959072,-2.0959072,-2.0959072,-2.0959072,-2.0959072,-2.0959072,-2.0959072,-2.0959072,-2.0959072,-2.0959072,-2.0959072,-2.0959072,-2.0959072,-2.0959072,-2.0959072,-2.0959072,-2.0959072,-2.0959072,-2.0959072,-2.0959072,-2.0959072,-2.0959072,-2.0959072,-2.0959072,-2.0959072,-2.0959072,-2.0959072,-2.0959072,-2.0959072,-2.0959072,-2.0959072,-2.0959072,-2.0959072,-2.0959072,-2.0959072,-2.0959072,-2.0959072,-2.0959072,-2.0959072,-2.0959072,-2.0959072,-2.0959072,-2.0959072,-2.0959072,-2.0959072,-2.0959072,-2.0959072,-2.0959072,-2.0959072,-2.0959072,-2.0959072,-2.0959072,-2.0959072,-2.0959072,-2.0959072,-2.0959072,-2.0959072,-2.0959072,-2.0959072,-2.0959072,-2.0959072,-2.0959072,-2.0959072,-2.0959072,-2.0959072,-2.0959072,-2.0959072,-2.0959072,-2.0959072,-2.0959072,-2.0959072,-2.0959072,-2.0959072,-2.0959072,-2.0959072,-2.0959072,-2.0959072,-2.0959072,-2.0959072,-2.0959072,-2.0959072,-2.0959072,-2.0959072,0,0,0,0,0,0,0,0,0,0,0,0,0,0,0,0,0,0,0,0,0,0,0,0,0,0,0,0,0,0,0,0,0,0,0,0,0,0,0,0,0,0,0,0,0,0,0,0,0,0,0,0,0,0,0,0,0,0,0,0,0,0,0,0,0,0,0,0,0,0,0,0,0,0,0,0,0,0,0,0,0,0,0,0,0
0,0,0,0,0,0,0,0,0,0,0,0,0,0,0,0,0,0,0,0,0,0,0,0,0,0,0,0,0,0,0,0,0,0,0,0,0,0,0,0,0,0,0,0,0,0,0,0,0,0,0,0,0,0,0,0,0,0,0,0,0,0,0,0,0,0,0,0,0,0,0,0,0,0,0,0,0,0,0,0,0,0,0,0,0,0,0,0,0,0,0,0,0,0,0,0,0,0,0,0,0,0,0,0,0,0,0,0,0,0,0,0,0,0,0,0,0,0,0,0,0,0,0,0,0,0,0,0,0,0,0,0,0,0,0,0,0,0,0,0,0,0,0,0,0,0,0,0,0,0,0,0,0,0,0,0,0,0,0,0,0,0,0,0,0,0,0,0,0,0,0,0,0,0,0,0,0,0,0,0,0,0,0,0,0,0,0,0,0,0,0,0,0,0,0,0,0,0
0,0,0,0,0,0,0,0,0,0,0,0,0,0,0,0,0,0,0,0,0,0,0,0,0,0,0,0,0,0,0,0,0,0,0,0,0,0,0,0,0,0,0,0,0,0,0,0,0,0,0,0,0,0,0,0,0,0,0,0,0,0,0,0,0,0,0,0,0,0,0,0,0,0,0,0,0,0,0,0,0,0,0,0,0,0,0,0,0,0,0,0,0,0,0,0,0,0,0,0,0,0,0,0,0,0,0,0,0,0,0,0,0,0,0,0,0,0,0,0,0,0,0,0,0,0,0,0,0,0,0,0,0,0,0,0,0,0,0,0,0,0,0,0,0,0,0,0,0,0,0,0,0,0,0,0,0,0,0,0,0,0,0,0,0,0,0,0,0,0,0,0,0,0,0,0,0,0,0,0,0,0,0,0,0,0,0,0,0,0,0,0,0,0,0,0,0,0
0,0,0,0,0,0,0,0,0,0,0,0,0,0,0,0,0,0,0,0,0,0,0,0,0,0,0,0,0,0,0,0,0,0,0,0,0,0,0,0,0,0,0,0,0,0,0,0,0,0,0,0,0,0,0,0,0,0,0,0,0,0,0,0,0,0,0,0,0,0,0,0,0,0,0,0,0,0,0,0,0,0,0,0,0,0,0,0,0,0,0,0,0,0,0,0,0,0,0,0,0,0,0,0,0,0,0,0,0,0,0,0,0,0,0,0,0,0,0,0,0,0,0,0,0,0,0,0,0,0,0,0,0,0,0,0,0,0,0,0,0,0,0,0,0,0,0,0,0,0,0,0,0,0,0,0,0,0,0,0,0,0,0,0,0,0,0,0,0,0,0,0,0,0,0,0,0,0,0,0,0,0,0,0,0,0,0,0,0,0,0,0,0,0,0,0,0,0
0,0,0,0,0,0,0,0,0,0,0,0,0,0,0,0,0,0,0,0,0,0,0,0,0,0,0,0,0,0,0,0,0,0,0,0,0,0,0,0,0,0,0,0,0,0,0,0,0,0,0,0,0,0,0,0,0,0,0,0,0,0,0,0,0,0,0,0,0,0,0,0,0,0,0,0,0,0,0,0,0,0,0,0,0,0,0,0,0,0,0,0,0,0,0,0,0,0,0,0,0,0,0,0,0,0,0,0,0,0,0,0,0,0,0,0,0,0,0,0,0,0,0,0,0,0,0,0,0,0,0,0,0,0,0,0,0,0,0,0,0,0,0,0,0,0,0,0,0,0,0,0,0,0,0,0,0,0,0,0,0,0,0,0,0,0,0,0,0,0,0,0,0,0,0,0,0,0,0,0,0,0,0,0,0,0,0,0,0,0,0,0,0,0,0,0,0,0
0,0,0,0,0,0,0,0,0,0,0,0,0,0,0,0,0,0,0,0,0,0,0,0,0,0,0,0,0,0,0,0,0,0,0,0,0,0,0,0,0,0,0,0,0,0,0,0,0,0,0,0,0,0,0,0,0,0,0,0,0,0,0,0,0,0,0,0,0,-1.892565,-1.892565,-1.892565,-1.892565,-1.892565,-1.892565,-1.892565,-1.892565,-1.892565,-1.892565,-1.892565,-1.892565,-1.892565,-1.892565,-1.892565,-1.892565,-1.892565,-1.892565,-1.892565,-1.892565,-1.892565,-1.892565,-1.892565,-1.892565,-1.892565,-1.892565,-1.892565,-1.892565,-1.892565,-1.892565,-1.892565,-1.892565,-1.892565,-1.892565,-1.892565,-1.892565,-1.892565,-1.892565,-1.892565,-1.892565,-1.892565,-1.892565,-1.892565,-1.892565,-1.892565,-1.892565,-1.892565,-1.892565,-1.892565,-1.892565,-1.892565,-1.892565,-1.892565,-1.892565,-1.892565,-1.892565,-1.892565,-1.892565,-1.892565,-1.892565,-1.892565,-1.892565,-1.892565,-1.892565,-1.892565,-1.892565,-1.892565,-1.892565,-1.892565,-1.892565,-1.892565,-1.892565,-1.892565,-1.892565,-1.892565,-1.892565,-1.892565,-1.892565,-1.892565,-1.892565,-1.892565,-1.892565,-1.892565,-1.892565,-1.892565,-1.892565,-1.892565,-1.892565,-1.892565,-1.892565,-1.892565,-1.892565,-1.892565,-1.892565,-1.892565,-1.892565,-1.892565,-1.892565,-1.892565,-1.892565,-1.892565,-1.892565,-1.892565,-1.892565,-1.892565,-1.892565,-1.892565,-1.892565,-1.892565,-1.892565,-1.892565,-1.892565,-1.892565,-1.892565,-1.892565,-1.892565,-1.892565,-1.892565,-1.892565,-1.892565,-1.892565,-1.892565,-1.892565,-1.892565,-1.892565,-1.892565,-1.892565,-1.892565,0
0,-1.892565,-1.892565,-1.892565,-1.892565,-1.892565,-1.892565,-1.892565,-1.892565,-1.892565,-1.892565,-1.892565,-1.892565,-1.892565,-1.892565,-1.892565,-1.892565,-1.892565,-1.892565,-1.892565,-1.892565,-1.892565,-1.892565,-1.892565,-1.892565,-1.892565,-1.892565,-1.892565,-1.892565,-1.892565,-1.892565,-1.892565,-1.892565,-1.892565,-1.892565,-1.892565,-1.892565,-1.892565,-1.892565,-1.892565,-1.892565,-1.892565,-1.892565,-1.892565,-1.892565,-1.892565,-1.892565,-1.892565,-1.892565,-1.892565,-1.892565,-1.892565,-1.892565,-1.892565,-1.892565,-1.892565,-1.892565,-1.892565,-1.892565,-1.892565,-1.892565,-1.892565,-1.892565,-1.892565,-1.892565,-1.892565,-1.892565,-1.892565,-1.892565,-1.892565,-1.892565,-1.892565,-1.892565,-1.892565,-1.892565,-1.892565,-1.892565,-1.892565,-1.892565,-1.892565,-1.892565,-1.892565,-1.892565,-1.892565,-1.892565,-1.892565,-1.892565,-1.892565,-1.892565,-1.892565,-1.892565,-1.892565,-1.892565,-1.892565,-1.892565,-1.892565,-1.892565,-1.892565,-1.892565,-1.892565,-1.892565,-1.892565,-1.892565,-1.892565,-1.892565,-1.892565,-1.892565,-1.892565,-1.892565,-1.892565,-1.892565,-1.892565,-1.892565,-1.892565,-1.892565,-1.892565,-1.892565,-1.892565,-1.892565,-1.892565,-1.892565,-1.892565,-1.892565,-1.892565,-1.892565,-1.892565,-1.892565,-1.892565,-1.892565,-1.892565,-1.892565,-1.892565,-1.892565,-1.892565,-1.892565,-1.892565,-1.892565,-1.892565,-1.892565,-1.892565,-1.892565,-1.892565,-1.892565,-1.892565,-1.892565,-1.892565,-1.892565,-1.892565,-1.892565,-1.892565,-1.892565,-1.892565,-1.892565,-1.892565,-1.892565,-1.892565,-1.892565,-1.892565,-1.892565,-1.892565,-1.892565,-1.892565,-1.892565,-1.892565,-1.892565,-1.892565,-1.892565,-1.892565,-1.892565,-1.892565,-1.892565,-1.892565,-1.892565,-1.892565,-1.892565,-1.892565,-1.892565,-1.892565,-1.892565,-1.892565,-1.892565,-1.892565,-1.892565,-1.892565,-1.892565,-1.892565,-1.892565,-1.892565,-1.892565,-1.892565,-1.892565,-1.892565,-1.892565,-1.892565,-1.892565,-1.892565,-1.892565,0
0,-1.892565,-1.892565,-1.892565,-1.892565,-1.892565,-1.892565,-1.892565,-1.892565,-1.892565,-1.892565,-1.892565,-1.892565,-1.892565,-1.892565,-1.892565,-1.892565,-1.892565,-1.892565,-1.892565,-1.892565,-1.892565,-1.892565,-1.892565,-1.892565,-1.892565,-1.892565,-1.892565,-1.892565,-1.892565,-1.892565,-1.892565,-1.892565,-1.892565,-1.892565,-1.892565,-1.892565,-1.892565,-1.892565,-1.892565,-1.892565,-1.892565,-1.892565,-1.892565,-1.892565,-1.892565,-1.892565,-1.892565,-1.892565,-1.892565,-1.892565,-1.892565,-1.892565,-1.892565,-1.892565,-1.892565,-1.892565,-1.892565,-1.892565,-1.892565,-1.892565,-1.892565,-1.892565,-1.892565,-1.892565,-1.892565,-1.892565,-1.892565,-1.892565,-1.892565,-1.892565,-1.892565,-1.892565,-1.892565,-1.892565,-1.892565,-1.892565,-1.892565,-1.892565,-1.892565,-1.892565,-1.892565,-1.892565,-1.892565,-1.892565,-1.892565,-1.892565,-1.892565,-1.892565,-1.892565,-1.892565,-1.892565,-1.892565,-1.892565,-1.892565,-1.892565,-1.892565,-1.892565,-1.892565,-1.892565,-1.892565,-1.892565,-1.892565,-1.892565,-1.892565,-1.892565,-1.892565,-1.892565,-1.892565,-1.892565,-1.892565,-1.892565,-1.892565,-1.892565,-1.892565,-1.892565,-1.892565,-1.892565,-1.892565,-1.892565,-1.892565,-1.892565,-1.892565,-1.892565,-1.892565,-1.892565,-1.892565,-1.892565,-1.892565,-1.892565,-1.892565,-1.892565,-1.892565,-1.892565,-1.892565,-1.892565,-1.892565,-1.892565,-1.892565,-1.892565,-1.892565,-1.892565,-1.892565,-1.892565,-1.892565,-1.892565,-1.892565,-1.892565,-1.892565,-1.892565,-1.892565,-1.892565,-1.892565,-1.892565,-1.892565,-1.892565,-1.892565,-1.892565,-1.892565,-1.892565,-1.892565,-1.892565,-1.892565,-1.892565,-1.892565,-1.892565,-1.892565,-1.892565,-1.892565,-1.892565,-1.892565,-1.892565,-1.892565,-1.892565,-1.892565,-1.892565,-1.892565,-1.892565,-1.892565,-1.892565,-1.892565,-1.892565,-1.892565,-1.892565,-1.892565,-1.892565,-1.892565,-1.892565,-1.892565,-1.892565,-1.892565,-1.892565,-1.892565,-1.892565,-1.892565,-1.892565,-1.892565,0
0,-1.892565,-1.892565,-1.892565,-1.892565,-1.892565,-1.892565,-1.892565,-1.892565,-1.892565,-1.892565,-1.892565,-1.892565,-1.892565,-1.892565,-1.892565,-1.892565,-1.892565,-1.892565,-1.892565,-1.892565,-1.892565,-1.892565,-1.892565,-1.892565,-1.892565,-1.892565,-1.892565,-1.892565,-1.892565,-1.892565,-1.892565,-1.892565,-1.892565,-1.892565,-1.892565,-1.892565,-1.892565,-1.892565,-1.892565,-1.892565,-1.892565,-1.892565,-1.892565,-1.892565,-1.892565,-1.892565,-1.892565,-1.892565,-1.892565,-1.892565,-1.892565,-1.892565,-1.892565,-1.892565,-1.892565,-1.892565,-1.892565,-1.892565,-1.892565,-1.892565,-1.892565,-1.892565,-1.892565,-1.892565,-1.892565,-1.892565,-1.892565,-1.892565,-1.892565,-1.892565,-1.892565,-1.892565,-1.892565,-1.892565,-1.892565,-1.892565,-1.892565,-1.892565,-1.892565,-1.892565,-1.892565,-1.892565,-1.892565,-1.892565,-1.892565,-1.892565,-1.892565,-1.892565,-1.892565,-1.892565,-1.892565,-1.892565,-1.892565,-1.892565,-1.892565,-1.892565,-1.892565,-1.892565,-1.892565,-1.892565,-1.892565,-1.892565,-1.892565,-1.892565,-1.892565,-1.892565,-1.892565,-1.892565,-1.892565,-1.892565,-1.892565,-1.892565,-1.892565,-1.892565,-1.892565,-1.892565,-1.892565,-1.892565,-1.892565,-1.892565,-1.892565,-1.892565,-1.892565,-1.892565,-1.892565,-1.892565,-1.892565,-1.892565,-1.892565,-1.892565,-1.892565,-1.892565,-1.892565,-1.892565,-1.892565,-1.892565,-1.892565,-1.892565,-1.892565,-1.892565,-1.892565,-1.892565,-1.892565,-1.892565,-1.892565,-1.892565,-1.892565,-1.892565,-1.892565,-1.892565,-1.892565,-1.892565,-1.892565,-1.892565,-1.892565,-1.892565,-1.892565,-1.892565,-1.892565,-1.892565,-1.892565,-1.892565,-1.892565,-1.892565,-1.892565,-1.892565,-1.892565,-1.892565,-1.892565,-1.892565,-1.892565,-1.892565,-1.892565,-1.892565,-1.892565,-1.892565,-1.892565,-1.892565,-1.892565,-1.892565,-1.892565,-1.892565,-1.892565,-1.892565,-1.892565,-1.892565,-1.892565,-1.892565,-1.892565,-1.892565,-1.892565,-1.892565,-1.892565,-1.892565,-1.892565,-1.892565,0
0,-1.892565,-1.892565,-1.892565,-1.892565,-1.892565,-1.892565,-1.892565,-1.892565,-1.892565,-1.892565,-1.892565,-1.892565,-1.892565,-1.892565,-1.892565,-1.892565,-1.892565,-1.892565,-1.892565,-1.892565,-1.892565,-1.892565,-1.892565,-1.892565,-1.892565,-1.892565,-1.892565,-1.892565,-1.892565,-1.892565,-1.892565,-1.892565,-1.892565,-1.892565,-1.892565,-1.892565,-1.892565,-1.892565,-1.892565,-1.892565,-1.892565,-1.892565,-1.892565,-1.892565,-1.892565,-1.892565,-1.892565,-1.892565,-1.892565,-1.892565,-1.892565,-1.892565,-1.892565,-1.892565,-1.892565,-1.892565,-1.892565,-1.892565,-1.892565,-1.892565,-1.892565,-1.892565,-1.892565,-1.892565,-1.892565,-1.892565,-1.892565,-1.892565,-1.892565,-1.892565,-1.892565,-1.892565,-1.892565,-1.892565,-1.892565,-1.892565,-1.892565,-1.892565,-1.892565,-1.892565,-1.892565,-1.892565,-1.892565,-1.892565,-1.892565,-1.892565,-1.892565,-1.892565,-1.892565,-1.892565,-1.892565,-1.892565,-1.892565,-1.892565,-1.892565,-1.892565,-1.892565,-1.892565,-1.892565,-1.892565,-1.892565,-1.892565,-1.892565,-1.892565,-1.892565,-1.892565,-1.892565,-1.892565,-1.892565,-1.892565,-1.892565,-1.892565,-1.892565,-1.892565,-1.892565,-1.892565,-1.892565,-1.892565,-1.892565,-1.892565,-1.892565,-1.892565,-1.892565,-1.892565,-1.892565,-1.892565,-1.892565,-1.892565,-1.892565,-1.892565,-1.892565,-1.892565,-1.892565,-1.892565,-1.892565,-1.892565,-1.892565,-1.892565,-1.892565,-1.892565,-1.892565,-1.892565,-1.892565,-1.892565,-1.892565,-1.892565,-1.892565,-1.892565,-1.892565,-1.892565,-1.892565,-1.892565,-1.892565,-1.892565,-1.892565,-1.892565,-1.892565,-1.892565,-1.892565,-1.892565,-1.892565,-1.892565,-1.892565,-1.892565,-1.892565,-1.892565,-1.892565,-1.892565,-1.892565,-1.892565,-1.892565,-1.892565,-1.892565,-1.892565,-1.892565,-1.892565,-1.892565,-1.892565,-1.892565,-1.892565,-1.892565,-1.892565,-1.892565,-1.892565,-1.892565,-1.892565,-1.892565,-1.892565,-1.892565,-1.892565,-1.892565,-1.892565,-1.892565,-1.892565,-1.892565,-1.892565,0
0,-1.892565,-1.892565,-1.892565,-1.892565,-1.892565,-1.892565,-1.892565,-1.892565,-1.892565,-1.892565,-1.892565,-1.892565,-1.892565,-1.892565,-1.892565,-1.892565,-1.892565,-1.892565,-1.892565,-1.892565,-1.892565,-1.892565,-1.892565,-1.892565,-1.892565,-1.892565,-1.892565,-1.892565,-1.892565,-1.892565,-1.892565,-1.892565,-1.892565,-1.892565,-1.892565,-1.892565,-1.892565,-1.892565,-1.892565,-1.892565,-1.892565,-1.892565,-1.892565,-1.892565,-1.892565,-1.892565,-1.892565,-1.892565,-1.892565,-1.892565,-1.892565,-1.892565,-1.892565,-1.892565,-1.892565,-1.892565,-1.892565,-1.892565,-1.892565,-1.892565,-1.892565,-1.892565,-1.892565,-1.892565,-1.892565,-1.892565,-1.892565,-1.892565,-1.892565,-1.892565,-1.892565,-1.892565,-1.892565,-1.892565,-1.892565,-1.892565,-1.892565,-1.892565,-1.892565,-1.892565,-1.892565,-1.892565,-1.892565,-1.892565,-1.892565,-1.892565,-1.892565,-1.892565,-1.892565,-1.892565,-1.892565,-1.892565,-1.892565,-1.892565,-1.892565,-1.892565,-1.892565,-1.892565,-1.892565,-1.892565,-1.892565,-1.892565,-1.892565,-1.892565,-1.892565,-1.892565,-1.892565,-1.892565,-1.892565,-1.892565,-1.892565,-1.892565,-1.892565,-1.892565,-1.892565,-1.892565,-1.892565,-1.892565,-1.892565,-1.892565,-1.892565,-1.892565,-1.892565,-1.892565,-1.892565,-1.892565,-1.892565,-1.892565,-1.892565,-1.892565,-1.892565,-1.892565,-1.892565,-1.892565,-1.892565,-1.892565,-1.892565,-1.892565,-1.892565,-1.892565,-1.892565,-1.892565,-1.892565,-1.892565,-1.892565,-1.892565,-1.892565,-1.892565,-1.892565,-1.892565,-1.892565,-1.892565,-1.892565,-1.892565,-1.892565,-1.892565,-1.892565,-1.892565,-1.892565,-1.892565,-1.892565,-1.892565,-1.892565,-1.892565,-1.892565,-1.892565,-1.892565,-1.892565,-1.892565,-1.892565,-1.892565,-1.892565,-1.892565,-1.892565,-1.892565,-1.892565,-1.892565,-1.892565,-1.892565,-1.892565,-1.892565,-1.892565,-1.892565,-1.892565,-1.892565,-1.892565,-1.892565,-1.892565,-1.892565,-1.892565,-1.892565,-1.892565,-1.892565,-1.892565,-1.892565,-1.892565,0
0,-1.892565,-1.892565,-1.892565,-1.892565,-1.892565,-1.892565,-1.892565,-1.892565,-1.892565,-1.892565,-1.892565,-1.892565,-1.892565,-1.892565,-1.892565,-1.892565,-1.892565,-1.892565,-1.892565,-1.892565,-1.892565,-1.892565,-1.892565,-1.892565,-1.892565,-1.892565,-1.892565,-1.892565,-1.892565,-1.892565,-1.892565,-1.892565,-1.892565,-1.892565,-1.892565,-1.892565,-1.892565,-1.892565,-1.892565,-1.892565,-1.892565,-1.892565,-1.892565,-1.892565,-1.892565,-1.892565,-1.892565,-1.892565,-1.892565,-1.892565,-1.892565,-1.892565,-1.892565,-1.892565,-1.892565,-1.892565,-1.892565,-1.892565,-1.892565,-1.892565,-1.892565,-1.892565,-1.892565,-1.892565,-1.892565,-1.892565,-1.892565,-1.892565,-1.892565,-1.892565,-1.892565,-1.892565,-1.892565,-1.892565,-1.892565,-1.892565,-1.892565,-1.892565,-1.892565,-1.892565,-1.892565,-1.892565,-1.892565,-1.892565,-1.892565,-1.892565,-1.892565,-1.892565,-1.892565,-1.892565,-1.892565,-1.892565,-1.892565,-1.892565,-1.892565,-1.892565,-1.892565,-1.892565,-1.892565,-1.892565,-1.892565,-1.892565,-1.892565,-1.892565,-1.892565,-1.892565,-1.892565,-1.892565,-1.892565,-1.892565,-1.892565,-1.892565,-1.892565,-1.892565,-1.892565,-1.892565,-1.892565,-1.892565,-1.892565,-1.892565,-1.892565,-1.892565,-1.892565,-1.892565,-1.892565,-1.892565,-1.892565,-1.892565,-1.892565,-1.892565,-1.892565,-1.892565,-1.892565,-1.892565,-1.892565,-1.892565,-1.892565,-1.892565,-1.892565,-1.892565,-1.892565,-1.892565,-1.892565,-1.892565,-1.892565,-1.892565,-1.892565,-1.892565,-1.892565,-1.892565,-1.892565,-1.892565,-1.892565,-1.892565,-1.892565,-1.892565,-1.892565,-1.892565,-1.892565,0,0,0,0,0,0,0,0,0,0,0,0,0,0,0,0,0,0,0,0,0,0,0,0,0,0,0,0,0,0,0,0,0,0,0,0,0,0
0,0,0,0,0,0,0,0,0,0,0,0,0,0,0,0,0,0,0,0,0,0,0,0,0,0,0,0,0,0,0,0,0,0,0,0,0,0,0,0,0,0,0,0,0,0,0,0,0,0,0,0,0,0,0,0,0,0,0,0,0,0,0,0,0,0,0,0,0,0,0,0,0,0,0,0,0,0,0,0,0,0,0,0,0,0,0,0,0,0,0,0,0,0,0,0,0,0,0,0,0,0,0,0,0,0,0,0,0,0,0,0,0,0,0,0,0,0,0,0,0,0,0,0,0,0,0,0,0,0,0,0,0,0,0,0,0,0,0,0,0,0,0,0,0,0,0,0,0,0,0,0,0,0,0,0,0,0,0,0,0,0,0,0,0,0,0,0,0,0,0,0,0,0,0,0,0,0,0,0,0,0,0,0,0,0,0,0,0,0,0,0,0,0,0,0,0,0
0,0,0,0,0,0,0,0,0,0,0,0,0,0,0,0,0,0,0,0,0,0,0,0,0,0,0,0,0,0,0,0,0,0,0,0,0,0,0,0,0,0,0,0,0,0,0,0,0,0,0,0,0,0,0,0,0,0,0,0,0,0,0,0,0,0,0,0,0,0,0,0,0,0,0,0,0,0,0,0,0,0,0,0,0,0,0,0,0,0,0,0,0,0,0,0,0,0,0,0,0,0,0,0,0,0,0,0,0,0,0,0,0,0,0,0,0,0,0,0,0,0,0,0,0,0,0,0,0,0,0,0,0,0,0,0,0,0,0,0,0,0,0,0,0,0,0,0,0,0,0,0,0,0,0,0,0,0,0,0,0,0,0,0,0,0,0,0,0,0,0,0,0,0,0,0,0,0,0,0,0,0,0,0,0,0,0,0,0,0,0,0,0,0,0,0,0,0
0,0,0,0,0,0,0,0,0,0,0,0,0,0,0,0,0,0,0,0,0,0,0,0,0,0,0,0,0,0,0,0,0,0,0,0,0,0,0,0,0,0,0,0,0,0,0,0,0,0,0,0,0,0,0,0,0,0,0,0,0,0,0,0,0,0,0,0,0,0,0,0,0,0,0,0,0,0,0,0,0,0,0,0,0,0,0,0,0,0,0,0,0,0,0,0,0,0,0,0,0,0,0,0,0,0,0,0,0,0,0,0,0,0,0,0,0,0,0,0,0,0,0,0,0,0,0,0,0,0,0,0,0,0,0,0,0,0,0,0,0,0,0,0,0,0,0,0,0,0,0,0,0,0,0,0,0,0,0,0,0,0,0,0,0,0,0,0,0,0,0,0,0,0,0,0,0,0,0,0,0,0,0,0,0,0,0,0,0,0,0,0,0,0,0,0,0,0
0,0,0,0,0,0,0,0,0,0,0,0,0,0,0,0,0,0,0,0,0,0,0,0,0,0,0,0,0,0,0,0,0,0,0,0,0,0,0,0,0,0,0,0,0,0,0,0,0,0,0,0,0,0,0,0,0,0,0,0,0,0,0,0,0,0,0,0,0,0,0,0,0,0,0,0,0,0,0,0,0,0,0,0,0,0,0,0,0,0,0,0,0,0,0,0,0,0,0,0,0,0,0,0,0,0,0,0,0,0,0,0,0,0,0,0,0,0,0,0,0,0,0,0,0,0,0,0,0,0,0,0,0,0,0,0,0,0,0,0,0,0,0,0,0,0,0,0,0,0,0,0,0,0,0,0,0,0,0,0,0,0,0,0,0,0,0,0,0,0,0,0,0,0,0,0,0,0,0,0,0,0,0,0,0,0,0,0,0,0,0,0,0,0,0,0,0,0
0,0,0,0,0,0,0,0,0,0,0,0,0,0,0,0,0,0,0,0,0,0,0,0,0,0,0,0,0,0,0,0,0,0,0,0,0,0,0,0,0,0,0,0,0,0,0,0,0,0,0,0,0,0,0,0,0,0,0,0,0,0,0,0,0,0,0,0,0,0,0,0,0,0,0,0,0,0,0,0,0,0,0,0,0,0,0,0,0,0,0,0,0,0,0,0,0,0,0,0,0,0,0,0,0,0,0,0,0,0,0,0,0,0,0,0,0,0,0,0,0,0,0,0,0,0,0,0,0,0,0,0,0,0,0,0,0,0,0,0,0,0,0,0,0,0,0,0,0,0,0,0,0,0,0,0,0,0,0,0,0,0,0,0,0,0,0,0,0,0,0,0,0,0,0,0,0,0,0,0,0,0,0,0,0,0,0,0,0,0,0,0,0,0,0,0,0,0
0,0,0,0,0,0,0,0,0,0,0,0,0,0,0,0,0,0,0,0,0,0,0,0,0,0,0,0,0,0,0,0,0,0,0,0,0,0,0,0,0,0,0,0,0,0,0,0,0,0,0,0,0,0,0,0,0,0,0,0,0,0,0,0,0,0,0,0,0,0,0,0,0,0,0,0,0,0,0,0,0,0,0,0,0,0,0,0,0,0,0,0,0,0,0,0,0,0,0,0,0,0,0,0,0,0,0,0,0,0,0,0,0,0,0,0,0,0,0,0,0,0,0,0,0,0,0,0,0,0,0,0,0,0,0,0,0,0,0,0,0,0,0,0,0,0,0,0,0,0,0,0,0,0,0,0,0,0,0,0,0,0,0,0,0,0,0,0,0,0,0,0,0,0,0,0,0,0,0,0,0,0,0,0,0,0,0,0,0,0,0,0,0,0,0,0,0,0
0,0,0,0,0,0,0,0,0,0,0,0,0,0,0,0,0,0,0,0,0,0,0,0,0,0,0,0,0,0,0,0,0,0,0,0,0,0,0,0,0,0,0,0,0,0,0,0,0,0,0,0,0,0,0,0,0,0,0,0,0,0,0,0,0,0,0,0,0,0,0,0,0,0,0,0,0,0,0,0,0,0,0,0,0,0,0,0,0,0,0,0,0,0,0,0,0,0,0,0,0,0,0,0,0,0,0,0,0,0,0,0,0,0,0,0,0,0,0,0,0,0,0,0,0,0,0,0,0,0,0,0,0,0,0,0,0,0,0,0,0,0,0,0,0,0,0,0,0,0,0,0,0,0,0,0,0,0,0,0,0,0,0,0,0,0,0,0,-1.0196093,-1.0196093,-1.0196093,-1.0196093,-1.0196093,-1.0196093,-1.0196093,-1.0196093,-1.0196093,-1.0196093,-1.0196093,-1.0196093,-1.0196093,-1.0196093,-1.0196093,-1.0196093,-1.0196093,-1.0196093,-1.0196093,-1.0196093,-1.0196093,-1.0196093,-1.0196093,-1.0196093,-1.0196093,-1.0196093,-1.0196093,-1.0196093,-1.0196093,0
0,-1.0196093,-1.0196093,-1.0196093,-1.0196093,-1.0196093,-1.0196093,-1.0196093,-1.0196093,-1.0196093,-1.0196093,-1.0196093,-1.0196093,-1.0196093,-1.0196093,-1.0196093,-1.0196093,-1.0196093,-1.0196093,-1.0196093,-1.0196093,-1.0196093,-1.0196093,-1.0196093,-1.0196093,-1.0196093,-1.0196093,-1.0196093,-1.0196093,-1.0196093,-1.0196093,-1.0196093,-1.0196093,-1.0196093,-1.0196093,-1.0196093,-1.0196093,-1.0196093,-1.0196093,-1.0196093,-1.0196093,-1.0196093,-1.0196093,-1.0196093,-1.0196093,-1.0196093,-1.0196093,-1.0196093,-1.0196093,-1.0196093,-1.0196093,-1.0196093,-1.0196093,-1.0196093,-1.0196093,-1.0196093,-1.0196093,-1.0196093,-1.0196093,-1.0196093,-1.0196093,-1.0196093,-1.0196093,-1.0196093,-1.0196093,-1.0196093,-1.0196093,-1.0196093,-1.0196093,-1.0196093,-1.0196093,-1.0196093,-1.0196093,-1.0196093,-1.0196093,-1.0196093,-1.0196093,-1.0196093,-1.0196093,-1.0196093,-1.0196093,-1.0196093,-1.0196093,-1.0196093,-1.0196093,-1.0196093,-1.0196093,-1.0196093,-1.0196093,-1.0196093,-1.0196093,-1.0196093,-1.0196093,-1.0196093,-1.0196093,-1.0196093,-1.0196093,-1.0196093,-1.0196093,-1.0196093,-1.0196093,-1.0196093,-1.0196093,-1.0196093,-1.0196093,-1.0196093,-1.0196093,-1.0196093,-1.0196093,-1.0196093,-1.0196093,-1.0196093,-1.0196093,-1.0196093,-1.0196093,-1.0196093,-1.0196093,-1.0196093,-1.0196093,-1.0196093,-1.0196093,-1.0196093,-1.0196093,-1.0196093,-1.0196093,-1.0196093,-1.0196093,-1.0196093,-1.0196093,-1.0196093,-1.0196093,-1.0196093,-1.0196093,-1.0196093,-1.0196093,-1.0196093,-1.0196093,-1.0196093,-1.0196093,-1.0196093,-1.0196093,-1.0196093,-1.0196093,-1.0196093,-1.0196093,-1.0196093,-1.0196093,-1.0196093,-1.0196093,-1.0196093,-1.0196093,-1.0196093,-1.0196093,-1.0196093,-1.0196093,-1.0196093,-1.0196093,-1.0196093,-1.0196093,-1.0196093,-1.0196093,-1.0196093,-1.0196093,-1.0196093,-1.0196093,-1.0196093,-1.0196093,-1.0196093,-1.0196093,-1.0196093,-1.0196093,-1.0196093,-1.0196093,-1.0196093,-1.0196093,-1.0196093,-1.0196093,-1.0196093,-1.0196093,-1.0196093,-1.0196093,-1.0196093,-1.0196093,-1.0196093,-1.0196093,-1.0196093,-1.0196093,-1.0196093,-1.0196093,-1.0196093,-1.0196093,-1.0196093,-1.0196093,-1.0196093,-1.0196093,-1.0196093,-1.0196093,0
0,-1.0196093,-1.0196093,-1.0196093,-1.0196093,-1.0196093,-1.0196093,-1.0196093,-1.0196093,-1.0196093,-1.0196093,-1.0196093,-1.0196093,-1.0196093,-1.0196093,-1.0196093,-1.0196093,-1.0196093,-1.0196093,-1.0196093,-1.0196093,-1.0196093,-1.0196093,-1.0196093,-1.0196093,-1.0196093,-1.0196093,-1.0196093,-1.0196093,-1.0196093,-1.0196093,-1.0196093,-1.0196093,-1.0196093,-1.0196093,-1.0196093,-1.0196093,-1.0196093,-1.0196093,-1.0196093,-1.0196093,-1.0196093,-1.0196093,-1.0196093,-1.0196093,-1.0196093,-1.0196093,-1.0196093,-1.0196093,-1.0196093,-1.0196093,-1.0196093,-1.0196093,-1.0196093,-1.0196093,-1.0196093,-1.0196093,-1.0196093,-1.0196093,-1.0196093,-1.0196093,-1.0196093,-1.0196093,-1.0196093,-1.0196093,-1.0196093,-1.0196093,-1.0196093,-1.0196093,-1.0196093,-1.0196093,-1.0196093,-1.0196093,-1.0196093,-1.0196093,-1.0196093,-1.0196093,-1.0196093,-1.0196093,-1.0196093,-1.0196093,-1.0196093,-1.0196093,-1.0196093,-1.0196093,-1.0196093,-1.0196093,-1.0196093,-1.0196093,-1.0196093,-1.0196093,-1.0196093,-1.0196093,-1.0196093,-1.0196093,-1.0196093,-1.0196093,-1.0196093,-1.0196093,-1.0196093,-1.0196093,-1.0196093,-1.0196093,-1.0196093,-1.0196093,-1.0196093,-1.0196093,-1.0196093,-1.0196093,-1.0196093,-1.0196093,-1.0196093,-1.0196093,-1.0196093,-1.0196093,-1.0196093,-1.0196093,-1.0196093,-1.0196093,-1.0196093,-1.0196093,-1.0196093,-1.0196093,-1.0196093,-1.0196093,-1.0196093,-1.0196093,-1.0196093,-1.0196093,-1.0196093,-1.0196093,-1.0196093,-1.0196093,-1.0196093,-1.0196093,-1.0196093,-1.0196093,-1.0196093,-1.0196093,-1.0196093,-1.0196093,-1.0196093,-1.0196093,-1.0196093,-1.0196093,-1.0196093,-1.0196093,-1.0196093,-1.0196093,-1.0196093,-1.0196093,-1.0196093,-1.0196093,-1.0196093,-1.0196093,-1.0196093,-1.0196093,-1.0196093,-1.0196093,-1.0196093,-1.0196093,-1.0196093,-1.0196093,-1.0196093,-1.0196093,-1.0196093,-1.0196093,-1.0196093,-1.0196093,-1.0196093,-1.0196093,-1.0196093,-1.0196093,-1.0196093,-1.0196093,-1.0196093,-1.0196093,-1.0196093,-1.0196093,-1.0196093,-1.0196093,-1.0196093,-1.0196093,-1.0196093,-1.0196093,-1.0196093,-1.0196093,-1.0196093,-1.0196093,-1.0196093,-1.0196093,-1.0196093,-1.0196093,-1.0196093,-1.0196093,-1.0196093,-1.0196093,0
0,-1.0196093,-1.0196093,-1.0196093,-1.0196093,-1.0196093,-1.0196093,-1.0196093,-1.0196093,-1.0196093,-1.0196093,-1.0196093,-1.0196093,-1.0196093,-1.0196093,-1.0196093,-1.0196093,-1.0196093,-1.0196093,-1.0196093,-1.0196093,-1.0196093,-1.0196093,-1.0196093,-1.0196093,-1.0196093,-1.0196093,-1.0196093,-1.0196093,-1.0196093,-1.0196093,-1.0196093,-1.0196093,-1.0196093,-1.0196093,-1.0196093,-1.0196093,-1.0196093,-1.0196093,-1.0196093,-1.0196093,-1.0196093,-1.0196093,-1.0196093,-1.0196093,-1.0196093,-1.0196093,-1.0196093,-1.0196093,-1.0196093,-1.0196093,-1.0196093,-1.0196093,-1.0196093,-1.0196093,-1.0196093,-1.0196093,-1.0196093,-1.0196093,-1.0196093,-1.0196093,-1.0196093,-1.0196093,-1.0196093,-1.0196093,-1.0196093,-1.0196093,-1.0196093,-1.0196093,-1.0196093,-1.0196093,-1.0196093,-1.0196093,-1.0196093,-1.0196093,-1.0196093,-1.0196093,-1.0196093,-1.0196093,-1.0196093,-1.0196093,-1.0196093,-1.0196093,-1.0196093,-1.0196093,-1.0196093,-1.0196093,-1.0196093,-1.0196093,-1.0196093,-1.0196093,-1.0196093,-1.0196093,-1.0196093,-1.0196093,-1.0196093,-1.0196093,-1.0196093,-1.0196093,-1.0196093,-1.0196093,-1.0196093,-1.0196093,-1.0196093,-1.0196093,-1.0196093,-1.0196093,-1.0196093,-1.0196093,-1.0196093,-1.0196093,-1.0196093,-1.0196093,-1.0196093,-1.0196093,-1.0196093,-1.0196093,-1.0196093,-1.0196093,-1.0196093,-1.0196093,-1.0196093,-1.0196093,-1.0196093,-1.0196093,-1.0196093,-1.0196093,-1.0196093,-1.0196093,-1.0196093,-1.0196093,-1.0196093,-1.0196093,-1.0196093,-1.0196093,-1.0196093,-1.0196093,-1.0196093,-1.0196093,-1.0196093,-1.0196093,-1.0196093,-1.0196093,-1.0196093,-1.0196093,-1.0196093,-1.0196093,-1.0196093,-1.0196093,-1.0196093,-1.0196093,-1.0196093,-1.0196093,-1.0196093,-1.0196093,-1.0196093,-1.0196093,-1.0196093,-1.0196093,-1.0196093,-1.0196093,-1.0196093,-1.0196093,-1.0196093,-1.0196093,-1.0196093,-1.0196093,-1.0196093,-1.0196093,-1.0196093,-1.0196093,-1.0196093,-1.0196093,-1.0196093,-1.0196093,-1.0196093,-1.0196093,-1.0196093,-1.0196093,-1.0196093,-1.0196093,-1.0196093,-1.0196093,-1.0196093,-1.0196093,-1.0196093,-1.0196093,-1.0196093,-1.0196093,-1.0196093,-1.0196093,-1.0196093,-1.0196093,-1.0196093,-1.0196093,-1.0196093,-1.0196093,0
0,-1.0196093,-1.0196093,-1.0196093,-1.0196093,-1.0196093,-1.0196093,-1.0196093,-1.0196093,-1.0196093,-1.0196093,-1.0196093,-1.0196093,-1.0196093,-1.0196093,-1.0196093,-1.0196093,-1.0196093,-1.0196093,-1.0196093,-1.0196093,-1.0196093,-1.0196093,-1.0196093,-1.0196093,-1.0196093,-1.0196093,-1.0196093,-1.0196093,-1.0196093,-1.0196093,-1.0196093,-1.0196093,-1.0196093,-1.0196093,-1.0196093,-1.0196093,-1.0196093,-1.0196093,-1.0196093,-1.0196093,-1.0196093,-1.0196093,-1.0196093,-1.0196093,-1.0196093,-1.0196093,-1.0196093,-1.0196093,-1.0196093,-1.0196093,-1.0196093,-1.0196093,-1.0196093,-1.0196093,-1.0196093,-1.0196093,-1.0196093,-1.0196093,-1.0196093,-1.0196093,-1.0196093,-1.0196093,-1.0196093,-1.0196093,-1.0196093,-1.0196093,-1.0196093,-1.0196093,-1.0196093,-1.0196093,-1.0196093,-1.0196093,-1.0196093,-1.0196093,-1.0196093,-1.0196093,-1.0196093,-1.0196093,-1.0196093,-1.0196093,-1.0196093,-1.0196093,-1.0196093,-1.0196093,-1.0196093,-1.0196093,-1.0196093,-1.0196093,-1.0196093,-1.0196093,-1.0196093,-1.0196093,-1.0196093,-1.0196093,-1.0196093,-1.0196093,-1.0196093,-1.0196093,-1.0196093,-1.0196093,-1.0196093,-1.0196093,-1.0196093,-1.0196093,-1.0196093,-1.0196093,-1.0196093,-1.0196093,-1.0196093,-1.0196093,-1.0196093,-1.0196093,-1.0196093,-1.0196093,-1.0196093,-1.0196093,-1.0196093,-1.0196093,-1.0196093,-1.0196093,-1.0196093,-1.0196093,-1.0196093,-1.0196093,-1.0196093,-1.0196093,-1.0196093,-1.0196093,-1.0196093,-1.0196093,-1.0196093,-1.0196093,-1.0196093,-1.0196093,-1.0196093,-1.0196093,-1.0196093,-1.0196093,-1.0196093,-1.0196093,-1.0196093,-1.0196093,-1.0196093,-1.0196093,-1.0196093,-1.0196093,-1.0196093,-1.0196093,-1.0196093,-1.0196093,-1.0196093,-1.0196093,-1.0196093,-1.0196093,-1.0196093,-1.0196093,-1.0196093,-1.0196093,-1.0196093,-1.0196093,-1.0196093,-1.0196093,-1.0196093,-1.0196093,-1.0196093,-1.0196093,-1.0196093,-1.0196093,-1.0196093,-1.0196093,-1.0196093,-1.0196093,-1.0196093,-1.0196093,-1.0196093,-1.0196093,-1.0196093,-1.0196093,-1.0196093,-1.0196093,-1.0196093,-1.0196093,-1.0196093,-1.0196093,-1.0196093,-1.0196093,-1.0196093,-1.0196093,-1.0196093,-1.0196093,-1.0196093,-1.0196093,-1.0196093,-1.0196093,-1.0196093,-1.0196093,0
0,-1.0196093,-1.0196093,-1.0196093,-1.0196093,-1.0196093,-1.0196093,-1.0196093,-1.0196093,-1.0196093,-1.0196093,-1.0196093,-1.0196093,-1.0196093,-1.0196093,-1.0196093,-1.0196093,-1.0196093,-1.0196093,-1.0196093,-1.0196093,-1.0196093,-1.0196093,-1.0196093,-1.0196093,-1.0196093,-1.0196093,-1.0196093,-1.0196093,-1.0196093,-1.0196093,-1.0196093,-1.0196093,-1.0196093,-1.0196093,-1.0196093,-1.0196093,-1.0196093,-1.0196093,-1.0196093,-1.0196093,-1.0196093,-1.0196093,-1.0196093,-1.0196093,-1.0196093,-1.0196093,-1.0196093,-1.0196093,-1.0196093,-1.0196093,-1.0196093,-1.0196093,-1.0196093,-1.0196093,-1.0196093,-1.0196093,-1.0196093,-1.0196093,-1.0196093,-1.0196093,-1.0196093,-1.0196093,-1.0196093,-1.0196093,-1.0196093,-1.0196093,-1.0196093,-1.0196093,-1.0196093,-1.0196093,-1.0196093,-1.0196093,-1.0196093,-1.0196093,-1.0196093,-1.0196093,-1.0196093,-1.0196093,-1.0196093,-1.0196093,-1.0196093,-1.0196093,-1.0196093,-1.0196093,-1.0196093,-1.0196093,-1.0196093,-1.0196093,-1.0196093,-1.0196093,-1.0196093,-1.0196093,-1.0196093,-1.0196093,-1.0196093,-1.0196093,-1.0196093,-1.0196093,-1.0196093,-1.0196093,-1.0196093,-1.0196093,-1.0196093,-1.0196093,-1.0196093,-1.0196093,-1.0196093,-1.0196093,-1.0196093,-1.0196093,-1.0196093,-1.0196093,-1.0196093,-1.0196093,-1.0196093,-1.0196093,-1.0196093,-1.0196093,-1.0196093,-1.0196093,-1.0196093,-1.0196093,-1.0196093,-1.0196093,-1.0196093,-1.0196093,-1.0196093,-1.0196093,-1.0196093,-1.0196093,-1.0196093,-1.0196093,-1.0196093,-1.0196093,-1.0196093,-1.0196093,-1.0196093,-1.0196093,-1.0196093,-1.0196093,-1.0196093,-1.0196093,-1.0196093,-1.0196093,-1.0196093,-1.0196093,-1.0196093,-1.0196093,-1.0196093,-1.0196093,-1.0196093,-1.0196093,-1.0196093,-1.0196093,-1.0196093,-1.0196093,-1.0196093,-1.0196093,-1.0196093,-1.0196093,-1.0196093,-1.0196093,-1.0196093,-1.0196093,-1.0196093,-1.0196093,-1.0196093,-1.0196093,-1.0196093,-1.0196093,-1.0196093,-1.0196093,-1.0196093,-1.0196093,-1.0196093,-1.0196093,-1.0196093,-1.0196093,-1.0196093,-1.0196093,-1.0196093,-1.0196093,-1.0196093,-1.0196093,-1.0196093,-1.0196093,-1.0196093,-1.0196093,-1.0196093,-1.0196093,-1.0196093,-1.0196093,-1.0196093,-1.0196093,-1.0196093,-1.0196093,0
0,-1.0196093,-1.0196093,-1.0196093,-1.0196093,-1.0196093,-1.0196093,-1.0196093,-1.0196093,-1.0196093,-1.0196093,-1.0196093,-1.0196093,-1.0196093,-1.0196093,-1.0196093,-1.0196093,-1.0196093,-1.0196093,-1.0196093,-1.0196093,-1.0196093,-1.0196093,-1.0196093,-1.0196093,-1.0196093,-1.0196093,-1.0196093,-1.0196093,-1.0196093,-1.0196093,-1.0196093,-1.0196093,-1.0196093,-1.0196093,-1.0196093,-1.0196093,-1.0196093,-1.0196093,-1.0196093,-1.0196093,-1.0196093,-1.0196093,-1.0196093,-1.0196093,-1.0196093,-1.0196093,-1.0196093,-1.0196093,-1.0196093,-1.0196093,-1.0196093,-1.0196093,-1.0196093,-1.0196093,-1.0196093,-1.0196093,-1.0196093,-1.0196093,-1.0196093,-1.0196093,-1.0196093,-1.0196093,-1.0196093,-1.0196093,-1.0196093,-1.0196093,-1.0196093,-1.0196093,-1.0196093,-1.0196093,-1.0196093,-1.0196093,-1.0196093,-1.0196093,-1.0196093,-1.0196093,-1.0196093,-1.0196093,-1.0196093,-1.0196093,-1.0196093,-1.0196093,-1.0196093,-1.0196093,-1.0196093,-1.0196093,-1.0196093,-1.0196093,-1.0196093,-1.0196093,-1.0196093,-1.0196093,-1.0196093,-1.0196093,-1.0196093,-1.0196093,-1.0196093,-1.0196093,-1.0196093,-1.0196093,-1.0196093,-1.0196093,-1.0196093,-1.0196093,-1.0196093,-1.0196093,-1.0196093,-1.0196093,-1.0196093,-1.0196093,-1.0196093,-1.0196093,-1.0196093,-1.0196093,-1.0196093,-1.0196093,-1.0196093,-1.0196093,-1.0196093,-1.0196093,-1.0196093,-1.0196093,-1.0196093,-1.0196093,-1.0196093,-1.0196093,-1.0196093,-1.0196093,-1.0196093,-1.0196093,-1.0196093,-1.0196093,-1.0196093,-1.0196093,-1.0196093,-1.0196093,-1.0196093,-1.0196093,-1.0196093,-1.0196093,-1.0196093,-1.0196093,-1.0196093,-1.0196093,-1.0196093,-1.0196093,-1.0196093,-1.0196093,-1.0196093,-1.0196093,-1.0196093,-1.0196093,-1.0196093,-1.0196093,-1.0196093,-1.0196093,-1.0196093,-1.0196093,-1.0196093,-1.0196093,-1.0196093,-1.0196093,-1.0196093,-1.0196093,-1.0196093,-1.0196093,-1.0196093,-1.0196093,-1.0196093,-1.0196093,-1.0196093,-1.0196093,-1.0196093,-1.0196093,-1.0196093,-1.0196093,-1.0196093,-1.0196093,-1.0196093,-1.0196093,-1.0196093,-1.0196093,-1.0196093,-1.0196093,-1.0196093,-1.0196093,-1.0196093,-1.0196093,-1.0196093,-1.0196093,-1.0196093,-1.0196093,-1.0196093,-1.0196093,-1.0196093,-1.0196093,0
0,-1.0196093,-1.0196093,-1.0196093,-1.0196093,-1.0196093,-1.0196093,-1.0196093,-1.0196093,-1.0196093,-1.0196093,-1.0196093,-1.0196093,-1.0196093,-1.0196093,-1.0196093,-1.0196093,-1.0196093,-1.0196093,-1.0196093,-1.0196093,-1.0196093,-1.0196093,-1.0196093,-1.0196093,-1.0196093,-1.0196093,-1.0196093,-1.0196093,-1.0196093,-1.0196093,-1.0196093,-1.0196093,-1.0196093,-1.0196093,-1.0196093,-1.0196093,-1.0196093,-1.0196093,-1.0196093,-1.0196093,-1.0196093,-1.0196093,-1.0196093,-1.0196093,-1.0196093,-1.0196093,-1.0196093,-1.0196093,-1.0196093,-1.0196093,-1.0196093,-1.0196093,-1.0196093,-1.0196093,-1.0196093,-1.0196093,-1.0196093,-1.0196093,-1.0196093,-1.0196093,-1.0196093,-1.0196093,-1.0196093,-1.0196093,-1.0196093,-1.0196093,-1.0196093,-1.0196093,-1.0196093,-1.0196093,-1.0196093,-1.0196093,-1.0196093,-1.0196093,-1.0196093,-1.0196093,-1.0196093,-1.0196093,-1.0196093,-1.0196093,-1.0196093,-1.0196093,-1.0196093,-1.0196093,-1.0196093,-1.0196093,-1.0196093,-1.0196093,-1.0196093,-1.0196093,-1.0196093,-1.0196093,-1.0196093,-1.0196093,-1.0196093,-1.0196093,-1.0196093,-1.0196093,-1.0196093,-1.0196093,-1.0196093,-1.0196093,-1.0196093,-1.0196093,-1.0196093,-1.0196093,-1.0196093,-1.0196093,-1.0196093,-1.0196093,-1.0196093,-1.0196093,-1.0196093,-1.0196093,-1.0196093,-1.0196093,-1.0196093,-1.0196093,-1.0196093,-1.0196093,-1.0196093,-1.0196093,-1.0196093,-1.0196093,-1.0196093,-1.0196093,-1.0196093,-1.0196093,-1.0196093,-1.0196093,-1.0196093,-1.0196093,-1.0196093,-1.0196093,-1.0196093,-1.0196093,-1.0196093,-1.0196093,-1.0196093,-1.0196093,-1.0196093,-1.0196093,-1.0196093,-1.0196093,-1.0196093,-1.0196093,-1.0196093,-1.0196093,-1.0196093,-1.0196093,-1.0196093,-1.0196093,-1.0196093,-1.0196093,-1.0196093,-1.0196093,-1.0196093,-1.0196093,-1.0196093,-1.0196093,-1.0196093,-1.0196093,-1.0196093,-1.0196093,-1.0196093,-1.0196093,-1.0196093,-1.0196093,-1.0196093,-1.0196093,-1.0196093,-1.0196093,-1.0196093,-1.0196093,-1.0196093,-1.0196093,-1.0196093,-1.0196093,-1.0196093,-1.0196093,-1.0196093,-1.0196093,-1.0196093,-1.0196093,-1.0196093,-1.0196093,-1.0196093,-1.0196093,-1.0196093,-1.0196093,-1.0196093,-1.0196093,-1.0196093,-1.0196093,-1.0196093,-1.0196093,0
0,-1.0196093,-1.0196093,-1.0196093,-1.0196093,-1.0196093,-1.0196093,-1.0196093,-1.0196093,-1.0196093,-1.0196093,-1.0196093,-1.0196093,-1.0196093,-1.0196093,-1.0196093,-1.0196093,-1.0196093,-1.0196093,-1.0196093,-1.0196093,-1.0196093,-1.0196093,-1.0196093,-1.0196093,-1.0196093,-1.0196093,-1.0196093,-1.0196093,-1.0196093,-1.0196093,-1.0196093,-1.0196093,-1.0196093,-1.0196093,-1.0196093,-1.0196093,-1.0196093,-1.0196093,-1.0196093,-1.0196093,-1.0196093,-1.0196093,-1.0196093,-1.0196093,-1.0196093,-1.0196093,-1.0196093,-1.0196093,-1.0196093,-1.0196093,-1.0196093,-1.0196093,-1.0196093,-1.0196093,-1.0196093,-1.0196093,-1.0196093,-1.0196093,-1.0196093,-1.0196093,-1.0196093,-1.0196093,-1.0196093,-1.0196093,-1.0196093,-1.0196093,-1.0196093,-1.0196093,-1.0196093,-1.0196093,-1.0196093,-1.0196093,-1.0196093,-1.0196093,-1.0196093,-1.0196093,-1.0196093,-1.0196093,-1.0196093,-1.0196093,-1.0196093,-1.0196093,-1.0196093,-1.0196093,-1.0196093,-1.0196093,-1.0196093,-1.0196093,-1.0196093,-1.0196093,-1.0196093,-1.0196093,-1.0196093,-1.0196093,-1.0196093,0,0,0,0,0,0,0,0,0,0,0,0,0,0,0,0,0,0,0,0,0,0,0,0,0,0,0,0,0,0,0,0,0,0,0,0,0,0,0,0,0,0,0,0,0,0,0,0,0,0,0,0,0,0,0,0,0,0,0,0,0,0,0,0,0,0,0,0,0,0,0,0,0,0,0,0,0,0,0,0,0,0,0,0,0,0,0,0,0,0,0,0,0,0,0,0,0,0,0,0,0,0
0,0,0,0,0,0,0,0,0,0,0,0,0,0,0,0,0,0,0,0,0,0,0,0,0,0,0,0,0,0,0,0,0,0,0,0,0,0,0,0,0,0,0,0,0,0,0,0,0,0,0,0,0,0,0,0,0,0,0,0,0,0,0,0,0,0,0,0,0,0,0,0,0,0,0,0,0,0,0,0,0,0,0,0,0,0,0,0,0,0,0,0,0,0,0,0,0,0,0,0,0,0,0,0,0,0,0,0,0,0,0,0,0,0,0,0,0,0,0,0,0,0,0,0,0,0,0,0,0,0,0,0,0,0,0,0,0,0,0,0,0,0,0,0,0,0,0,0,0,0,0,0,0,0,0,0,0,0,0,0,0,0,0,0,0,0,0,0,0,0,0,0,0,0,0,0,0,0,0,0,0,0,0,0,0,0,0,0,0,0,0,0,0,0,0,0,0,0
0,0,0,0,0,0,0,0,0,0,0,0,0,0,0,0,0,0,0,0,0,0,0,0,0,0,0,0,0,0,0,0,0,0,0,0,0,0,0,0,0,0,0,0,0,0,0,0,0,0,0,0,0,0,0,0,0,0,0,0,0,0,0,0,0,0,0,0,0,0,0,0,0,0,0,0,0,0,0,0,0,0,0,0,0,0,0,0,0,0,0,0,0,0,0,0,0,0,0,0,0,0,0,0,0,0,0,0,0,0,0,0,0,0,0,0,0,0,0,0,0,0,0,0,0,0,0,0,0,0,0,0,0,0,0,0,0,0,0,0,0,0,0,0,0,0,0,0,0,0,0,0,0,0,0,0,0,0,0,0,0,0,0,0,0,0,0,0,0,0,0,0,0,0,0,0,0,0,0,0,0,0,0,0,0,0,0,0,0,0,0,0,0,0,0,0,0,0
0,0,0,0,0,0,0,0,0,0,0,0,0,0,0,0,0,0,0,0,0,0,0,0,0,0,0,0,0,0,0,0,0,0,0,0,0,0,0,0,0,0,0,0,0,0,0,0,0,0,0,0,0,0,0,0,0,0,0,0,0,0,0,0,0,0,0,0,0,0,0,0,0,0,0,0,0,0,0,0,0,0,0,0,0,0,0,0,0,0,0,0,0,0,0,0,0,0,0,0,0,0,0,0,0,0,0,0,0,0,0,0,0,0,0,0,0,0,0,0,0,0,0,0,0,0,0,0,0,0,0,0,0,0,0,0,0,0,0,0,0,0,0,0,0,0,0,0,0,0,0,0,0,0,0,0,0,0,0,0,0,0,0,0,0,0,0,0,0,0,0,0,0,0,0,0,0,0,0,0,0,0,0,0,0,0,0,0,0,0,0,0,0,0,0,0,0,0
0,0,0,0,0,0,0,0,0,0,0,0,0,0,0,0,0,0,0,0,0,0,0,0,0,0,0,0,0,0,0,0,0,0,0,0,0,0,0,0,0,0,0,0,0,0,0,0,0,0,0,0,0,0,0,0,0,0,0,0,0,0,0,0,0,0,0,0,0,0,0,0,0,0,0,0,0,0,0,0,0,0,0,0,0,0,0,0,0,0,0,0,0,0,0,0,0,0,0,0,0,0,0,0,0,0,0,0,0,0,0,0,0,0,0,0,0,0,0,0,0,0,0,0,0,0,0,0,0,0,0,0,0,0,0,0,0,0,0,0,0,0,0,0,0,0,0,0,0,0,0,0,0,0,0,0,0,0,0,0,0,0,0,0,0,0,0,0,0,0,0,0,0,0,0,0,0,0,0,0,0,0,0,0,0,0,0,0,0,0,0,0,0,0,0,0,0,0
0,0,0,0,0,0,0,0,0,0,0,0,0,0,0,0,0,0,0,0,0,0,0,0,0,0,0,0,0,0,0,0,0,0,0,0,0,0,0,0,0,0,0,0,0,0,0,0,0,0,0,0,0,0,0,0,0,0,0,0,0,0,0,0,0,0,0,0,0,0,0,0,0,0,0,0,0,0,0,0,0,0,0,0,0,0,0,0,0,0,0,0,0,0,0,0,0,0,0,0,0,0,0,0,0,0,0,0,0,0,0,0,0,0,0,0,0,0,0,0,0,0,0,0,0,0,0,0,0,0,0,0,0,0,0,0,0,0,0,0,0,0,0,0,0,0,0,0,0,0,0,0,0,0,0,0,0,0,0,0,0,0,0,0,0,0,0,0,0,0,0,0,0,0,0,0,0,0,0,0,0,0,0,0,0,0,0,0,0,0,0,0,0,0,0,0,0,0
0,0,0,0,0,0,0,0,0,0,0,0,0,0,0,0,0,0,0,0,0,0,0,0,0,0,0,0,0,0,0,0,0,0,0,0,0,0,0,0,0,0,0,0,0,0,0,0,0,0,0,0,0,0,0,0,0,0,0,0,0,0,0,0,0,0,0,0,0,0,0,0,0,0,0,0,0,0,0,0,0,0,0,0,0,0,0,0,0,0,0,0,0,0,0,0,0,0,0,0,0,0,0,0,0,0,0,0,0,0,0,0,0,0,0,0,0,0,0,0,0,0,0,0,0,0,0,0,0,0,0,0,0,0,0,0,0,0,0,0,0,0,0,0,0,0,0,0,0,0,0,0,0,0,0,0,0,0,0,0,0,0,0,0,0,0,0,0,0,0,0,0,0,0,0,0,0,0,0,0,0,0,0,0,0,0,0,0,0,0,0,0,0,0,0,0,0,0
0,0,0,0,0,0,0,0,0,0,0,0,0,0,0,0,0,0,0,0,0,0,0,0,0,0,0,0,0,0,0,0,0,0,0,0,0,0,0,0,0,0,0,0,0,0,0,0,0,0,0,0,0,0,0,0,0,0,0,0,0,0,0,0,0,0,0,0,0,0,0,0,0,0,0,0,0,0,0,0,0,0,0,0,0,0,0,0,0,0,0,0,0,0,0,0,0,0,0,0,0,0,0,0,0,0,0,0,0,0,0,0,0,0,0,0,0,0,0,0,0,0,0,0,0,0,0,0,0,0,0,0,0,0,0,0,0,0,0,0,0,0,0,0,0,0,0,0,0,0,0,0,0,0,0,0,0,0,0,0,0,0,0,0,0,0,0,0,0,0,0,0,0,0,0,0,0,0,0,0,0,0,0,0,0,0,0,0,0,0,0,0,0,0,0,0,0,0
0,0,0,0,0,0,0,0,0,0,0,0,0,0,0,0,0,0,0,0,0,0,0,0,0,0,0,0,0,0,0,0,0,0,0,0,0,0,0,0,0,0,0,0,0,0,0,0,0,0,0,0,0,0,0,0,0,0,0,0,0,0,0,0,0,0,0,0,0,0,0,0,0,0,0,0,0,0,0,0,0,0,0,0,0,0,0,0,0,0,0,0,0,0,0,0,0,0,0,0,0,0,0,0,0,0,0,0,0,0,0,0,0,0,0,0,0,0,0,0,0,0,0,0,0,0,0,0,0,0,0,0,0,0,0,0,0,0,0,0,0,0,0,0,0,0,0,0,0,0,0,0,0,0,0,0,0,0,0,0,0,0,0,0,0,0,0,0,0,0,0,0,0,0,0,0,0,0,0,0,0,0,0,0,0,0,0,0,0,0,0,0,0,0,0,0,0,0
0,0,0,0,0,0,0,0,0,0,0,0,0,0,0,0,0,0,0,0,0,0,0,0,0,0,0,0,0,0,0,0,0,0,0,0,0,0,0,0,0,0,0,0,0,0,0,0,0,0,0,0,0,0,0,0,0,0,0,0,0,0,0,0,0,0,0,0,0,0,0,0,0,0,0,0,0,0,0,0,0,0,0,0,0,0,0,0,0,0,0,0,0,0,0,0,0,0,0,0,0,0,0,0,0,0,0,0,0,0,0,0,0,0,0,0,0,0,0,0,0,0,0,0,0,0,0,0,0,0,0,0,0,0,0,0,0,0,0,0,0,0,0,0,0,0,0,0,0,0,0,0,0,0,0,0,0,0,0,0,0,0,0,0,0,0,0,0,0,0,0,0,0,0,0,0,0,0,0,0,0,0,0,0,0,0,0,0,0,0,0,0,0,0,0,0,0,0
0,0,0,0,0,0,0,0,0,0,0,0,0,0,0,0,0,0,0,0,0,0,0,0,0,0,0,0,0,0,0,0,0,0,0,0,0,0,0,0,0,0,0,0,0,0,0,0,0,0,0,0,0,0,0,0,0,0,0,0,0,0,0,0,0,0,0,0,0,0,0,0,0,0,0,0,0,0,0,0,0,0,0,0,0,0,0,0,0,0,0,0,0,0,0,0,0,0,0,0,0,0,0,0,0,0,0,0,0,0,0,0,0,0,0,0,0,0,0,0,0,0,0,0,0,0,0,0,0,0,0,0,0,0,0,0,0,0,0,0,0,0,0,0,0,0,0,0,0,0,0,0,0,0,0,0,0,0,0,0,0,0,0,0,0,0,0,0,0,0,0,0,0,0,0,0,0,0,0,0,0,0,0,0,0,0,0,0,0,0,0,0,0,0,0,0,0,0
0,0,0,0,0,0,0,0,0,0,0,0,0,0,0,0,0,0,0,0,0,0,0,0,0,0,0,0,0,0,0,0,0,0,0,0,0,0,0,0,0,0,0,0,0,0,0,0,0,0,0,0,0,0,0,0,0,0,0,0,0,0,0,0,0,0,0,0,0,0,0,0,0,0,0,0,0,0,0,0,0,0,0,0,0,0,0,0,0,0,0,0,0,0,0,0,0,0,0,0,0,0,0,0,0,0,0,0,0,0,0,0,0,0,0,0,0,0,0,0,0,0,0,0,0,0,0,0,0,0,0,0,0,0,0,0,0,0,0,0,0,0,0,0,0,0,0,0,0,0,0,0,0,0,0,0,0,0,0,0,0,0,0,0,0,0,0,0,0,0,0,0,0,0,0,0,0,0,0,0,0,0,0,0,0,0,0,0,0,0,0,0,0,0,0,0,0,0
0,0,0,0,0,0,0,0,0,0,0,0,0,0,0,0,0,0,0,0,0,0,0,0,0,0,0,0,0,0,0,0,0,0,0,0,0,0,0,0,0,0,0,0,0,0,0,0,0,0,0,0,0,0,0,0,0,0,0,0,0,0,0,0,0,0,0,0,0,0,0,0,0,0,0,0,0,0,0,0,0,0,0,0,0,0,0,0,0,0,0,0,0,0,0,0,0,0,0,0,0,0,0,0,0,0,0,0,0,0,0,0,0,0,0,0,0,0,0,0,0,0,0,0,0,0,0,0,0,0,0,0,0,0,0,0,0,0,0,0,0,0,0,0,0,0,0,0,0,0,0,0,0,0,0,0,0,0,0,0,0,0,0,0,0,0,0,0,0,0,0,0,0,0,0,0,0,0,0,0,0,0,0,0,0,0,0,0,0,0,0,0,0,0,0,0,0,0
0,0,0,0,0,0,0,0,0,0,0,0,0,0,0,0,0,0,0,0,0,0,0,0,0,0,0,0,0,0,0,0,0,0,0,0,0,0,0,0,0,0,0,0,0,0,0,0,0,0,0,0,0,0,0,0,0,0,0,0,0,0,0,0,0,0,0,0,0,0,0,0,0,0,0,0,0,0,0,0,0,0,0,0,0,0,0,0,0,0,0,0,0,0,0,0,0,0,0,0,0,0,0,0,0,0,0,0,0,0,0,0,0,0,0,0,0,0,0,0,0,0,0,0,0,0,0,0,0,0,0,0,0,0,0,0,0,0,0,0,0,0,0,0,0,0,0,0,0,0,0,0,0,0,0,0,0,0,0,0,0,0,0,0,0,0,0,0,0,0,0,0,0,0,0,0,0,0,0,0,0,0,0,0,0,0,0,0,0,0,0,0,0,0,0,0,0,0
0,0,0,0,0,0,0,0,0,0,0,0,0,0,0,0,0,0,0,0,0,0,0,0,0,0,0,0,0,0,0,0,0,0,0,0,0,0,0,0,0,0,0,0,0,0,0,0,0,0,0,0,0,0,0,0,0,0,0,0,0,0,0,0,0,0,0,0,0,0,0,0,0,0,0,0,0,0,0,0,0,0,0,0,0,0,0,0,0,0,0,0,0,0,0,0,0,0,0,0,0,0,0,0,0,0,0,0,0,0,0,0,0,0,0,0,0,0,0,0,0,0,0,0,0,0,0,0,0,0,0,0,0,0,0,0,0,0,0,0,0,0,0,0,0,0,0,0,0,0,0,0,0,0,0,0,0,0,0,0,0,0,0,0,0,0,0,0,0,0,0,0,0,0,0,0,0,0,0,0,0,0,0,0,0,0,0,0,0,0,0,0,0,0,0,0,0,0
0,0,0,0,0,0,0,0,0,0,0,0,0,0,0,0,0,0,0,0,0,0,0,0,0,0,0,0,0,0,0,0,0,0,0,0,0,0,0,0,0,0,0,0,0,0,0,0,0,0,0,0,0,0,0,0,0,0,0,0,0,0,0,0,0,0,0,0,0,0,0,0,0,0,0,0,0,0,0,0,0,0,0,0,0,0,0,0,0,0,0,0,0,0,0,0,0,0,0,0,0,0,0,0,0,0,0,0,0,0,0,0,0,0,0,0,0,0,0,0,0,0,0,0,0,0,0,0,0,0,0,0,0,0,0,0,0,0,0,0,0,0,0,0,0,0,0,0,0,0,0,0,0,0,0,0,0,0,0,0,0,0,0,0,0,0,0,0,0,0,0,0,0,0,0,0,0,0,0,0,0,0,0,0,0,0,0,0,0,0,0,0,0,0,0,0,0,0
0,0,0,0,0,0,0,0,0,0,0,0,0,0,0,0,0,0,0,0,0,0,0,0,0,0,0,0,0,0,0,0,0,0,0,0,0,0,0,0,0,0,0,0,0,0,0,0,0,0,0,0,0,0,0,0,0,0,0,0,0,0,0,0,0,0,0,0,0,0,0,0,0,0,0,0,0,0,0,0,0,0,0,0,0,0,0,0,0,0,0,0,0,0,0,0,0,0,0,0,0,0,0,0,0,0,0,0,0,0,0,0,0,0,0,0,0,0,0,0,0,0,0,0,0,0,0,0,0,0,0,0,0,0,0,0,0,0,0,0,0,0,0,0,0,0,0,0,0,0,0,0,0,0,0,0,0,0,0,0,0,0,0,0,0,0,0,0,0,0,0,0,0,0,0,0,0,0,0,0,0,0,0,0,0,0,0,0,0,0,0,0,0,0,0,0,0,0
0,0,0,0,0,0,0,0,0,0,0,0,0,0,0,0,0,0,0,0,0,0,0,0,0,0,0,0,0,0,0,0,0,0,0,0,0,0,0,0,0,0,0,0,0,0,0,0,0,0,0,0,0,0,0,0,0,0,0,0,0,0,0,0,0,0,0,0,0,0,0,0,0,0,0,0,0,0,0,0,0,0,0,0,0,0,0,0,0,0,0,0,0,0,0,0,0,0,0,0,0,0,0,0,0,0,0,0,0,0,0,0,0,0,0,0,0,0,0,0,0,0,0,0,0,0,0,0,0,0,0,0,0,0,0,0,0,0,0,0,0,0,0,0,0,0,0,0,0,0,0,0,0,0,0,0,0,0,0,0,0,0,0,0,0,0,0,0,0,0,0,0,0,0,0,0,0,0,0,0,0,0,0,0,0,0,0,0,0,0,0,0,0,0,0,0,0,0
0,0,0,0,0,0,0,0,0,0,0,0,0,0,0,0,0,0,0,0,0,0,0,0,0,0,0,0,0,0,0,0,0,0,0,0,0,0,0,0,0,0,0,0,0,0,0,0,0,0,0,0,0,0,0,0,0,0,0,0,0,0,0,0,0,0,0,0,0,0,0,0,0,0,0,0,0,0,0,0,0,0,0,0,0,0,0,0,0,0,0,0,0,0,0,0,0,0,0,0,0,0,0,0,0,0,0,0,0,0,0,0,0,0,0,0,0,0,0,0,0,0,0,0,0,0,0,0,0,0,0,0,0,0,0,0,0,0,0,0,0,0,0,0,0,0,0,0,0,0,0,0,0,0,0,0,0,0,0,0,0,0,0,0,0,0,0,0,0,0,0,0,0,0,0,0,0,0,0,0,0,0,0,0,0,0,0,0,0,0,0,0,0,0,0,0,0,0
0,0,0,0,0,0,0,0,0,0,0,0,0,0,0,0,0,0,0,0,0,0,0,0,0,0,0,0,0,0,0,0,0,0,0,0,0,0,0,0,0,0,0,0,0,0,0,0,0,0,0,0,0,0,0,0,0,0,0,0,0,0,0,0,0,0,0,0,0,0,0,0,0,0,0,0,0,0,0,0,0,0,0,0,0,0,0,0,0,0,0,0,0,0,0,0,0,0,0,0,0,0,0,0,0,0,0,0,0,0,0,0,0,0,0,0,0,0,0,0,0,0,0,0,0,0,0,0,0,0,0,0,0,0,0,0,0,0,0,0,0,0,0,0,0,0,0,0,0,0,0,0,0,0,0,0,0,0,0,0,0,0,0,0,0,0,0,0,0,0,0,0,0,0,0,0,0,0,0,0,0,0,0,0,0,0,0,0,0,0,0,0,0,0,0,0,0,0
0,0,0,0,0,0,0,0,0,0,0,0,0,0,0,0,0,0,0,0,0,0,0,0,0,0,0,0,0,0,0,0,0,0,0,0,0,0,0,0,0,0,0,0,0,0,0,0,0,0,0,0,0,0,0,0,0,0,0,0,0,0,0,0,0,0,0,0,0,0,0,0,0,0,0,0,0,0,0,0,0,0,0,0,0,0,0,0,0,0,0,0,0,0,0,0,0,0,0,0,0,0,0,0,0,0,0,0,0,0,0,0,0,0,0,0,0,0,0,0,0,0,0,0,0,0,0,0,0,0,0,0,0,0,0,0,0,0,0,0,0,0,0,0,0,0,0,0,0,0,0,0,0,0,0,0,0,0,0,0,0,0,0,0,0,0,0,0,0,0,0,0,0,0,0,0,0,0,0,0,0,0,0,0,0,0,0,0,0,0,0,0,0,0,0,0,0,0
0,0,0,0,0,0,0,0,0,0,0,0,0,0,0,0,0,0,0,0,0,0,0,0,0,0,0,0,0,0,0,0,0,0,0,0,0,0,0,0,0,0,0,0,0,0,0,0,0,0,0,0,0,0,0,0,0,0,0,0,0,0,0,0,0,0,0,0,0,0,0,0,0,0,0,0,0,0,0,0,0,0,0,0,0,0,0,0,0,0,0,0,0,0,0,0,0,0,0,0,0,0,0,0,0,0,0,0,0,0,0,0,0,0,0,0,0,0,0,0,0,0,0,0,0,0,0,0,0,0,0,0,0,0,0,0,0,0,0,0,0,0,0,0,0,0,0,0,0,0,0,0,0,0,0,0,0,0,0,0,0,0,0,0,0,0,0,0,0,0,0,0,0,0,0,0,0,0,0,0,0,0,0,0,0,0,0,0,0,0,0,0,0,0,0,0,0,0
0,0,0,0,0,0,0,0,0,0,0,0,0,0,0,0,0,0,0,0,0,0,0,0,0,0,0,0,0,0,0,0,0,0,0,0,0,0,0,0,0,0,0,0,0,0,0,0,0,0,0,0,0,0,0,0,0,0,0,0,0,0,0,0,0,0,0,0,0,0,0,0,0,0,0,0,0,0,0,0,0,0,0,0,0,0,0,0,0,0,0,0,0,0,0,0,0,0,0,0,0,0,0,0,0,0,0,0,0,0,0,0,0,0,0,0,0,0,0,0,0,0,0,0,0,0,0,0,0,0,0,0,0,0,0,0,0,0,0,0,0,0,0,0,0,0,0,0,0,0,0,0,0,0,0,0,0,0,0,0,0,0,0,0,0,0,0,0,0,0,0,0,0,0,0,0,0,0,0,0,0,0,0,0,0,0,0,0,0,0,0,0,0,0,0,0,0,0
0,0,0,0,0,0,0,0,0,0,0,0,0,0,0,0,0,0,0,0,0,0,0,0,0,0,0,0,0,0,0,0,0,0,0,0,0,0,0,0,0,0,0,0,0,0,0,0,0,0,0,0,0,0,0,0,0,0,0,0,0,0,0,0,0,0,0,0,0,0,0,0,0,0,0,0,0,0,0,0,0,0,0,0,0,0,0,0,0,0,0,0,0,0,0,0,0,0,0,0,0,0,0,0,0,0,0,0,0,0,0,0,0,0,0,0,0,0,0,0,0,0,0,0,0,0,0,0,0,0,0,0,0,0,0,0,0,0,0,0,0,0,0,0,0,0,0,0,0,0,0,0,0,0,0,0,0,0,0,0,0,0,0,0,0,0,0,0,0,0,0,0,0,0,0,0,0,0,0,0,0,0,0,0,0,0,0,0,0,0,0,0,0,0,0,0,0,0
0,0,0,0,0,0,0,0,0,0,0,0,0,0,0,0,0,0,0,0,0,0,0,0,0,0,0,0,0,0,0,0,0,0,0,0,0,0,0,0,0,0,0,0,0,0,0,0,0,0,0,0,0,0,0,0,0,0,0,0,0,0,0,0,0,0,0,0,0,0,0,0,0,0,0,0,0,0,0,0,0,0,0,0,0,0,0,0,0,0,0,0,0,0,0,0,0,0,0,0,0,0,0,0,0,0,0,0,0,0,0,0,0,0,0,0,0,0,0,0,0,0,0,0,0,0,0,0,0,0,0,0,0,0,0,0,0,0,0,0,0,0,0,0,0,0,0,0,0,0,0,0,0,0,0,0,0,0,0,0,0,0,0,0,0,0,0,0,0,0,0,0,0,0,0,0,0,0,0,0,0,0,0,0,0,0,0,0,0,0,0,0,0,0,0,0,0,0
0,0,0,0,0,0,0,0,0,0,0,0,0,0,0,0,0,0,0,0,0,0,0,0,0,0,0,0,0,0,0,0,0,0,0,0,0,0,0,0,0,0,0,0,0,0,0,0,0,0,0,0,0,0,0,0,0,0,0,0,0,0,0,0,0,0,0,0,0,0,0,0,0,0,0,0,0,0,0,0,0,0,0,0,0,0,0,0,0,0,0,0,0,0,0,0,0,0,0,0,0,0,0,0,0,0,0,0,0,0,0,0,0,0,0,0,0,0,0,0,0,0,0,0,0,0,0,0,0,0,0,0,0,0,0,0,0,0,0,0,0,0,0,0,0,0,0,0,0,0,0,0,0,0,0,0,0,0,0,0,0,0,0,0,0,0,0,0,0,0,0,0,0,0,0,0,0,0,0,0,0,0,0,0,0,0,0,0,0,0,0,0,0,0,0,0,0,0
0,0,0,0,0,0,0,0,0,0,0,0,0,0,0,0,0,0,0,0,0,0,0,0,0,0,0,0,0,0,0,0,0,0,0,0,0,0,0,0,0,0,0,0,0,0,0,0,0,0,0,0,0,0,0,0,0,0,0,0,0,0,0,0,0,0,0,0,0,0,0,0,0,0,0,0,0,0,0,0,0,0,0,0,0,0,0,0,0,0,0,0,0,0,0,0,0,0,0,0,0,0,0,0,0,0,0,0,0,0,0,0,0,0,0,0,0,0,0,0,0,0,0,0,0,0,0,0,0,0,0,0,0,0,0,0,0,0,0,0,0,0,0,0,0,0,0,0,0,0,0,0,0,0,0,0,0,0,0,0,0,0,0,0,0,0,0,0,0,0,0,0,0,0,0,0,0,0,0,0,0,0,0,0,0,0,0,0,0,0,0,0,0,0,0,0,0,0
0,0,0,0,0,0,0,0,0,0,0,0,0,0,0,0,0,0,0,0,0,0,0,0,0,0,0,0,0,0,0,0,0,0,0,0,0,0,0,0,0,0,0,0,0,0,0,0,0,0,0,0,0,0,0,0,0,0,0,0,0,0,0,0,0,0,0,0,0,0,0,0,0,0,0,0,0,0,0,0,0,0,0,0,0,0,0,0,0,0,0,0,0,0,0,0,0,0,0,0,0,0,0,0,0,0,0,0,0,0,0,0,0,0,0,0,0,0,0,0,0,0,0,0,0,0,0,0,0,0,0,0,0,0,0,0,0,0,0,0,0,0,0,0,0,0,0,0,0,0,0,0,0,0,0,0,0,0,0,0,0,0,0,0,0,0,0,0,0,0,0,0,0,0,0,0,0,0,0,0,0,0,0,0,0,0,0,0,0,0,0,0,0,0,0,0,0,0
0,0,0,0,0,0,0,0,0,0,0,0,0,0,0,0,0,0,0,0,0,0,0,0,0,0,0,0,0,0,0,0,0,0,0,0,0,0,0,0,0,0,0,0,0,0,0,0,0,0,0,0,0,0,0,0,0,0,0,0,0,0,0,0,0,0,0,0,0,0,0,0,0,0,0,0,0,0,0,0,0,0,0,0,0,0,0,0,0,0,0,0,0,0,0,0,0,0,0,0,0,0,0,0,0,0,0,0,0,0,0,0,0,0,0,0,0,0,0,0,0,0,0,0,0,0,0,0,0,0,0,0,0,0,0,0,0,0,0,0,0,0,0,0,0,0,0,0,0,0,0,0,0,0,0,0,0,0,0,0,0,0,0,0,0,0,0,0,0,0,0,0,0,0,0,0,0,0,0,0,0,0,0,0,0,0,0,0,0,0,0,0,0,0,0,0,0,0
0,0,0,0,0,0,0,0,0,0,0,0,0,0,0,0,0,0,0,0,0,0,0,0,0,0,0,0,0,0,0,0,0,0,0,0,0,0,0,0,0,0,0,0,0,0,0,0,0,0,0,0,0,0,0,0,0,0,0,0,0,0,0,0,0,0,0,0,0,0,0,0,0,0,0,0,0,0,0,0,0,0,0,0,0,0,0,0,0,0,0,0,0,0,0,0,0,0,0,0,0,0,0,0,0,0,0,0,0,0,0,0,0,0,0,0,0,0,0,0,0,0,0,0,0,0,0,0,0,0,0,0,0,0,0,0,0,0,0,0,0,0,0,0,0,0,0,0,0,0,0,0,0,0,0,0,0,0,0,0,0,0,0,0,0,0,0,0,0,0,0,0,0,0,0,0,0,0,0,0,0,0,0,0,0,0,0,0,0,0,0,0,0,0,0,0,0,0
0,0,0,0,0,0,0,0,0,0,0,0,0,0,0,0,0,0,0,0,0,0,0,0,0,0,0,0,0,0,0,0,0,0,0,0,0,0,0,0,0,0,0,0,0,0,0,0,0,0,0,0,0,0,0,0,0,0,0,0,0,0,0,0,0,0,0,0,0,0,0,0,0,0,0,0,0,0,0,0,0,0,0,0,0,0,0,0,0,0,0,0,0,0,0,0,0,0,0,0,0,0,0,0,0,0,0,0,0,0,0,0,0,0,0,0,0,0,0,0,0,0,0,0,0,0,0,0,0,0,0,0,0,0,0,0,0,0,0,0,0,0,0,0,0,0,0,0,0,0,0,0,0,0,0,0,0,0,0,0,0,0,0,0,0,0,0,0,0,0,0,0,0,0,0,0,0,0,0,0,0,0,0,0,0,0,0,0,0,0,0,0,0,0,0,0,0,0
0,0,0,0,0,0,0,0,0,0,0,0,0,0,0,0,0,0,0,0,0,0,0,0,0,0,0,0,0,0,0,0,0,0,0,0,0,0,0,0,0,0,0,0,0,0,0,0,0,0,0,0,0,0,0,0,0,0,0,0,0,0,0,0,0,0,0,0,0,0,0,0,0,0,0,0,0,0,0,0,0,0,0,0,0,0,0,0,0,0,0,0,0,0,0,0,0,0,0,0,0,0,0,0,0,0,0,0,0,0,0,0,0,0,0,0,0,0,0,0,0,0,0,0,0,0,0,0,0,0,0,0,0,0,0,0,0,0,0,0,0,0,0,0,0,0,0,0,0,0,0,0,0,0,0,0,0,0,0,0,0,0,0,0,0,0,0,0,0,0,0,0,0,0,0,0,0,0,0,0,0,0,0,0,0,0,0,0,0,0,0,0,0,0,0,0,0,0
0,0,0,0,0,0,0,0,0,0,0,0,0,0,0,0,0,0,0,0,0,0,0,0,0,0,0,0,0,0,0,0,0,0,0,0,0,0,0,0,0,0,0,0,0,0,0,0,0,0,0,0,0,0,0,0,0,0,0,0,0,0,0,0,0,0,0,0,0,0,0,0,0,0,0,0,0,0,0,0,0,0,0,0,0,0,0,0,0,0,0,0,0,0,0,0,0,0,0,0,0,0,0,0,0,0,0,0,0,0,0,0,0,0,0,0,0,0,0,0,0,0,0,0,0,0,0,0,0,0,0,0,0,0,0,0,0,0,0,0,0,0,0,0,0,0,0,0,0,0,0,0,0,0,0,0,0,0,0,0,0,0,0,0,0,0,0,0,0,0,0,0,0,0,0,0,0,0,0,0,0,0,0,0,0,0,0,0,0,0,0,0,0,0,0,0,0,0
0,0,0,0,0,0,0,0,0,0,0,0,0,0,0,0,0,0,0,0,0,0,0,0,0,0,0,0,0,0,0,0,0,0,0,0,0,0,0,0,0,0,0,0,0,0,0,0,0,0,0,0,0,0,0,0,0,0,0,0,0,0,0,0,0,0,0,0,0,0,0,0,0,0,0,0,0,0,0,0,0,0,0,0,0,0,0,0,0,0,0,0,0,0,0,0,0,0,0,0,0,0,0,0,0,0,0,0,0,0,0,0,0,0,0,0,0,0,0,0,0,0,0,0,0,0,0,0,0,0,0,0,0,0,0,0,0,0,0,0,0,0,0,0,0,0,0,0,0,0,0,0,0,0,0,0,0,0,0,0,0,0,0,0,0,0,0,0,0,0,0,0,0,0,0,0,0,0,0,0,0,0,0,0,0,0,0,0,0,0,0,0,0,0,0,0,0,0
0,0,0,0,0,0,0,0,0,0,0,0,0,0,0,0,0,0,0,0,0,0,0,0,0,0,0,0,0,0,0,0,0,0,0,0,0,0,0,0,0,0,0,0,0,0,0,0,0,0,0,0,0,0,0,0,0,0,0,0,0,0,0,0,0,0,0,0,0,0,0,0,0,0,0,0,0,0,0,0,0,0,0,0,0,0,0,0,0,0,0,0,0,0,0,0,0,0,0,0,0,0,0,0,0,0,0,0,0,0,0,0,0,0,0,0,0,0,0,0,0,0,0,0,0,0,0,0,0,0,0,0,0,0,0,0,0,0,0,0,0,0,0,0,0,0,0,0,0,0,0,0,0,0,0,0,0,0,0,0,0,0,0,0,0,0,0,0,0,0,0,0,0,0,0,0,0,0,0,0,0,0,0,0,0,0,0,0,0,0,0,0,0,0,0,0,0,0
0,0,0,0,0,0,0,0,0,0,0,0,0,0,0,0,0,0,0,0,0,0,0,0,0,0,0,0,0,0,0,0,0,0,0,0,0,0,0,0,0,0,0,0,0,0,0,0,0,0,0,0,0,0,0,0,0,0,0,0,0,0,0,0,0,0,0,0,0,0,0,0,0,0,0,0,0,0,0,0,0,0,0,0,0,0,0,0,0,0,0,0,0,0,0,0,0,0,0,0,0,0,0,0,0,0,0,0,0,0,0,0,0,0,0,0,0,0,0,0,0,0,0,0,0,0,0,0,0,0,0,0,0,0,0,0,0,0,0,0,0,0,0,0,0,0,0,0,0,0,0,0,0,0,0,0,0,0,0,0,0,0,0,0,0,0,0,0,0,0,0,0,0,0,0,0,0,0,0,0,0,0,0,0,0,0,0,0,0,0,0,0,0,0,0,0,0,0
0,0,0,0,0,0,0,0,0,0,0,0,0,0,0,0,0,0,0,0,0,0,0,0,0,0,0,0,0,0,0,0,0,0,0,0,0,0,0,0,0,0,0,0,0,0,0,0,0,0,0,0,0,0,0,0,0,0,0,0,0,0,0,0,0,0,0,0,0,0,0,0,0,0,0,0,0,0,0,0,0,0,0,0,0,0,0,0,0,0,0,0,0,0,0,0,0,0,0,0,0,0,0,0,0,0,0,0,0,0,0,0,0,0,0,0,0,0,0,0,0,0,0,0,0,0,0,0,0,0,0,0,0,0,0,0,0,0,0,0,0,0,0,0,0,0,0,0,0,0,0,0,0,0,0,0,0,0,0,0,0,0,0,0,0,0,0,0,0,0,0,0,0,0,0,0,0,0,0,0,0,0,0,0,0,0,0,0,0,0,0,0,0,0,0,0,0,0
0,0,0,0,0,0,0,0,0,0,0,0,0,0,0,0,0,0,0,0,0,0,0,0,0,0,0,0,0,0,0,0,0,0,0,0,0,0,0,0,0,0,0,0,0,0,0,0,0,0,0,0,0,0,0,0,0,0,0,0,0,0,0,0,0,0,0,0,0,0,0,0,0,0,0,0,0,0,0,0,0,0,0,0,0,0,0,0,0,0,0,0,0,0,0,0,0,0,0,0,0,0,0,0,0,0,0,0,0,0,0,0,0,0,0,0,0,0,0,0,0,0,0,0,0,0,0,0,0,0,0,0,0,0,0,0,0,0,0,0,0,0,0,0,0,0,0,0,0,0,0,0,0,0,0,0,0,0,0,0,0,0,0,0,0,0,0,0,0,0,0,0,0,0,0,0,0,0,0,0,0,0,0,0,0,0,0,0,0,0,0,0,0,0,0,0,0,0
0,0,0,0,0,0,0,0,0,0,0,0,0,0,0,0,0,0,0,0,0,0,0,0,0,0,0,0,0,0,0,0,0,0,0,0,0,0,0,0,0,0,0,0,0,0,0,0,0,0,0,0,0,0,0,0,0,0,0,0,0,0,0,0,0,0,0,0,0,0,0,0,0,0,0,0,0,0,0,0,0,0,0,0,0,0,0,0,0,0,0,0,0,0,0,0,0,0,0.4415342,0.4415342,0.4415342,0.4415342,0.4415342,0.4415342,0.4415342,0.4415342,0.4415342,0.4415342,0.4415342,0.4415342,0.4415342,0.4415342,0.4415342,0.4415342,0.4415342,0.4415342,0.4415342,0.4415342,0.4415342,0.4415342,0.4415342,0.4415342,0.4415342,0.4415342,0.4415342,0.4415342,0.4415342,0.4415342,0.4415342,0.4415342,0.4415342,0.4415342,0.4415342,0.4415342,0.4415342,0.4415342,0.4415342,0.4415342,0.4415342,0.4415342,0.4415342,0.4415342,0.4415342,0.4415342,0.4415342,0.4415342,0.4415342,0.4415342,0.4415342,0.4415342,0.4415342,0.4415342,0.4415342,0.4415342,0.4415342,0.4415342,0.4415342,0.4415342,0.4415342,0.4415342,0.4415342,0.4415342,0.4415342,0.4415342,0.4415342,0.4415342,0.4415342,0.4415342,0.4415342,0.4415342,0.4415342,0.4415342,0.4415342,0.4415342,0.4415342,0.4415342,0.4415342,0.4415342,0.4415342,0.4415342,0.4415342,0.4415342,0.4415342,0.4415342,0.4415342,0.4415342,0.4415342,0.4415342,0.4415342,0.4415342,0.4415342,0.4415342,0.4415342,0.4415342,0.4415342,0.4415342,0.4415342,0
0,0.4415342,0.4415342,0.4415342,0.4415342,0.4415342,0.4415342,0.4415342,0.4415342,0.4415342,0.4415342,0.4415342,0.4415342,0.4415342,0.4415342,0.4415342,0.4415342,0.4415342,0.4415342,0.4415342,0.4415342,0.4415342,0.4415342,0.4415342,0.4415342,0.4415342,0.4415342,0.4415342,0.4415342,0.4415342,0.4415342,0.4415342,0.4415342,0.4415342,0.4415342,0.4415342,0.4415342,0.4415342,0.4415342,0.4415342,0.4415342,0.4415342,0.4415342,0.4415342,0.4415342,0.4415342,0.4415342,0.4415342,0.4415342,0.4415342,0.4415342,0.4415342,0.4415342,0.4415342,0.4415342,0.4415342,0.4415342,0.4415342,0.4415342,0.4415342,0.4415342,0.4415342,0.4415342,0.4415342,0.4415342,0.4415342,0.4415342,0.4415342,0.4415342,0.4415342,0.4415342,0.4415342,0.4415342,0.4415342,0.4415342,0.4415342,0.4415342,0.4415342,0.4415342,0.4415342,0.4415342,0.4415342,0.4415342,0.4415342,0.4415342,0.4415342,0.4415342,0.4415342,0.4415342,0.4415342,0.4415342,0.4415342,0.4415342,0.4415342,0.4415342,0.4415342,0.4415342,0.4415342,0.4415342,0.4415342,0.4415342,0.4415342,0.4415342,0.4415342,0.4415342,0.4415342,0.4415342,0.4415342,0.4415342,0.4415342,0.4415342,0.4415342,0.4415342,0.4415342,0.4415342,0.4415342,0.4415342,0.4415342,0.4415342,0.4415342,0.4415342,0.4415342,0.4415342,0.4415342,0.4415342,0.4415342,0.4415342,0.4415342,0.4415342,0.4415342,0.4415342,0.4415342,0.4415342,0.4415342,0.4415342,0.4415342,0.4415342,0.4415342,0.4415342,0.4415342,0.4415342,0.4415342,0.4415342,0.4415342,0.4415342,0.4415342,0.4415342,0.4415342,0.4415342,0.4415342,0.4415342,0.4415342,0.4415342,0.4415342,0.4415342,0.4415342,0.4415342,0.4415342,0.4415342,0.4415342,0.4415342,0.4415342,0.4415342,0.4415342,0.4415342,0.4415342,0.4415342,0.4415342,0.4415342,0.4415342,0.4415342,0.4415342,0.4415342,0.4415342,0.4415342,0.4415342,0.4415342,0.4415342,0.4415342,0.4415342,0.4415342,0.4415342,0.4415342,0.4415342,0.4415342,0.4415342,0.4415342,0.4415342,0.4415342,0.4415342,0.4415342,0.4415342,0.4415342,0.4415342,0.4415342,0.4415342,0.4415342,0
0,0.4415342,0.4415342,0.4415342,0.4415342,0.4415342,0.4415342,0.4415342,0.4415342,0.4415342,0.4415342,0.4415342,0.4415342,0.4415342,0.4415342,0.4415342,0.4415342,0.4415342,0.4415342,0.4415342,0.4415342,0.4415342,0.4415342,0.4415342,0.4415342,0.4415342,0.4415342,0.4415342,0.4415342,0.4415342,0.4415342,0.4415342,0.4415342,0.4415342,0.4415342,0.4415342,0.4415342,0.4415342,0.4415342,0.4415342,0.4415342,0.4415342,0.4415342,0.4415342,0.4415342,0.4415342,0.4415342,0.4415342,0.4415342,0.4415342,0.4415342,0.4415342,0.4415342,0.4415342,0.4415342,0.4415342,0.4415342,0.4415342,0.4415342,0.4415342,0.4415342,0.4415342,0.4415342,0.4415342,0.4415342,0.4415342,0.4415342,0.4415342,0.4415342,0.4415342,0.4415342,0.4415342,0.4415342,0.4415342,0.4415342,0.4415342,0.4415342,0.4415342,0.4415342,0.4415342,0.4415342,0.4415342,0.4415342,0.4415342,0.4415342,0.4415342,0.4415342,0.4415342,0.4415342,0.4415342,0.4415342,0.4415342,0.4415342,0.4415342,0.4415342,0.4415342,0.4415342,0.4415342,0.4415342,0.4415342,0.4415342,0.4415342,0.4415342,0.4415342,0.4415342,0.4415342,0.4415342,0.4415342,0.4415342,0.4415342,0.4415342,0.4415342,0.4415342,0.4415342,0.4415342,0.4415342,0.4415342,0.4415342,0.4415342,0.4415342,0.4415342,0.4415342,0.4415342,0.4415342,0.4415342,0.4415342,0.4415342,0.4415342,0.4415342,0.4415342,0.4415342,0.4415342,0.4415342,0.4415342,0.4415342,0.4415342,0.4415342,0.4415342,0.4415342,0.4415342,0.4415342,0.4415342,0.4415342,0.4415342,0.4415342,0.4415342,0.4415342,0.4415342,0.4415342,0.4415342,0.4415342,0.4415342,0.4415342,0.4415342,0.4415342,0.4415342,0.4415342,0.4415342,0.4415342,0.4415342,0.4415342,0.4415342,0.4415342,0.4415342,0.4415342,0.4415342,0.4415342,0.4415342,0.4415342,0.4415342,0.4415342,0.4415342,0.4415342,0.4415342,0.4415342,0.4415342,0.4415342,0.4415342,0.4415342,0.4415342,0.4415342,0.4415342,0.4415342,0.4415342,0.4415342,0.4415342,0.4415342,0.4415342,0.4415342,0.4415342,0.4415342,0.4415342,0.4415342,0.4415342,0.4415342,0.4415342,0.4415342,0
0,0.4415342,0.4415342,0.4415342,0.4415342,0.4415342,0.4415342,0.4415342,0.4415342,0.4415342,0.4415342,0.4415342,0.4415342,0.4415342,0.4415342,0.4415342,0.4415342,0.4415342,0.4415342,0.4415342,0.4415342,0.4415342,0.4415342,0.4415342,0.4415342,0.4415342,0.4415342,0.4415342,0.4415342,0.4415342,0.4415342,0.4415342,0.4415342,0.4415342,0.4415342,0.4415342,0.4415342,0.4415342,0.4415342,0.4415342,0.4415342,0.4415342,0.4415342,0.4415342,0.4415342,0.4415342,0.4415342,0.4415342,0.4415342,0.4415342,0.4415342,0.4415342,0.4415342,0.4415342,0.4415342,0.4415342,0.4415342,0.4415342,0.4415342,0.4415342,0.4415342,0.4415342,0.4415342,0.4415342,0.4415342,0.4415342,0.4415342,0.4415342,0.4415342,0.4415342,0.4415342,0.4415342,0.4415342,0.4415342,0.4415342,0.4415342,0.4415342,0.4415342,0.4415342,0.4415342,0.4415342,0.4415342,0.4415342,0.4415342,0.4415342,0.4415342,0.4415342,0.4415342,0.4415342,0.4415342,0.4415342,0.4415342,0.4415342,0.4415342,0.4415342,0.4415342,0.4415342,0.4415342,0.4415342,0.4415342,0.4415342,0.4415342,0.4415342,0.4415342,0.4415342,0.4415342,0.4415342,0.4415342,0.4415342,0.4415342,0.4415342,0.4415342,0.4415342,0.4415342,0.4415342,0.4415342,0.4415342,0.4415342,0.4415342,0.4415342,0.4415342,0.4415342,0.4415342,0.4415342,0.4415342,0.4415342,0.4415342,0.4415342,0.4415342,0.4415342,0.4415342,0.4415342,0.4415342,0.4415342,0.4415342,0.4415342,0.4415342,0.4415342,0.4415342,0.4415342,0.4415342,0.4415342,0.4415342,0.4415342,0.4415342,0.4415342,0.4415342,0.4415342,0.4415342,0.4415342,0.4415342,0.4415342,0.4415342,0.4415342,0.4415342,0.4415342,0.4415342,0.4415342,0.4415342,0.4415342,0.4415342,0.4415342,0.4415342,0.4415342,0.4415342,0.4415342,0.4415342,0.4415342,0.4415342,0.4415342,0.4415342,0.4415342,0.4415342,0.4415342,0.4415342,0.4415342,0.4415342,0.4415342,0.4415342,0.4415342,0.4415342,0.4415342,0.4415342,0.4415342,0.4415342,0.4415342,0.4415342,0.4415342,0.4415342,0.4415342,0.4415342,0.4415342,0.4415342,0.4415342,0.4415342,0.4415342,0.4415342,0
0,0.4415342,0.4415342,0.4415342,0.4415342,0.4415342,0.4415342,0.4415342,0.4415342,0.4415342,0.4415342,0.4415342,0.4415342,0.4415342,0.4415342,0.4415342,0.4415342,0.4415342,0.4415342,0.4415342,0.4415342,0.4415342,0.4415342,0.4415342,0.4415342,0.4415342,0.4415342,0.4415342,0.4415342,0.4415342,0.4415342,0.4415342,0.4415342,0.4415342,0.4415342,0.4415342,0.4415342,0.4415342,0.4415342,0.4415342,0.4415342,0.4415342,0.4415342,0.4415342,0.4415342,0.4415342,0.4415342,0.4415342,0.4415342,0.4415342,0.4415342,0.4415342,0.4415342,0.4415342,0.4415342,0.4415342,0.4415342,0.4415342,0.4415342,0.4415342,0.4415342,0.4415342,0.4415342,0.4415342,0.4415342,0.4415342,0.4415342,0.4415342,0.4415342,0.4415342,0.4415342,0.4415342,0.4415342,0.4415342,0.4415342,0.4415342,0.4415342,0.4415342,0.4415342,0.4415342,0.4415342,0.4415342,0.4415342,0.4415342,0.4415342,0.4415342,0.4415342,0.4415342,0.4415342,0.4415342,0.4415342,0.4415342,0.4415342,0.4415342,0.4415342,0.4415342,0.4415342,0.4415342,0.4415342,0.4415342,0.4415342,0.4415342,0.4415342,0.4415342,0.4415342,0.4415342,0.4415342,0.4415342,0.4415342,0.4415342,0.4415342,0.4415342,0.4415342,0.4415342,0.4415342,0.4415342,0.4415342,0.4415342,0.4415342,0.4415342,0.4415342,0.4415342,0.4415342,0.4415342,0.4415342,0.4415342,0.4415342,0.4415342,0.4415342,0.4415342,0.4415342,0.4415342,0.4415342,0.4415342,0.4415342,0.4415342,0.4415342,0.4415342,0.4415342,0.4415342,0.4415342,0.4415342,0.4415342,0.4415342,0.4415342,0.4415342,0.4415342,0.4415342,0.4415342,0.4415342,0.4415342,0.4415342,0.4415342,0.4415342,0.4415342,0.4415342,0.4415342,0.4415342,0.4415342,0.4415342,0.4415342,0.4415342,0.4415342,0.4415342,0.4415342,0.4415342,0.4415342,0.4415342,0.4415342,0.4415342,0.4415342,0.4415342,0.4415342,0.4415342,0.4415342,0.4415342,0.4415342,0.4415342,0.4415342,0.4415342,0.4415342,0.4415342,0.4415342,0.4415342,0.4415342,0.4415342,0.4415342,0.4415342,0.4415342,0.4415342,0.4415342,0.4415342,0.4415342,0.4415342,0.4415342,0.4415342,0.4415342,0
0,0.4415342,0.4415342,0.4415342,0.4415342,0.4415342,0.4415342,0.4415342,0.4415342,0.4415342,0.4415342,0.4415342,0.4415342,0.4415342,0.4415342,0.4415342,0.4415342,0.4415342,0.4415342,0.4415342,0.4415342,0.4415342,0.4415342,0.4415342,0.4415342,0.4415342,0.4415342,0.4415342,0.4415342,0.4415342,0.4415342,0.4415342,0.4415342,0.4415342,0.4415342,0.4415342,0.4415342,0.4415342,0.4415342,0.4415342,0.4415342,0.4415342,0.4415342,0.4415342,0.4415342,0.4415342,0.4415342,0.4415342,0.4415342,0.4415342,0.4415342,0.4415342,0.4415342,0.4415342,0.4415342,0.4415342,0.4415342,0.4415342,0.4415342,0.4415342,0.4415342,0.4415342,0.4415342,0.4415342,0.4415342,0.4415342,0.4415342,0.4415342,0.4415342,0.4415342,0.4415342,0.4415342,0.4415342,0.4415342,0.4415342,0.4415342,0.4415342,0.4415342,0.4415342,0.4415342,0.4415342,0.4415342,0.4415342,0.4415342,0.4415342,0.4415342,0.4415342,0.4415342,0.4415342,0.4415342,0.4415342,0.4415342,0.4415342,0.4415342,0.4415342,0.4415342,0.4415342,0.4415342,0.4415342,0.4415342,0.4415342,0.4415342,0.4415342,0.4415342,0.4415342,0.4415342,0.4415342,0.4415342,0.4415342,0.4415342,0.4415342,0.4415342,0.4415342,0.4415342,0.4415342,0.4415342,0.4415342,0.4415342,0.4415342,0.4415342,0.4415342,0.4415342,0.4415342,0.4415342,0.4415342,0.4415342,0.4415342,0.4415342,0.4415342,0.4415342,0.4415342,0.4415342,0.4415342,0.4415342,0.4415342,0.4415342,0.4415342,0.4415342,0.4415342,0.4415342,0.4415342,0.4415342,0.4415342,0.4415342,0.4415342,0.4415342,0.4415342,0.4415342,0.4415342,0.4415342,0.4415342,0.4415342,0.4415342,0.4415342,0.4415342,0.4415342,0.4415342,0,0,0,0,0,0,0,0,0,0,0,0,0,0,0,0,0,0,0,0,0,0,0,0,0,0,0,0,0,0,0,0,0,0,0,0,0,0,0,0,0
0,0,0,0,0,0,0,0,0,0,0,0,0,0,0,0,0,0,0,0,0,0,0,0,0,0,0,0,0,0,0,0,0,0,0,0,0,0,0,0,0,0,0,0,0,0,0,0,0,0,0,0,0,0,0,0,0,0,0,0,0,0,0,0,0,0,0,0,0,0,0,0,0,0,0,0,0,0,0,0,0,0,0,0,0,0,0,0,0,0,0,0,0,0,0,0,0,0,0,0,0,0,0,0,0,0,0,0,0,0,0,0,0,0,0,0,0,0,0,0,0,0,0,0,0,0,0,0,0,0,0,0,0,0,0,0,0,0,0,0,0,0,0,0,0,0,0,0,0,0,0,0,0,0,0,0,0,0,0,0,0,0,0,0,0,0,0,0,0,0,0,0,0,0,0,0,0,0,0,0,0,0,0,0,0,0,0,0,0,0,0,0,0,0,0,0,0,0
0,0,0,0,0,0,0,0,0,0,0,0,0,0,0,0,0,0,0,0,0,0,0,0,0,0,0,0,0,0,0,0,0,0,0,0,0,0,0,0,0,0,0,0,0,0,0,0,0,0,0,0,0,0,0,0,0,0,0,0,0,0,0,0,0,0,0,0,0,0,0,0,0,0,0,0,0,0,0,0,0,0,0,0,0,0,0,0,0,0,0,0,0,0,0,0,0,0,0,0,0,0,0,0,0,0,0,0,0,0,0,0,0,0,0,0,0,0,0,0,0,0,0,0,0,0,0,0,0,0,0,0,0,0,0,0,0,0,0,0,0,0,0,0,0,0,0,0,0,0,0,0,0,0,0,0,0,0,0,0,0,0,0,0,0,0,0,0,0,0,0,0,0,0,0,0,0,0,0,0,0,0,0,0,0,0,0,0,0,0,0,0,0,0,0,0,0,0
0,0,0,0,0,0,0,0,0,0,0,0,0,0,0,0,0,0,0,0,0,0,0,0,0,0,0,0,0,0,0,0,0,0,0,0,0,0,0,0,0,0,0,0,0,0,0,0,0,0,0,0,0,0,0,0,0,0,0,0,0,0,0,0,0,0,0,0,0,0,0,0,0,0,0,0,0,0,0,0,0,0,0,0,0,0,0,0,0,0,0,0,0,0,0,0,0,0,0,0,0,0,0,0,0,0,0,0,0,0,0,0,0,0,0,0,0,0,0,0,0,0,0,0,0,0,0,0,0,0,0,0,0,0,0,0,0,0,0,0,0,0,0,0,0,0,0,0,0,0,0,0,0,0,0,0,0,0,0,0,0,0,0,0,0,0,0,0,0,0,0,0,0,0,0,0,0,0,0,0,0,0,0,0,0,0,0,0,0,0,0,0,0,0,0,0,0,0
0,0,0,0,0,0,0,0,0,0,0,0,0,0,0,0,0,0,0,0,0,0,0,0,0,0,0,0,0,0,0,0,0,0,0,0,0,0,0,0,0,0,0,0,0,0,0,0,0,0,0,0,0,0,0,0,0,0,0,0,0,0,0,0,0,0,0,0,0,0,0,0,0,0,0,0,0,0,0,0,0,0,0,0,0,0,0,0,0,0,0,0,0,0,0,0,0,0,0,0,0,0,0,0,0,0,0,0,0,0,0,0,0,0,0,0,0,0,0,0,0,0,0,0,0,0,0,0,0,0,0,0,0,0,0,0,0,0,0,0,0,0,0,0,0,0,0,0,0,0,0,0,0,0,0,0,0,0,0,0,0,0,0,0,0,0,0,0,0,0,0,0,0,0,0,0,0,0,0,0,0,0,0,0,0,0,0,0,0,0,0,0,0,0,0,0,0,0
0,0,0,0,0,0,0,0,0,0,0,0,0,0,0,0,0,0,0,0,0,0,0,0,0,0,0,0,0,0,0,0,0,0,0,0,0,0,0,0,0,0,0,0,0,0,0,0,0,0,0,0,0,0,0,0,0,0,0,0,0,0,0,0,0,0,0,0,0,0,0,0,0,0,0,0,0,0,0,0,0,0,0,0,0,0,0,0,0,0,0,0,0,0,0,0,0,0,0,0,0,0,0,0,0,0,0,0,0,0,0,0,0,0,0,0,0,0,0,0,0,0,0,0,0,0,0,0,0,0,0,0,0,0,0,0,0,0,0,0,0,0,0,0,0,0,0,0,0,0,0,0,0,0,0,0,0,0,0,0,0,0,0,0,0,0,0,0,0,0,0,0,0,0,0,0,0,0,0,0,0,0,0,0,0,0,0,0,0,0,0,0,0,0,0,0,0,0
0,0,0,0,0,0,0,0,0,0,0,0,0,0,0,0,0,0,0,0,0,0,0,0,0,0,0,0,0,0,0,0,0,0,0,0,0,0,0,0,0,0,0,0,0,0,0,0,0,0,0,0,0,0,0,0,0,0,0,0,0,0,0,0,0,0,0,0,0,0,0,0,0,0,0,0,0,0,0,0,0,0,0,0,0,0,0,0,0,0,0,0,0,0,0,0,0,0,0,0,0,0,0,0,0,0,0,0,0,0,0,0,0,0,0,0,0,0,0,0,0,0,0,0,0,0,0,0,0,0,0,0,0,0,0,0,0,0,0,0,0,0,0,0,0,0,0,0,0,0,0,0,0,0,0,0,0,0,0,0,0,0,0,0,0,0,0,0,0,0,0,0,0,0,0,0,0,0,0,0,0,0,0,0,0,0,0,0,0,0,0,0,0,0,0,0,0,0
0,0,0,0,0,0,0,0,0,0,0,0,0,0,0,0,0,0,0,0,0,0,0,0,0,0,0,0,0,0,0,0,0,0,0,0,0,0,0,0,0,0,0,0,0,0,0,0,0,0,0,0,0,0,0,0,0,0,0,0,0,0,0,0,0,0,0,0,0,0,0,0,0,0,0,0,0,0,0,0,0,0,0,0,0,0,0,0,0,0,0,0,0,0,0,0,0,0,0,0,0,0,0,0,0,0,0,0,0,0,0,0,0,0,0,0,0,0,0,0,0,0,0,0,0,0,0,0,0,0,0,0,0,0,0,0,0,0,0,0,0,0,0,0,0,0,0,0,0,0,0,0,0,0,0,0,0,0,0,0,0,0,0,0,0,0,0,0,0,0,0,0,0,0,0,0,0,0,0,0,0,0,0,0,0,0,0,0,0,0,0,0,0,0,0,0,0,0
0,0,0,0,0,0,0,0,0,0,0,0,0,0,0,0,0,0,0,0,0,0,0,0,0,0,0,0,0,0,0,0,0,0,0,0,0,0,0,0,0,0,0,0,0,0,0,0,0,0,0,0,0,0,0,0,0,0,0,0,0,0,0,0,0,0,0,0,0,0,0,0,0,0,0,0,0,0,0,0,0,0,0,0,0,0,0,0,0,0,0,0,0,0,0,0,0,0,0,0,0,0,0,0,0,0,0,0,0,0,0,0,0,0,0,0,0,0,0,0,0,0,0,0,0,0,0,0,0,0,0,0,0,0,0,0,0,0,0,0,0,0,0,0,0,0,0,0,0,0,0,0,0,0,0,0,0,0,0,0,0,0,0,0,0,0,0,0,0,0,0,0,0,0,0,0,0,0,0,0,0,0,0,0,0,0,0,0,0,0,0,0,0,0,0,0,0,0
0,0,0,0,0,0,0,0,0,0,0,0,0,0,0,0,0,0,0,0,0,0,0,0,0,0,0,0,0,0,0,0,0,0,0,0,0,0,0,0,0,0,0,0,0,0,0,0,0,0,0,0,0,0,0,0,0,0,0,0,0,0,0,0,0,0,0,0,0,0,0,0,0,0,0,0,0,0,0,0,0,0,0,0,0,0,0,0,0,0,0,0,0,0,0,0,0,0,0,0,0,0,0,0,0,0,0,0,0,0,0,0,0,0,0,0,0,0,0,0,0,0,0,0,0,0,0,0,0,0,0,0,0,0,0,0,0,0,0,0,0,0,0,0,0,0,0,0,0,0,0,0,0,0,0,0,0,0,0,0,0,0,0,0,0,0,0,0,0,0,0,0,0,0,0,0,0,0,0,0,0,0,0,0,0,0,0,0,0,0,0,0,0,0,0,0,0,0
0,0,0,0,0,0,0,0,0,0,0,0,0,0,0,0,0,0,0,0,0,0,0,0,0,0,0,0,0,0,0,0,0,0,0,0,0,0,0,0,0,0,0,0,0,0,0,0,0,0,0,0,0,0,0,0,0,0,0,0,0,0,0,0,0,0,0,0,0,0,0,0,0,0,0,0,0,0,0,0,0,0,0,0,0,0,0,0,0,0,0,0,0,0,0,0,0,0,0,0,0,0,0,0,0,0,0,0,0,0,0,0,0,0,0,0,0,0,0,0,0,0,0,0,0,0,0,0,0,0,0,0,0,0,0,0,0,0,0,0,0,0,0,0,0,0,0,0,0,0,0,0,0,0,0,0,0,0,0,0,0,0,0,0,0,0,0,0,0,0,0,0,0,0,0,0,0,0,0,0,0,0,0,0,0,0,0,0,0,0,0,0,0,0,0,0,0,0
0,0,0,0,0,0,0,0,0,0,0,0,0,0,0,0,0,0,0,0,0,0,0,0,0,0,0,0,0,0,0,0,0,0,0,0,0,0,0,0,0,0,0,0,0,0,0,0,0,0,0,0,0,0,0,0,0,0,0,0,0,0,0,0,0,0,0,0,0,0,0,0,0,0,0,0,0,0,0,0,0,0,0,0,0,0,0,0,0,0,0,0,0,0,0,0,0,0,0,0,0,0,0,0,0,0,0,0,0,0,0,0,0,0,0,0,0,0,0,0,0,0,0,0,0,0,0,0,0,0,0,0,0,0,0,0,0,0,0,0,0,0,0,0,0,0,0,0,0,0,0,0,0,0,0,0,0,0,0,0,0,0,0,0,0,0,0,0,0,0,0,0,0,0,0,0,0,0,0,0,0,0,0,0,0,0,0,0,0,0,0,0,0,0,0,0,0,0
0,0,0,0,0,0,0,0,0,0,0,0,0,0,0,0,0,0,0,0,0,0,0,0,0,0,0,0,0,0,0,0,0,0,0,0,0,0,0,0,0,0,0,0,0,0,0,0,0,0,0,0,0,0,0,0,0,0,0,0,0,0,0,0,0,0,0,0,0,0,0,0,0,0,0,0,0,0,0,0,0,0,0,0,0,0,0,0,0,0,0,0,0,0,0,0,0,0,0,0,0,0,0,0,0,0,0,0,0,0,0,0,0,0,0,0,0,0,0,0,0,0,0,0,0,0,0,0,0,0,0,0,0,0,0,0,0,0,0,0,0,0,0,0,0,0,0,0,0,0,0,0,0,0,0,0,0,0,0,0,0,0,0,0,0,0,0,0,0,0,0,0,0,0,0,0,0,0,0,0,0,0,0,0,0,0,0,0,0,0,0,0,0,0,0,0,0,0
0,0,0,0,0,0,0,0,0,0,0,0,0,0,0,0,0,0,0,0,0,0,0,0,0,0,0,0,0,0,0,0,0,0,0,0,0,0,0,0,0,0,0,0,0,0,0,0,0,0,0,0,0,0,0,0,0,0,0,0,0,0,0,0,0,0,0,0,0,0,0,0,0,0,0,0,0,0,0,0,0,0,0,0,0,0,0,0,0,0,0,0,0,0,0,0,0,0,0,0,0,0,0,0,0,0,0,0,0,0,0,0,0,0,0,0,0,0,0,0,0,0,0,0,0,0,0,0,0,0,0,0,0,0,0,0,0,0,0,0,0,0,0,0,0,0,0,0,0,0,0,0,0,0,0,0,0,0,0,0,0,0,0,0,0,0,0,0,0,0,0,0,0,0,0,0,0,0,0,0,0,0,0,0,0,0,0,0,0,0,0,0,0,0,0,0,0,0
0,0,0,0,0,0,0,0,0,0,0,0,0,0,0,0,0,0,0,0,0,0,0,0,0,0,0,0,0,0,0,0,0,0,0,0,0,0,0,0,0,0,0,0,0,0,0,0,0,0,0,0,0,0,0,0,0,0,0,0,0,0,0,0,0,0,0,0,0,0,0,0,0,0,0,0,0,0,0,0,0,0,0,0,0,0,0,0,0,0,0,0,0,0,0,0,0,0,0,0,0,0,0,0,0,0,0,0,0,0,0,0,0,0,0,0,0,0,0,0,0,0,0,0,0,0,0,0,0,0,0,0,0,0,0,0,0,0,0,0,0,0,0,0,0,0,0,0,0,0,0,0,0,0,0,0,0,0,0,0,0,0,0,0,0,0,0,0,0,0,0,0,0,0,0,0,0,0,0,0,0,0,0,0,0,0,0,0,0,0,0,0,0,0,0,0,0,0
0,0,0,0,0,0,0,0,0,0,0,0,0,0,0,0,0,0,0,0,0,0,0,0,0,0,0,0,0,0,0,0,0,0,0,0,0,0,0,0,0,0,0,0,0,0,0,0,0,0,0,0,0,0,0,0,0,0,0,0,0,0,0,0,0,0,0,0,0,0,0,0,0,0,0,0,0,0,0,0,0,0,0,0,0,0,0,0,0,0,0,0,0,0,0,0,0,0,0,0,0,0,0,0,0,0,0,0,0,0,0,0,0,0,0,0,0,0,0,0,0,0,0,0,0,0,0,0,0,0,0,0,0,0,0,0,0,0,0,0,0,0,0,0,0,0,0,0,0,0,0,0,0,0,0,0,0,0,0,0,0,0,0,0,0,0,0,0,0,0,0,0,0,0,0,0,0,0,0,0,0,0,0,0,0,0,0,0,0,0,0,0,0,0,0,0,0,0
0,0,0,0,0,0,0,0,0,0,0,0,0,0,0,0,0,0,0,0,0,0,0,0,0,0,0,0,0,0,0,0,0,0,0,0,0,0,0,0,0,0,0,0,0,0,0,0,0,0,0,0,0,0,0,0,0,0,0,0,0,0,0,0,0,0,0,0,0,0,0,0,0,0,0,0,0,0,0,0,0,0,0,0,0,0,0,0,0,0,0,0,0,0,0,0,0,0,0,0,0,0,0,0,0,0,0,0,0,0,0,0,0,0,0,0,0,0,0,0,0,0,0,0,0,0,0,0,0,0,0,0,0,0,0,0,0,0,0,0,0,0,0,0,0,0,0,0,0,0,0,0,0,0,0,0,0,0,0,0,0,0,0,0,0,0,0,0,0,0,0,0,0,0,0,0,0,0,0,0,0,0,0,0,0,0,0,0,0,0,0,0,0,0,0,0,0,0
0,0,0,0,0,0,0,0,0,0,0,0,0,0,0,0,0,0,0,0,0,0,0,0,0,0,0,0,0,0,0,0,0,0,0,0,0,0,0,0,0,0,0,0,0,0,0,0,0,0,0,0,0,0,0,0,0,0,0,0,0,0,0,0,0,0,0,0,0,0,0,0,0,0,0,0,0,0,0,0,0,0,0,0,0,0,0,0,0,0,0,0,0,0,0,0,0,0,0,0,0,0,0,0,0,0,0,0,0,0,0,0,0,0,0,0,0,0,0,0,0,0,0,0,0,0,0,0,0,0,0,0,0,0,0,0,0,0,0,0,0,0,0,0,0,0,0,0,0,0,0,0,0,0,0,0,0,0,0,0,0,0,0,0,0,0,0,0,0,0,0,0,0,0,0,0,0,0,0,0,0,0,0,0,0,0,0,0,0,0,0,0,0,0,0,0,0,0
0,0,0,0,0,0,0,0,0,0,0,0,0,0,0,0,0,0,0,0,0,0,0,0,0,0,0,0,0,0,0,0,0,0,0,0,0,0,0,0,0,0,0,0,0,0,0,0,0,0,0,0,0,0,0,0,0,0,0,0,0,0,0,0,0,0,0,0,0,0,0,0,0,0,0,0,0,0,0,0,0,0,0,0,0,0,0,0,0,0,0,0,0,0,0,0,0,0,0,0,0,0,0,0,0,0,0,0,0,0,0,0,0,0,0,0,0,0,0,0,0,0,0,0,0,0,0,0,0,0,0,0,0,0,0,0,0,0,0,0,0,0,0,0,0,0,0,0,0,0,0,0,0,0,0,0,0,0,0,0,0,0,0,0,0,0,0,0,0,0,0,0,0,0,0,0,0,0,0,0,0,0,0,0,0,0,0,0,0,0,0,0,0,0,0,0,0,0
0,0,0,0,0,0,0,0,0,0,0,0,0,0,0,0,0,0,0,0,0,0,0,0,0,0,0,0,0,0,0,0,0,0,0,0,0,0,0,0,0,0,0,0,0,0,0,0,0,0,0,0,0,0,0,0,0,0,0,0,0,0,0,0,0,0,0,0,0,0,0,0,0,0,0,0,0,0,0,0,0,0,0,0,0,0,0,0,0,0,0,0,0,0,0,0,0,0,0,0,0,0,0,0,0,0,0,0,0,0,0,0,0,0,0,0,0,0,0,0,0,0,0,0,0,0,0,0,0,0,0,0,0,0,0,0,0,0,0,0,0,0,0,0,0,0,0,0,0,0,0,0,0,0,0,0,0,0,0,0,0,0,0,0,0,0,0,0,0,0,0,0,0,0,0,0,0,0,0,0,0,0,0,0,0,0,0,0,0,0,0,0,0,0,0,0,0,0
0,0,0,0,0,0,0,0,0,0,0,0,0,0,0,0,0,0,0,0,0,0,0,0,0,0,0,0,0,0,0,0,0,0,0,0,0,0,0,0,0,0,0,0,0,0,0,0,0,0,0,0,0,0,0,0,0,0,0,0,0,0,0,0,0,0,0,0,0,0,0,0,0,0,0,0,0,0,0,0,0,0,0,0,0,0,0,0,0,0,0,0,0,0,0,0,0,0,0,0,0,0,0,0,0,0,0,0,0,0,0,0,0,0,0,0,0,0,0,0,0,0,0,0,0,0,0,0,0,0,0,0,0,0,0,0,0,0,0,0,0,0,0,0,0,0,0,0,0,0,0,0,0,0,0,0,0,0,0,0,0,0,0,0,0,0,0,0,0,0,0,0,0,0,0,0,0,0,0,0,0,0,0,0,0,0,0,0,0,0,0,0,0,0,0,0,0,0
0,0,0,0,0,0,0,0,0,0,0,0,0,0,0,0,0,0,0,0,0,0,0,0,0,0,0,0,0,0,0,0,0,0,0,0,0,0,0,0,0,0,0,0,0,0,0,0,0,0,0,0,0,0,0,0,0,0,0,0,0,0,0,0,0,0,0,0,0,0,0,0,0,0,0,0,0,0,0,0,0,0,0,0,0,0,0,0,0,0,0,0,0,0,0,0,0,0,0,0,0,0,0,0,0,0,0,0,0,0,0,0,0,0,0,0,0,0,0,0,0,0,0,0,0,0,0,0,0,0,0,0,0,0,0,0,0,0,0,0,0,0,0,0,0,0,0,0,0,0,0,0,0,0,0,0,0,0,0,0,0,0,0,0,0,0,0,0,0,0,0,0,0,0,0,0,0,0,0,0,0,0,0,0,0,0,0,0,0,0,0,0,0,0,0,0,0,0
0,0,0,0,0,0,0,0,0,0,0,0,0,0,0,0,0,0,0,0,0,0,0,0,0,0,0,0,0,0,0,0,0,0,0,0,0,0,0,0,0,0,0,0,0,0,0,0,0,0,0,0,0,0,0,0,0,0,0,0,0,0,0,0,0,0,0,0,0,0,0,0,0,0,0,0,0,0,0,0,0,0,0,0,0,0,0,0,0,0,0,0,0,0,0,0,0,0,0,0,0,0,0,0,0,0,0,0,0,0,0,0,0,0,0,0,0,0,0,0,0,0,0,0,0,0,0,0,0,0,0,0,0,0,0,0,0,0,0,0,0,0,0,0,0,0,0,0,0,0,0,0,0,0,0,0,0,0,0,0,0,0,0,0,0,0,0,0,0,0,0,0,0,0,0,0,0,0,0,0,0,0,0,0,0,0,0,0,0,0,0,0,0,0,0,0,0,0
0,0,0,0,0,0,0,0,0,0,0,0,0,0,0,0,0,0,0,0,0,0,0,0,0,0,0,0,0,0,0,0,0,0,0,0,0,0,0,0,0,0,0,0,0,0,0,0,0,0,0,0,0,0,0,0,0,0,0,0,0,0,0,0,0,0,0,0,0,0,0,0,0,0,0,0,0,0,0,0,0,0,0,0,0,0,0,0,0,0,0,0,0,0,0,0,0,0,0,0,0,0,0,0,0,0,0,0,0,0,0,0,0,0,0,0,0,0,0,0,0,0,0,0,0,0,0,0,0,0,0,0,0,0,0,0,0,0,0,0,0,0,0,0,0,0,0,0,0,0,0,0,0,0,0,0,0,0,0,0,0,0,0,0,0,0,0,0,0,0,0,0,0,0,0,0,0,0,0,0,0,0,0,0,0,0,0,0,0,0,0,0,0,0,0,0,0,0
0,0,0,0,0,0,0,0,0,0,0,0,0,0,0,0,0,0,0,0,0,0,0,0,0,0,0,0,0,0,0,0,0,0,0,0,0,0,0,0,0,0,0,0,0,0,0,0,0,0,0,0,0,0,0,0,0,0,0,0,0,0,0,0,0,0,0,0,0,0,0,0,0,0,0,0,0,0,0,0,0,0,0,0,0,0,0,0,0,0,0,0,0,0,0,0,0,0,0,0,0,0,0,0,0,0,0,0,0,0,0,0,0,0,0,0,0,0,0,0,0,0,0,0,0,0,0,0,0,0,0,0,0,0,0,0,0,0,0,0,0,0,0,0,0,0,0,0,0,0,0,0,0,0,0,0,0,0,0,0,0,0,0,0,0,0,0,0,0,0,0,0,0,0,0,0,0,0,0,0,0,0,0,0,0,0,0,0,0,0,0,0,0,0,0,0,0,0
0,0,0,0,0,0,0,0,0,0,0,0,0,0,0,0,0,0,0,0,0,0,0,0,0,0,0,0,0,0,0,0,0,0,0,0,0,0,0,0,0,0,0,0,0,0,0,0,0,0,0,0,0,0,0,0,0,0,0,0,0,0,0,0,0,0,0,0,0,0,0,0,0,0,0,0,0,0,0,0,0,0,0,0,0,0,0,0,0,0,0,0,0,0,0,0,0,0,0,0,0,0,0,0,0,0,0,0,0,0,0,0,0,0,0,0,0,0,0,0,0,0,0,0,0,0,0,0,0,0,0,0,0,0,0,0,0,0,0,0,0,0,0,0,0,0,0,0,0,0,0,0,0,0,0,0,0,0,0,0,0,0,0,0,0,0,0,0,0,0,0,0,0,0,0,0,0,0,0,0,0,0,0,0,0,0,0,0,0,0,0,0,0,0,0,0,0,0
0,0,0,0,0,0,0,0,0,0,0,0,0,0,0,0,0,0,0,0,0,0,0,0,0,0,0,0,0,0,0,0,0,0,0,0,0,0,0,0,0,0,0,0,0,0,0,0,0,0,0,0,0,0,0,0,0,0,0,0,0,0,0,0,0,0,0,0,0,0,0,0,0,0,0,0,0,0,0,0,0,0,0,0,0,0,0,0,0,0,0,0,0,0,0,0,0,0,0,0,0,0,0,0,0,0,0,0,0,0,0,0,0,0,0,0,0,0,0,0,0,0,0,0,0,0,0,0,0,0,0,0,0,0,0,0,0,0,0,0,0,0,0,0,0,0,0,0,0,0,0,0,0,0,0,0,0,0,0,0,0,0,0,0,0,0,0,0,0,0,0,0,0,0,0,0,0,0,0,0,0,0,0,0,0,0,0,0,0,0,0,0,0,0,0,0,0,0
0,0,0,0,0,0,0,0,0,0,0,0,0,0,0,0,0,0,0,0,0,0,0,0,0,0,0,0,0,0,0,0,0,0,0,0,0,0,0,0,0,0,0,0,0,0,0,0,0,0,0,0,0,0,0,0,0,0,0,0,0,0,0,0,0,0,0,0,0,0,0,0,0,0,0,0,0,0,0,0,0,0,0,0,0,0,0,0,0,0,0,0,0,0,0,0,0,0,0,0,0,0,0,0,0,0,0,0,0,0,0,0,0,0,0,0,0,0,0,0,0,0,0,0,0,0,0,0,0,0,0,0,0,0,0,0,0,0,0,0,0,0,0,0,0,0,0,0,0,0,0,0,0,0,0,0,0,0,0,0,0,0,0,0,0,0,0,0,0,0,0,0,0,0,0,0,0,0,0,0,0,0,0,0,0,0,0,0,0,0,0,0,0,0,0,0,0,0
0,0,0,0,0,0,0,0,0,0,0,0,0,0,0,0,0,0,0,0,0,0,0,0,0,0,0,0,0,0,0,0,0,0,0,0,0,0,0,0,0,0,0,0,0,0,0,0,0,0,0,0,0,0,0,0,0,0,0,0,0,0,0,0,0,0,0,0,0,0,0,0,0,0,0,0,0,0,0,0,0,0,0,0,0,0,0,0,0,0,0,0,0,0,0,0,0,0,0,0,0,0,0,0,0,0,0,0,0,0,0,0,0,0,0,0,0,0,0,0,0,0,0,0,0,0,0,0,0,0,0,0,0,0,0,0,0,0,0,0,0,0,0,0,0,0,0,0,0,0,0,0,0,0,0,0,0,0,0,0,0,0,0,0,0,0,0,0,0,0,0,0,0,0,0,0,0,0,0,0,0,0,0,0,0,0,0,0,0,0,0,0,0,0,0,0,0,0
0,0,0,0,0,0,0,0,0,0,0,0,0,0,0,0,0,0,0,0,0,0,0,0,0,0,0,0,0,0,0,0,0,0,0,0,0,0,0,0,0,0,0,0,0,0,0,0,0,0,0,0,0,0,0,0,0,0,0,0,0,0,0,0,0,0,0,0,0,0,0,0,0,0,0,0,0,0,0,0,0,0,0,0,0,0,0,0,0,0,0,0,0,0,0,0,0,0,0,0,0,0,0,0,0,0,0,0,0,0,0,0,0,0,0,0,0,0,0,0,0,0,0,0,0,0,0,0,0,0,0,0,0,0,0,0,0,0,0,0,0,0,0,0,0,0,0,0,0,0,0,0,0,0,0,0,0,0,0,0,0,0,0,0,0,0,0,0,0,0,0,0,0,0,0,0,0,0,0,0,0,0,0,0,0,0,0,0,0,0,0,0,0,0,0,0,0,0
0,0,0,0,0,0,0,0,0,0,0,0,0,0,0,0,0,0,0,0,0,0,0,0,0,0,0,0,0,0,0,0,0,0,0,0,0,0,0,0,0,0,0,0,0,0,0,0,0,0,0,0,0,0,0,0,0,0,0,0,0,0,0,0,0,0,0,0,0,0,0,0,0,0,0,0,0,0,0,0,0,0,0,0,0,0,0,0,0,0,0,0,0,0,0,0,0,0,0,0,0,0,0,0,0,0,0,0,0,0,0,0,0,0,0,0,0,0,0,0,0,0,0,0,0,0,0,0,0,0,0,0,0,0,0,0,0,0,0,0,0,0,0,0,0,0,0,0,0,0,0,0,0,0,0,0,0,0,0,0,0,0,0,0,0,0,0,0,0,0,0,0,0,0,0,0,0,0,0,0,0,0,0,0,0,0,0,0,0,0,0,0,0,0,0,0,0,0
0,0,0,0,0,0,0,0,0,0,0,0,0,0,0,0,0,0,0,0,0,0,0,0,0,0,0,0,0,0,0,0,0,0,0,0,0,0,0,0,0,0,0,0,0,0,0,0,0,0,0,0,0,0,0,0,0,0,0,0,0,0,0,0,0,0,0,0,0,0,0,0,0,0,0,0,0,0,0,0,0,0,0,0,0,0,0,0,0,0,0,0,0,0,0,0,0,0,0,0,0,0,0,0,0,0,0,0,0,0,0,0,0,0,0,0,0,0,0,0,0,0,0,0,0,0,0,0,0,0,0,0,0,0,0,0,0,0,0,0,0,0,0,0,0,0,0,0,0,0,0,0,0,0,0,0,0,0,0,0,0,0,0,0,0,0,0,0,0,0,0,0,0,0,0,0,0,0,0,0,0,0,0,0,0,0,0,0,0,0,0,0,0,0,0,0,0,0
0,0,0,0,0,0,0,0,0,0,0,0,0,0,0,0,0,0,0,0,0,0,0,0,0,0,0,0,0,0,0,0,0,0,0,0,0,0,0,0,0,0,0,0,0,0,0,0,0,0,0,0,0,0,0,0,0,0,0,0,0,0,0,0,0,0,0,0,0,0,0,0,0,0,0,0,0,0,0,0,0,0,0,0,0,0,0,0,0,0,0,0,0,0,0,0,0,0,0,0,0,0,0,0,0,0,0,0,0,0,0,0,0,0,0,0,0,0,0,0,0,0,0,0,0,0,0,0,0,0,0,0,0,0,0,0,0,0,0,0,0,0,0,0,0,0,0,0,0,0,0,0,0,0,0,0,0,0,0,0,0,0,0,0,0,0,0,0,0,0,0,0,0,0,0,0,0,0,0,0,0,0,0,0,0,0,0,0,0,0,0,0,0,0,0,0,0,0
0,0,0,0,0,0,0,0,0,0,0,0,0,0,0,0,0,0,0,0,0,0,0,0,0,0,0,0,0,0,0,0,0,0,0,0,0,0,0,0,0,0,0,0,0,0,0,0,0,0,0,0,0,0,0,0,0,0,0,0,0,0,0,0,0,0,0,0,0,0,0,0,0,0,0,0,0,0,0,0,0,0,0,0,0,0,0,0,0,0,0,0,0,0,0,0,0,0,0,0,0,0,0,0,0,0,0,0,0,0,0,0,0,0,0,0,0,0,0,0,0,0,0,0,0,0,0,0,0,0,0,0,0,0,0,0,0,0,0,0,0,0,0,0,0,0,0,0,0,0,0,0,0,0,0,0,0,0,0,0,0,0,0,0,0,0,0,0,0,0,0,0,0,0,0,0,0,0,0,0,0,0,0,0,0,0,0,0,0,0,0,0,0,0,0,0,0,0
0,0,0,0,0,0,0,0,0,0,0,0,0,0,0,0,0,0,0,0,0,0,0,0,0,0,0,0,0,0,0,0,0,0,0,0,0,0,0,0,0,0,0,0,0,0,0,0,0,0,0,0,0,0,0,0,0,0,0,0,0,0,0,0,0,0,0,0,0,0,0,0,0,0,0,0,0,0,0,0,0,0,0,0,0,0,0,0,0,0,0,0,0,0,0,0,0,0,0,0,0,0,0,0,0,0,0,0,0,0,0,0,0,0,0,0,0,0,0,0,0,0,0,0,0,0,0,0,0,0,0,0,0,0,0,0,0,0,0,0,0,0,0,0,0,0,0,0,0,0,0,0,0,0,0,0,0,0,0,0,0,0,0,0,0,0,0,0,0,0,0,0,0,0,0,0,0,0,0,0,0,0,0,0,0,0,0,0,0,0,0,0,0,0,0,0,0,0
0,0,0,0,0,0,0,0,0,0,0,0,0,0,0,0,0,0,0,0,0,0,0,0,0,0,0,0,0,0,0,0,0,0,0,0,0,0,0,0,0,0,0,0,0,0,0,0,0,0,0,0,0,0,0,0,0,0,0,0,0,0,0,0,0,0,0,0,0,0,0,0,0,0,0,0,0,0,0,0,0,0,0,0,0,0,0,0,0,0,0,0,0,0,0,0,0,0,0,0,0,0,0,0,0,0,0,0,0,0,0,0,0,0,0,0,0,0,0,0,0,0,0,0,0,0,0,0,0,0,0,0,0,0,0,0,0,0,0,0,0,0,0,0,0,0,0,0,0,0,0,0,0,0,0,0,0,0,0,0,0,0,0,0,0,0,0,0,0,0,0,0,0,0,0,0,0,0,0,0,0,0,0,0,0,0,0,0,0,0,0,0,0,0,0,0,0,0
0,0,0,0,0,0,0,0,0,0,0,0,0,0,0,0,0,0,0,0,0,0,0,0,0,0,0,0,0,0,0,0,0,0,0,0,0,0,0,0,0,0,0,0,0,0,0,0,0,0,0,0,0,0,0,0,0,0,0,0,0,0,0,0,0,0,0,0,0,0,0,0,0,0,0,0,0,0,0,0,0,0,0,0,0,0,0,0,0,0,0,0,0,0,0,0,0,0,0,0,0,0,0,0,0,0,0,0,0,0,0,0,0,0,0,0,0,0,0,0,0,0,0,0,0,0,0,0,0,0,0,0,0,0,0,0,0,0,0,0,0,0,0,0,0,0,0,0,0,0,0,0,0,0,0,0,0,0,0,0,0,0,0,0,0,0,0,0,0,0,0,0,0,0,0,0,0,0,0,0,0,0,0,0,0,0,0,0,0,0,0,0,0,0,0,0,0,0
0,0,0,0,0,0,0,0,0,0,0,0,0,0,0,0,0,0,0,0,0,0,0,0,0,0,0,0,0,0,0,0,0,0,0,0,0,0,0,0,0,0,0,0,0,0,0,0,0,0,0,0,0,0,0,0,0,0,0,0,0,0,0,0,0,0,0,0,0,0,0,0,0,0,0,0,0,0,0,0,0,0,0,0,0,0,0,0,0,0,0,0,0,0,0,0,0,0,0,0,0,0,0,0,0,0,0,0,0,0,0,0,0,0,0,0,0,0,0,0,0,0,0,0,0,0,0,0,0,0,0,0,0,0,0,0,0,0,0,0,0,0,0,0,0,0,0,0,0,0,0,0,0,0,0,0,0,0,0,0,0,0,0,0,0,0,0,0,0,0,0,0,0,0,0,0,0,0,0,0,0,0,0,0,0,0,0,0,0,0,0,0,0,0,0,0,0,0
0,0,0,0,0,0,0,0,0,0,0,0,0,0,0,0,0,0,0,0,0,0,0,0,0,0,0,0,0,0,0,0,0,0,0,0,0,0,0,0,0,0,0,0,0,0,0,0,0,0,0,0,0,0,0,0,0,0,0,0,0,0,0,0,0,0,0,0,0,0,0,0,0,0,0,0,0,0,0,0,0,0,0,0,0,0,0,0,0,0,0,0,0,0,0,0,0,0,0,0,0,0,0,0,0,0,0,0,0,0,0,0,0,0,0,0,0,0,0,0,0,0,0,0,0,0,0,0,0,0,0,0,0,0,0,0,0,0,0,0,0,0,0,0,0,0,0,0,0,0,0,0,0,0,0,0,0,0,0,0,0,0,0,0,0,0,0,0,0,0,0,0,0,0,0,0,0,0,0,0,0,0,0,0,0,0,0,0,0,0,0,0,0,0,0,0,0,0
0,0,0,0,0,0,0,0,0,0,0,0,0,0,0,0,0,0,0,0,0,0,0,0,0,0,0,0,0,0,0,0,0,0,0,0,0,0,0,0,0,0,0,0,0,0,0,0,0,0,0,0,0,0,0,0,0,0,0,0,0,0,0,0,0,0,0,0,0,0,0,0,0,0,0,0,0,0,0,0,0,0,0,0,0,0,0,0,0,0,0,0,0,0,0,0,0,0,0,0,0,0,0,0,0,0,0,0,0,0,0,0,0,0,0,0,0,0,0,0,0,0,0,0,0,0,0,0,0,0,0,0,0,0,0,0,0,0,0,0,0,0,0,0,0,0,0,0,0,0,0,0,0,0,0,0,0,0,0,0,0,0,0,0,0,0,0,0,0,0,0,0,0,0,0,0,0,0,0,0,0,0,0,0,0,0,0,0,0,0,0,0,0,0,0,0,0,0
0,0,0,0,0,0,0,0,0,0,0,0,0,0,0,0,0,0,0,0,0,0,0,0,0,0,0,0,0,0,0,0,0,0,0,0,0,0,0,0,0,0,0,0,0,0,0,0,0,0,0,0,0,0,0,0,0,0,0,0,0,0,0,0,0,0,0,0,0,0,0,0,0,0,0,0,0,0,0,0,0,0,0,0,0,0,0,0,0,0,0,0,0,0,0,0,0,0,0,0,0,0,0,0,0,0,0,0,0,0,0,0,0,0,0,0,0,0,0,0,0,0,0,0,0,0,0,0,0,0,0,0,0,0,0,0,0,0,0,0,0,0,0,0,0,0,0,0,0,0,0,0,0,0,0,0,0,0,0,0,0,0,0,0,0,0,0,0,0,0,0,0,0,0,0,0,0,0,0,0,0,0,0,0,0,0,0,0,0,0,0,0,0,0,0,0,0,0
0,0,0,0,0,0,0,0,0,0,0,0,0,0,0,0,0,0,0,0,0,0,0,0,0,0,0,0,0,0,0,0,0,0,0,0,0,0,0,0,0,0,0,0,0,0,0,0,0,0,0,0,0,0,0,0,0,0,0,0,0,0,0,0,0,0,0,0,0,0,0,0,0,0,0,0,0,0,0,0,0,0,0,0,0,0,0,0,0,0,0,0,0,0,0,0,0,0,0,0,0,0,0,0,0,0,0,0,0,0,0,0,0,0,0,0,0,0,0,0,0,0,0,0,0,0,0,0,0,0,0,0,0,0,0,0,0,0,0,0,0,0,0,0,0,0,0,0,0,0,0,0,0,0,0,0,0,0,0,0,0,0,0,0,0,0,0,0,0,0,0,0,0,0,0,0,0,0,0,0,0,0,0,0,0,0,0,0,0,0,0,0,0,0,0,0,0,0
0,0,0,0,0,0,0,0,0,0,0,0,0,0,0,0,0,0,0,0,0,0,0,0,0,0,0,0,0,0,0,0,0,0,0,0,0,0,0,0,0,0,0,0,0,0,0,0,0,0,0,0,0,0,0,0,0,0,0,0,0,0,0,0,0,0,0,0,0,0,0,0,0,0,0,0,0,0,0,0,0,0,0,0,0,0,0,0,0,0,0,0,0,0,0,0,0,0,0,0,0,0,0,0,0,0,0,0,0,0,0,0,0,0,0,0,0,0,0,0,0,0,0,0,0,0,0,0,0,0,0,0,0,0,0,0,0,0,0,0,0,0,0,0,0,0,0,0,0,0,0,0,0,0,0,0,0,0,0,0,0,0,0,0,0,0,0,0,0,0,0,0,0,0,0,0,0,0,0,0,0,0,0,0,0,0,0,0,0,0,0,0,0,0,0,0,0,0
0,0,0,0,0,0,0,0,0,0,0,0,0,0,0,0,0,0,0,0,0,0,0,0,0,0,0,0,0,0,0,0,0,0,0,0,0,0,0,0,0,0,0,0,0,0,0,0,0,0,0,0,0,0,0,0,0,0,0,0,0,0,0,0,0,0,0,0,0,0,0,0,0,0,0,0,0,0,0,0,0,0,0,0,0,0,0,0,0,0,0,0,0,0,0,0,0,0,0,0,0,0,0,0,0,0,0,0,0,0,0,0,0,0,0,0,0,0,0,0,0,0,0,0,0,0,0,0,0,0,0,0,0,0,0,0,0,0,0,0,0,0,0,0,0,0,0,0,0,0,0,0,0,0,0,0,0,0,0,0,0,0,0,0,0,0,0,0,0,0,0,0,0,0,0,0,0,0,0,0,0,0,0,0,0,0,0,0,0,0,0,0,0,0,0,0,0,0
0,0,0,0,0,0,0,0,0,0,0,0,0,0,0,0,0,0,0,0,0,0,0,0,0,0,0,0,0,0,0,0,0,0,0,0,0,0,0,0,0,0,0,0,0,0,0,0,0,0,0,0,0,0,0,0,0,0,0,0,0,0,0,0,0,0,0,0,0,0,0,0,0,0,0,0,0,0,0,0,0,0,0,0,0,0,0,0,0,0,0,0,0,0,0,0,0,0,0,0,0,0,0,0,0,0,0,0,0,0,0,0,0,0,0,0,0,0,0,0,0,0,0,0,0,0,0,0,0,0,0,0,0,0,0,0,0,0,0,0,0,0,0,0,0,0,0,0,0,0,0,0,0,0,0,0,0,0,0,0,0,0,0,0,0,0,0,0,0,0,0,0,0,0,0,0,0,0,0,0,0,0,0,0,0,0,0,0,0,0,0,0,0,0,0,0,0,0
0,0,0,0,0,0,0,0,0,0,0,0,0,0,0,0,0,0,0,0,0,0,0,0,0,0,0,0,0,0,0,0,0,0,0,0,0,0,0,0,0,0,0,0,0,0,0,0,0,0,0,0,0,0,0,0,0,0,0,0,0,0,0,0,0,0,0,0,0,0,0,0,0,0,0,0,0,0,0,0,0,0,0,0,0,0,0,0,0,0,0,0,0,0,0,0,0,0,0,0,0,0,0,0,0,0,0,0,0,0,0,0,0,0,0,0,0,0,0,0,0,0,0,0,0,0,0,0,0,0,0,0,0,0,0,0,0,0,0,0,0,0,0,0,0,0,0,0,0,0,0,0,0,0,0,0,0,0,0,0,0,0,0,0,0,0,0,0,0,0,0,0,0,0,0,0,0,0,0,0,0,0,0,0,0,0,0,0,0,0,0,0,0,0,0,0,0,0
0,0,0,0,0,0,0,0,0,0,0,0,0,0,0,0,0,0,0,0,0,0,0,0,0,0,0,0,0,0,0,0,0,0,0,0,0,0,0,0,0,0,0,0,0,0,0,0,0,0,0,0,0,0,0,0,0,0,0,0,0,0,0,0,0,0,0,0,0,0,0,0,0,0,0,0,0,0,0,0,0,0,0,0,0,0,0,0,0,0,0,0,0,0,0,0,0,0,0,0,0,0,0,0,0,0,0,0,0,0,0,0,0,0,0,0,0,0,0,0,0,0,0,0,0,0,0,0,0,0,0,0,0,0,0,0,0,0,0,0,0,0,0,0,0,0,0,0,0,0,0,0,0,0,0,0,0,0,0,0,0,0,0,0,0,0,0,0,0,0,0,0,0,0,0,0,0,0,0,0,0,0,0,0,0,0,0,0,0,0,0,0,0,0,0,0,0,0
0,0,0,0,0,0,0,0,0,0,0,0,0,0,0,0,0,0,0,0,0,0,0,0,0,0,0,0,0,0,0,0,0,0,0,0,0,0,0,0,0,0,0,0,0,0,0,0,0,0,0,0,0,0,0,0,0,0,0,0,0,0,0,0,0,0,0,0,0,0,0,0,0,0,0,0,0,0,0,0,0,0,0,0,0,0,0,0,0,0,0,0,0,0,0,0,0,0,0,0,0,0,0,0,0,0,0,0,0,0,0,0,0,0,0,0,0,0,0,0,0,0,0,0,0,0,0,0,0,0,0,0,0,0,0,0,0,0,0,0,0,0,0,0,0,0,0,0,0,0,0,0,0,0,0,0,0,0,0,0,0,0,0,0,0,0,0,0,0,0,0,0,0,0,0,0,0,0,0,0,0,0,0,0,0,0,0,0,0,0,0,0,0,0,0,0,0,0
0,0,0,0,0,0,0,0,0,0,0,0,0,0,0,0,0,0,0,0,0,0,0,0,0,0,0,0,0,0,0,0,0,0,0,0,0,0,0,0,0,0,0,0,0,0,0,0,0,0,0,0,0,0,0,0,0,0,0,0,0,0,0,0,0,0,0,0,0,0,0,0,0,0,0,0,0,0,0,0,0,0,0,0,0,0,0,0,0,0,0,0,0,0,0,0,0,0,0,0,0,0,0,0,0,0,0,0,0,0,0,0,0,0,0,0,0,0,0,0,0,0,0,0,0,0,0,0,0,0,0,0,0,0,0,0,0,0,0,0,0,0,0,0,0,0,0,0,0,0,0,0,0,0,0,0,0,0,0,0,0,0,0,0,0,0,0,0,0,0,0,0,0,0,0,0,0,0,0,0,0,0,0,0,0,0,0,0,0,0,0,0,0,0,0,0,0,0
0,0,0,0,0,0,0,0,0,0,0,0,0,0,0,0,0,0,0,0,0,0,0,0,0,0,0,0,0,0,0,0,0,0,0,0,0,0,0,0,0,0,0,0,0,0,0,0,0,0,0,0,0,0,0,0,0,0,0,0,0,0,0,0,0,0,0,0,0,0,0,0,0,0,0,0,0,0,0,0,0,0,0,0,0,0,0,0,0,0,0,0,0,0,0,0,0,0,0,0,0,0,0,0,0,0,0,0,0,0,0,0,0,0,0,0,0,0,0,0,0,0,0,0,0,0,0,0,0,0,0,0,0,0,0,0,0,0,0,0,0,0,0,0,0,0,0,0,0,0,0,0,0,0,0,0,0,0,0,0,0,0,0,0,0,0,0,0,0,0,0,0,0,0,0,0,0,0,0,0,0,0,0,0,0,0,0,0,0,0,0,0,0,0,0,0,0,0
0,0,0,0,0,0,0,0,0,0,0,0,0,0,0,0,0,0,0,0,0,0,0,0,0,0,0,0,0,0,0,0,0,0,0,0,0,0,0,0,0,0,0,0,0,0,0,0,0,0,0,0,0,0,0,0,0,0,0,0,0,0,0,0,0,0,0,0,0,0,0,0,0,0,0,0,0,0,0,0,0,0,0,0,0,0,0,0,0,0,0,0,0,0,0,0,0,0,0,0,0,0,0,0,0,0,0,0,0,0,0,0,0,0,0,0,0,0,0,0,0,0,0,0,0,0,0,0,0,0,0,0,0,0,0,0,0,0,0,0,0,0,0,0,0,0,0,0,0,0,0,0,0,0,0,0,0,0,0,0,0,0,0,0,0,0,0,0,0,0,0,0,0,0,0,0,0,0,0,0,0,0,0,0,0,0,0,0,0,0,0,0,0,0,0,0,0,0
0,0,0,0,0,0,0,0,0,0,0,0,0,0,0,0,0,0,0,0,0,0,0,0,0,0,0,0,0,0,0,0,0,0,0,0,0,0,0,0,0,0,0,0,0,0,0,0,0,0,0,0,0,0,0,0,0,0,0,0,0,0,0,0,0,0,0,0,0,0,0,0,0,0,0,0,0,0,0,0,0,0,0,0,0,0,0,0,0,0,0,0,0,0,0,0,0,0,0,0,0,0,0,0,0,0,0,0,0,0,0,0,0,0,0,0,0,0,0,0,0,0,0,0,0,0,0,0,0,0,0,0,0,0,0,0,0,0,0,0,0,0,0,0,0,0,0,0,0,0,0,0,0,0,0,0,0,0,0,0,0,0,0,0,0,0,0,0,0,0,0,0,0,0,0,0,0,0,0,0,0,0,0,0,0,0,0,0,0,0,0,0,0,0,0,0,0,0
0,0,0,0,0,0,0,0,0,0,0,0,0,0,0,0,0,0,0,0,0,0,0,0,0,0,0,0,0,0,0,0,0,0,0,0,0,0,0,0,0,0,0,0,0,0,0,0,0,0,0,0,0,0,0,0,0,0,0,0,0,0,0,0,0,0,0,0,0,0,0,0,0,0,0,0,0,0,0,0,0,0,0,0,0,0,0,0,0,0,0,0,0,0,0,0,0,0,0,0,0,0,0,0,0,0,0,0,0,0,0,0,0,0,0,0,0,0,0,0,0,0,0,0,0,0,0,0,0,0,0,0,0,0,0,0,0,0,0,0,0,0,0,0,0,0,0,0,0,0,0,0,0,0,0,0,0,0,0,0,0,0,0,0,0,0,0,0,0,0,0,0,0,0,0,0,0,0,0,0,0,0,0,0,0,0,0,0,0,0,0,0,0,0,0,0,0,0
0,0,0,0,0,0,0,0,0,0,0,0,0,0,0,0,0,0,0,0,0,0,0,0,0,0,0,0,0,0,0,0,0,0,0,0,0,0,0,0,0,0,0,0,0,0,0,0,0,0,0,0,0,0,0,0,0,0,0,0,0,0,0,0,0,0,0,0,0,0,0,0,0,0,0,0,0,0,0,0,0,0,0,0,0,0,0,0,0,0,0,0,0,0,0,0,0,0,0,0,0,0,0,0,0,0,0,0,0,0,0,0,0,0,0,0,0,0,0,0,0,0,0,0,0,0,0,0,0,0,0,0,0,0,0,0,0,0,0,0,0,0,0,0,0,0,0,0,0,0,0,0,0,0,0,0,0,0,0,0,0,0,0,0,0,0,0,0,0,0,0,0,0,0,0,0,0,0,0,0,0,0,0,0,0,0,0,0,0,0,0,0,0,0,0,0,0,0
0,0,0,0,0,0,0,0,0,0,0,0,0,0,0,0,0,0,0,0,0,0,0,0,0,0,0,0,0,0,0,0,0,0,0,0,0,0,0,0,0,0,0,0,0,0,0,0,0,0,0,0,0,0,0,0,0,0,0,0,0,0,0,0,0,0,0,0,0,0,0,0,0,0,0,0,0,0,0,0,0,0,0,0,0,0,0,0,0,0,0,0,0,0,0,0,0,0,0,0,0,0,0,0,0,0,0,0,0,0,0,0,0,0,0,0,0,0,0,0,0,0,0,0,0,0,0,0,0,0,0,0,0,0,0,0,0,0,0,0,0,0,0,0,0,0,0,0,0,0,0,0,0,0,0,0,0,0,0,0,0,0,0,0,0,0,0,0,0,0,0,0,0,0,0,0,0,0,0,0,0,0,0,0,0,0,0,0,0,0,0,0,0,0,0,0,0,0
0,0,0,0,0,0,0,0,0,0,0,0,0,0,0,0,0,0,0,0,0,0,0,0,0,0,0,0,0,0,0,0,0,0,0,0,0,0,0,0,0,0,0,0,0,0,0,0,0,0,0,0,0,0,0,0,0,0,0,0,0,0,0,0,0,0,0,0,0,0,0,0,0,0,0,0,0,0,0,0,0,0,0,0,0,0,0,0,0,0,0,0,0,0,0,0,0,0,0,0,0,0,0,0,0,0,0,0,0,0,0,0,0,0,0,0,0,0,0,0,0,0,0,0,0,0,0,0,0,0,0,0,0,0,0,0,0,0,0,0,0,0,0,0,0,0,0,0,0,0,0,0,0,0,0,0,0,0,0,0,0,0,0,0,0,0,0,0,0,0,0,0,0,0,0,0,0,0,0,0,0,0,0,0,0,0,0,0,0,0,0,0,0,0,0,0,0,0
0,0,0,0,0,0,0,0,0,0,0,0,0,0,0,0,0,0,0,0,0,0,0,0,0,0,0,0,0,0,0,0,0,0,0,0,0,0,0,0,0,0,0,0,0,0,0,0,0,0,0,0,0,0,0,0,0,0,0,0,0,0,0,0,0,0,0,0,0,0,0,0,0,0,0,0,0,0,0,0,0,0,0,0,0,0,0,0,0,0,0,0,0,0,0,0,0,0,0,0,0,0,0,0,0,0,0,0,0,0,0,0,0,0,0,0,0,0,0,0,0,0,0,0,0,0,0,0,0,0,0,0,0,0,0,0,0,0,0,0,0,0,0,0,0,0,0,0,0,0,0,0,0,0,0,0,0,0,0,0,0,0,0,0,0,0,0,0,0,0,0,0,0,0,0,0,0,0,0,0,0,0,0,0,0,0,0,0,0,0,0,0,0,0,0,0,0,0
0,0,0,0,0,0,0,0,0,0,0,0,0,0,0,0,0,0,0,0,0,0,0,0,0,0,0,0,0,0,0,0,0,0,0,0,0,0,0,0,0,0,0,0,0,0,0,0,0,0,0,0,0,0,0,0,0,0,0,0,0,0,0,0,0,0,0,0,0,0,0,0,0,0,0,0,0,0,0,0,0,0,0,0,0,0,0,0,0,0,0,0,0,0,0,0,0,0,0,0,0,0,0,0,0,0,0,0,0,0,0,0,0,0,0,0,0,0,0,0,0,0,0,0,0,0,0,0,0,0,0,0,0,0,0,0,0,0,0,0,0,0,0,0,0,0,0,0,0,0,0,0,0,0,0,0,0,0,0,0,0,0,0,0,0,0,0,0,0,0,0,0,0,0,0,0,0,0,0,0,0,0,0,0,0,0,0,0,0,0,0,0,0,0,0,0,0,0
0,0,0,0,0,0,0,0,0,0,0,0,0,0,0,0,0,0,0,0,0,0,0,0,0,0,0,0,0,0,0,0,0,0,0,0,0,0,0,0,0,0,0,0,0,0,0,0,0,0,0,0,0,0,0,0,0,0,0,0,0,0,0,0,0,0,0,0,0,0,0,0,0,0,0,0,0,0,0,0,0,0,0,0,0,0,0,0,0,0,0,0,0,0,0,0,0,0,0,0,0,0,0,0,0,0,0,0,0,0,0,0,0,0,0,0,0,0,0,0,0,0,0,0,0,0,0,0,0,0,0,0,0,0,0,0,0,0,0,0,0,0,0,0,0,0,0,0,0,0,0,0,0,0,0,0,0,0,0,0,0,0,0,0,0,0,0,0,0,0,0,0,0,0,0,0,0,0,0,0,0,0,0,0,0,0,0,0,0,0,0,0,0,0,0,0,0,0
0,0,0,0,0,0,0,0,0,0,0,0,0,0,0,0,0,0,0,0,0,0,0,0,0,0,0,0,0,0,0,0,0,0,0,0,0,0,0,0,0,0,0,0,0,0,0,0,0,0,0,0,0,0,0,0,0,0,0,0,0,0,0,0,0,0,0,0,0,0,0,0,0,0,0,0,0,0,0,0,0,0,0,0,0,0,0,0,0,0,0,0,0,0,0,0,0,0,0,0,0,0,0,0,0,0,0,0,0,0,0,0,0,0,0,0,0,0,0,0,0,0,0,0,0,0,0,0,0,0,0,0,0,0,0,0,0,0,0,0,0,0,0,0,0,0,0,0,0,0,0,0,0,0,0,0,0,0,0,0,0,0,0,0,0,0,0,0,0,0,0,0,0,0,0,0,0,0,0,0,0,0,0,0,0,0,0,0,0,0,0,0,0,0,0,0,0,0
0,0,0,0,0,0,0,0,0,0,0,0,0,0,0,0,0,0,0,0,0,0,0,0,0,0,0,0,0,0,0,0,0,0,0,0,0,0,0,0,0,0,0,0,0,0,0,0,0,0,0,0,0,0,0,0,0,0,0,0,0,0,0,0,0,0,0,0,0,0,0,0,0,0,0,0,0,0,0,0,0,0,0,0,0,0,0,0,0,0,0,0,0,0,0,0,0,0,0,0,0,0,0,0,0,0,0,0,0,0,0,0,0,0,0,0,0,0,0,0,0,0,0,0,0,0,0,0,0,0,0,0,0,0,0,0,0,0,0,0,0,0,0,0,0,0,0,0,0,0,0,0,0,0,0,0,0,0,0,0,0,0,0,0,0,0,0,0,0,0,0,0,0,0,0,0,0,0,0,0,0,0,0,0,0,0,0,0,0,0,0,0,0,0,0,0,0,0
0,0,0,0,0,0,0,0,0,0,0,0,0,0,0,0,0,0,0,0,0,0,0,0,0,0,0,0,0,0,0,0,0,0,0,0,0,0,0,0,0,0,0,0,0,0,0,0,0,0,0,0,0,0,0,0,0,0,0,0,0,0,0,0,0,0,0,0,0,0,0,0,0,0,0,0,0,0,0,0,0,0,0,0,0,0,0,0,0,0,0,0,0,0,0,0,0,0,0,0,0,0,0,0,0,0,0,0,0,0,0,0,0,0,0,0,0,0,0,0,0,0,0,0,0,0,0,0,0,0,0,0,0,0,0,0,0,0,0,0,0,0,0,0,0,0,0,0,0,0,0,0,0,0,0,0,0,0,0,0,0,0,0,0,0,0,0,0,0,0,0,0,0,0,0,0,0,0,0,0,0,0,0,0,0,0,0,0,0,0,0,0,0,0,0,0,0,0
0,0,0,0,0,0,0,0,0,0,0,0,0,0,0,0,0,0,0,0,0,0,0,0,0,0,0,0,0,0,0,0,0,0,0,0,0,0,0,0,0,0,0,0,0,0,0,0,0,0,0,0,0,0,0,0,0,0,0,0,0,0,0,0,0,0,0,0,0,0,0,0,0,0,0,0,0,0,0,0,0,0,0,0,0,0,0,0,0,0,0,0,0,0,0,0,0,0,0,0,0,0,0,0,0,0,0,0,0,0,0,0,0,0,0,0,0,0,0,0,0,0,0,0,0,0,0,0,0,0,0,0,0,0,0,0,0,0,0,0,0,0,0,0,0,0,0,0,0,0,0,0,0,0,0,0,0,0,0,0,0,0,0,0,0,0,0,0,0,0,0,0,0,0,0,0,0,0,0,0,0,0,0,0,0,0,0,0,0,0,0,0,0,0,0,0,0,0
0,0,0,0,0,0,0,0,0,0,0,0,0,0,0,0,0,0,0,0,0,0,0,0,0,0,0,0,0,0,0,0,0,0,0,0,0,0,0,0,0,0,0,0,0,0,0,0,0,0,0,0,0,0,0,0,0,0,0,0,0,0,0,0,0,0,0,0,0,0,0,0,0,0,0,0,0,0,0,0,0,0,0,0,0,0,0,0,0,0,0,0,0,0,0,0,0,0,0,0,0,0,0,0,0,0,0,0,0,0,0,0,0,0,0,0,0,0,0,0,0,0,0,0,0,0,0,0,0,0,0,0,0,0,0,0,0,0,0,0,0,0,0,0,0,0,0,0,0,0,0,0,0,0,0,0,0,0,0,0,0,0,0,0,0,0,0,0,0,0,0,0,0,0,0,0,0,0,0,0,0,0,0,0,0,0,0,0,0,0,0,0,0,0,0,0,0,0
0,0,0,0,0,0,0,0,0,0,0,0,0,0,0,0,0,0,0,0,0,0,0,0,0,0,0,0,0,0,0,0,0,0,0,0,0,0,0,0,0,0,0,0,0,0,0,0,0,0,0,0,0,0,0,0,0,0,0,0,0,0,0,0,0,0,0,0,0,0,0,0,0,0,0,0,0,0,0,0,0,0,0,0,0,0,0,0,0,0,0,0,0,0,0,0,0,0,0,0,0,0,0,0,0,0,0,0,0,0,0,0,0,0,0,0,0,0,0,0,0,0,0,0,0,0,0,0,0,0,0,0,0,0,0,0,0,0,0,0,0,0,0,0,0,0,0,0,0,0,0,0,0,0,0,0,0,0,0,0,0,0,0,0,0,0,0,0,0,0,0,0,0,0,0,0,0,0,0,0,0,0,0,0,0,0,0,0,0,0,0,0,0,0,0,0,0,0
0,0,0,0,0,0,0,0,0,0,0,0,0,0,0,0,0,0,0,0,0,0,0,0,0,0,0,0,0,0,0,0,0,0,0,0,0,0,0,0,0,0,0,0,0,0,0,0,0,0,0,0,0,0,0,0,0,0,0,0,0,0,0,0,0,0,0,0,0,0,0,0,0,0,0,0,0,0,0,0,0,0,0,0,0,0,0,0,0,0,0,0,0,0,0,0,0,0,0,0,0,0,0,0,0,0,0,0,0,0,0,0,0,0,0,0,0,0,0,0,0,0,0,0,0,0,0,0,0,0,0,0,0,0,0,0,0,0,0,0,0,0,0,0,0,0,0,0,0,0,0,0,0,0,0,0,0,0,0,0,0,0,0,0,0,0,0,0,0,0,0,0,0,0,0,0,0,0,0,0,0,0,0,0,0,0,0,0,0,0,0,0,0,0,0,0,0,0
0,0,0,0,0,0,0,0,0,0,0,0,0,0,0,0,0,0,0,0,0,0,0,0,0,0,0,0,0,0,0,0,0,0,0,0,0,0,0,0,0,0,0,0,0,0,0,0,0,0,0,0,0,0,0,0,0,0,0,0,0,0,0,0,0,0,0,0,0,0,0,0,0,0,0,0,0,0,0,0,0,0,0,0,0,0,0,0,0,0,0,0,0,0,0,0,0,0,0,0,0,0,0,0,0,0,0,0,0,0,0,0,0,0,0,0,0,0,0,0,0,0,0,0,0,0,0,0,0,0,0,0,0,0,0,0,0,0,0,0,0,0,0,0,0,0,0,0,0,0,0,0,0,0,0,0,0,0,0,0,0,0,0,0,0,0,0,0,0,0,0,0,0,0,0,0,0,0,0,0,0,0,0,0,0,0,0,0,0,0,0,0,0,0,0,0,0,0
0,0,0,0,0,0,0,0,0,0,0,0,0,0,0,0,0,0,0,0,0,0,0,0,0,0,0,0,0,0,0,0,0,0,0,0,0,0,0,0,0,0,0,0,0,0,0,0,0,0,0,0,0,0,0,0,0,0,0,0,0,0,0,0,0,0,0,0,0,0,0,0,0,0,0,0,0,0,0,0,0,0,0,0,0,0,0,0,0,0,0,0,0,0,0,0,0,0,0,0,0,0,0,0,0,0,0,0,0,0,0,0,0,0,0,0,0,0,0,0,0,0,0,0,0,0,0,0,0,0,0,0,0,0,0,0,0,0,0,0,0,0,0,0,0,0,0,0,0,0,0,0,0,0,0,0,0,0,0,0,0,0,0,0,0,0,0,0,0,0,0,0,0,0,0,0,0,0,0,0,0,0,0,0,0,0,0,0,0,0,0,0,0,0,0,0,0,0
0,0,0,0,0,0,0,0,0,0,0,0,0,0,0,0,0,0,0,0,0,0,0,0,0,0,0,0,0,0,0,0,0,0,0,0,0,0,0,0,0,0,0,0,0,0,0,0,0,0,0,0,0,0,0,0,0,0,0,0,0,0,0,0,0,0,0,0,0,0,0,0,0,0,0,0,0,0,0,0,0,0,0,0,0,0,0,0,0,0,0,0,0,0,0,0,0,0,0,0,0,0,0,0,0,0,0,0,0,0,0,0,0,0,0,0,0,0,0,0,0,0,0,0,0,0,0,0,0,0,0,0,0,0,0,0,0,0,0,0,0,0,0,0,0,0,0,0,0,0,0,0,0,0,0,0,0,0,0,0,0,0,0,0,0,0,0,0,0,0,0,0,0,0,0,0,0,0,0,0,0,0,0,0,0,0,0,0,0,0,0,0,0,0,0,0,0,0
0,0,0,0,0,0,0,0,0,0,0,0,0,0,0,0,0,0,0,0,0,0,0,0,0,0,0,0,0,0,0,0,0,0,0,0,0,0,0,0,0,0,0,0,0,0,0,0,0,0,0,0,0,0,0,0,0,0,0,0,0,0,0,0,0,0,0,0,0,0,0,0,0,0,0,0,0,0,0,0,0,0,0,0,0,0,0,0,0,0,0,0,0,0,0,0,0,0,0,0,0,0,0,0,0,0,0,0,0,0,0,0,0,0,0,0,0,0,0,0,0,0,0,0,0,0,0,0,0,0,0,0,0,0,0,0,0,0,0,0,0,0,0,0,0,0,0,0,0,0,0,0,0,0,0,0,0,0,0,0,0,0,0,0,0,0,0,0,0,0,0,0,0,0,0,0,0,0,0,0,0,0,0,0,0,0,0,0,0,0,0,0,0,0,0,0,0,0
0,0,0,0,0,0,0,0,0,0,0,0,0,0,0,0,0,0,0,0,0,0,0,0,0,0,0,0,0,0,0,0,0,0,0,0,0,0,0,0,0,0,0,0,0,0,0,0,0,0,0,0,0,0,0,0,0,0,0,0,0,0,0,0,0,0,0,0,0,0,0,0,0,0,0,0,0,0,0,0,0,0,0,0,0,0,0,0,0,0,0,0,0,0,0,0,0,0,0,0,0,0,0,0,0,0,0,0,0,0,0,0,0,0,0,0,0,0,0,0,0,0,0,0,0,0,0,0,0,0,0,0,0,0,0,0,0,0,0,0,0,0,0,0,0,0,0,0,0,0,0,0,0,0,0,0,0,0,0,0,0,0,0,0,0,0,0,0,0,0,0,0,0,0,0,0,0,0,0,0,0,0,0,0,0,0,0,0,0,0,0,0,0,0,0,0,0,0
0,0,0,0,0,0,0,0,0,0,0,0,0,0,0,0,0,0,0,0,0,0,0,0,0,0,0,0,0,0,0,0,0,0,0,0,0,0,0,0,0,0,0,0,0,0,0,0,0,0,0,0,0,0,0,0,0,0,0,0,0,0,0,0,0,0,0,0,0,0,0,0,0,0,0,0,0,0,0,0,0,0,0,0,0,0,0,0,0,0,0,0,0,0,0,0,0,0,0,0,0,0,0,0,0,0,0,0,0,0,0,0,0,0,0,0,0,0,0,0,0,0,0,0,0,0,0,0,0,0,0,0,0,0,0,0,0,0,0,0,0,0,0,0,0,0,0,0,0,0,0,0,0,0,0,0,0,0,0,0,0,0,0,0,0,0,0,0,0,0,0,0,0,0,0,0,0,0,0,0,0,0,0,0,0,0,0,0,0,0,0,0,0,0,0,0,0,0
0,0,0,0,0,0,0,0,0,0,0,0,0,0,0,0,0,0,0,0,0,0,0,0,0,0,0,0,0,0,0,0,0,0,0,0,0,0,0,0,0,0,0,0,0,0,0,0,0,0,0,0,0,0,0,0,0,0,0,0,0,0,0,0,0,0,0,0,0,0,0,0,0,0,0,0,0,0,0,0,0,0,0,0,0,0,0,0,0,0,0,0,0,0,0,0,0,0,0,0,0,0,0,0,0,0,0,0,0,0,0,0,0,0,0,0,0,0,0,0,0,0,0,0,0,0,0,0,0,0,0,0,0,0,0,0,0,0,0,0,0,0,0,0,0,0,0,0,0,0,0,0,0,0,0,0,0,0,0,0,0,0,0,0,0,0,0,0,0,0,0,0,0,0,0,0,0,0,0,0,0,0,0,0,0,0,0,0,0,0,0,0,0,0,0,0,0,0
0,0,0,0,0,0,0,0,0,0,0,0,0,0,0,0,0,0,0,0,0,0,0,0,0,0,0,0,0,0,0,0,0,0,0,0,0,0,0,0,0,0,0,0,0,0,0,0,0,0,0,0,0,0,0,0,0,0,0,0,0,0,0,0,0,0,0,0,0,0,0,0,0,0,0,0,0,0,0,0,0,0,0,0,0,0,0,0,0,0,0,0,0,0,0,0,0,0,0,0,0,0,0,0,0,0,0,0,0,0,0,0,0,0,0,0,0,0,0,0,0,0,0,0,0,0,0,0,0,0,0,0,0,0,0,0,0,0,0,0,0,0,0,0,0,0,0,0,0,0,0,0,0,0,0,0,0,0,0,0,0,0,0,0,0,0,0,0,0,0,0,0,0,0,0,0,0,0,0,0,0,0,0,0,0,0,0,0,0,0,0,0,0,0,0,0,0,0
0,0,0,0,0,0,0,0,0,0,0,0,0,0,0,0,0,0,0,0,0,0,0,0,0,0,0,0,0,0,0,0,0,0,0,0,0,0,0,0,0,0,0,0,0,0,0,0,0,0,0,0,0,0,0,0,0,0,0,0,0,0,0,0,0,0,0,0,0,0,0,0,0,0,0,0,0,0,0,0,0,0,0,0,0,0,0,0,0,0,0,0,0,0,0,0,0,0,0,0,0,0,0,0,0,0,0,0,0,0,0,0,0,0,0,0,0,0,0,0,0,0,0,0,0,0,0,0,0,0,0,0,0,0,0,0,0,0,0,0,0,0,0,0,0,0,0,0,0,0,0,0,0,0,0,0,0,0,0,0,0,0,0,0,0,0,0,0,0,0,0,0,0,0,0,0,0,0,0,0,0,0,0,0,0,0,0,0,0,0,0,0,0,0,0,0,0,0
0,0,0,0,0,0,0,0,0,0,0,0,0,0,0,0,0,0,0,0,0,0,0,0,0,0,0,0,0,0,0,0,0,0,0,0,0,0,0,0,0,0,0,0,0,0,0,0,0,0,0,0,0,0,0,0,0,0,0,0,0,0,0,0,0,0,0,0,0,0,0,0,0,0,0,0,0,0,0,0,0,0,0,0,0,0,0,0,0,0,0,0,0,0,0,0,0,0,0,0,0,0,0,0,0,0,0,0,0,0,0,0,0,0,0,0,0,0,0,0,0,0,0,0,0,0,0,0,0,0,0,0,0,0,0,0,0,0,0,0,0,0,0,0,0,0,0,0,0,0,0,0,0,0,0,0,0,0,0,0,0,0,0,0,0,0,0,0,0,0,0,0,0,0,0,0,0,0,0,0,0,0,0,0,0,0,0,0,0,0,0,0,0,0,0,0,0,0
0,0,0,0,0,0,0,0,0,0,0,0,0,0,0,0,0,0,0,0,0,0,0,0,0,0,0,0,0,0,0,0,0,0,0,0,0,0,0,0,0,0,0,0,0,0,0,0,0,0,0,0,0,0,0,0,0,0,0,0,0,0,0,0,0,0,0,0,0,0,0,0,0,0,0,0,0,0,0,0,0,0,0,0,0,0,0,0,0,0,0,0,0,0,0,0,0,0,0,0,0,0,0,0,0,0,0,0,0,0,0,0,0,0,0,0,0,0,0,0,0,0,0,0,0,0,0,0,0,0,0,0,0,0,0,0,0,0,0,0,0,0,0,0,0,0,0,0,0,0,0,0,0,0,0,0,0,0,0,0,0,0,0,0,0,0,0,0,0,0,0,0,0,0,0,0,0,0,0,0,0,0,0,0,0,0,0,0,0,0,0,0,0,0,0,0,0,0
0,0,0,0,0,0,0,0,0,0,0,0,0,0,0,0,0,0,0,0,0,0,0,0,0,0,0,0,0,0,0,0,0,0,0,0,0,0,0,0,0,0,0,0,0,0,0,0,0,0,0,0,0,0,0,0,0,0,0,0,0,0,0,0,0,0,0,0,0,0,0,0,0,0,0,0,0,0,0,0,0,0,0,0,0,0,0,0,0,0,0,0,0,0,0,0,0,0,0,0,0,0,0,0,0,0,0,0,0,0,0,0,0,0,0,0,0,0,0,0,0,0,0,0,0,0,0,0,0,0,0,0,0,0,0,0,0,0,0,0,0,0,0,0,0,0,0,0,0,0,0,0,0,0,0,0,0,0,0,0,0,0,0,0,0,0,0,0,0,0,0,0,0,0,0,0,0,0,0,0,0,0,0,0,0,0,0,0,0,0,0,0,0,0,0,0,0,0
0,0,0,0,0,0,0,0,0,0,0,0,0,0,0,0,0,0,0,0,0,0,0,0,0,0,0,0,0,0,0,0,0,0,0,0,0,0,0,0,0,0,0,0,0,0,0,0,0,0,0,0,0,0,0,0,0,0,0,0,0,0,0,0,0,0,0,0,0,0,0,0,0,0,0,0,0,0,0,0,0,0,0,0,0,0,0,0,0,0,0,0,0,0,0,0,0,0,0,0,0,0,0,0,0,0,0,0,0,0,0,0,0,0,0,0,0,0,0,0,0,0,0,0,0,0,0,0,0,0,0,0,0,0,0,0,0,0,0,0,0,0,0,0,0,0,0,0,0,0,0,0,0,0,0,0,0,0,0,0,0,0,0,0,0,0,0,0,0,0,0,0,0,0,0,0,0,0,0,0,0,0,0,0,0,0,0,0,0,0,0,0,0,0,0,0,0,0
0,0,0,0,0,0,0,0,0,0,0,0,0,0,0,0,0,0,0,0,0,0,0,0,0,0,0,0,0,0,0,0,0,0,0,0,0,0,0,0,0,0,0,0,0,0,0,0,0,0,0,0,0,0,0,0,0,0,0,0,0,0,0,0,0,0,0,0,0,0,0,0,0,0,0,0,0,0,0,0,0,0,0,0,0,0,0,0,0,0,0,0,0,0,0,0,0,0,0,0,0,0,0,0,0,0,0,0,0,0,0,0,0,0,0,0,0,0,0,0,0,0,0,0,0,0,0,0,0,0,0,0,0,0,0,0,0,0,0,0,0,0,0,0,0,0,0,0,0,0,0,0,0,0,0,0,0,0,0,0,0,0,0,0,0,0,0,0,0,0,0,0,0,0,0,0,0,0,0,0,0,0,0,0,0,0,0,0,0,0,0,0,0,0,0,0,0,0
0,0,0,0,0,0,0,0,0,0,0,0,0,0,0,0,0,0,0,0,0,0,0,0,0,0,0,0,0,0,0,0,0,0,0,0,0,0,0,0,0,0,0,0,0,0,0,0,0,0,0,0,0,0,0,0,0,0,0,0,0,0,0,0,0,0,0,0,0,0,0,0,0,0,0,0,0,0,0,0,0,0,0,0,0,0,0,0,0,0,0,0,0,0,0,0,0,0,0,0,0,0,0,0,0,0,0,0,0,0,0,0,0,0,0,0,0,0,0,0,0,0,0,0,0,0,0,0,0,0,0,0,0,0,0,0,0,0,0,0,0,0,0,0,0,0,0,0,0,0,0,0,0,0,0,0,0,0,0,0,0,0,0,0,0,0,0,0,0,0,0,0,0,0,0,0,0,0,0,0,0,0,0,0,0,0,0,0,0,0,0,0,0,0,0,0,0,0
