0,0,0,0,0,0,0,0,0,0,0,0,0,0,0,0,0,0,0,0,0,0,0,0,0,0,0,0,0,0,0,0,0,0,0,0,0,0,0,0,0,0,0,0,0,0,0,0,0,0,0,0,0,0,0,0,0,0,0,0,0,0,0,0,0,0,0,0,0,0,0,0,0,0,0,0,0,0,0,0,0,0,0,0,0,0,0,0,0,0,0,0,0,0,0,0,0,0,0,0,0,0,0,0,0,0,0,0,0,0,0,0,0,0,0,0,0,0,0,0,0,0,0,0,0,0,0,0,0,0,0,0,0,0,0,0,0,0,0,0,0,0,0,0,0,0,0,0,0,0,0,0,0,0,0,0,0,0,0,0,0,0,0,0,0,0,0,0,0,0,0,0,0,0,0,0,0,0,0,0,0,0,0,0,0,0,0,0,0,0,0,0,0,0,0,0,0,0
0,0,0,0,0,0,0,0,0,0,0,0,0,0,0,0,0,0,0,0,0,0,0,0,0,0,0,0,0,0,0,0,0,0,0,0,0,0,0,0,0,0,0,0,0,0,0,0,0,0,0,0,0,0,0,0,0,0,0,0,0,0,0,0,0,0,0,0,0,0,0,0,0,0,0,0,0,0,0,0,0,0,0,0,0,0,0,0,0,0,0,0,0,0,0,0,0,0,0,0,0,0,0,0,0,0,0,0,0,0,0,0,0,0,0,0,0,0,0,0,0,0,0,0,0,0,0,0,0,0,0,0,0,0,0,0,0,0,0,0,0,0,0,0,0,0,0,0,0,0,0,0,0,0,0,0,0,0,0,0,0,0,0,0,0,0,0,0,0,0,0,0,0,0,0,0,0,0,0,0,0,0,0,0,0,0,0,0,0,0,0,0,0,0,0,0,0,0
0,0,0,0,0,0,0,0,0,0,0,0,0,0,0,0,0,0,0,0,0,0,0,0,0,0,0,0,0,0,0,0,0,0,0,0,0,0,0,0,0,0,0,0,0,0,0,0,0,0,0,0,0,0,0,0,0,0,0,0,0,0,0,0,0,0,0,0,0,0,0,0,0,0,0,0,0,0,0,0,0,0,0,0,0,0,0,0,0,0,0,0,0,0,0,0,0,0,0,0,0,0,0,0,0,0,0,0,0,0,0,0,0,0,0,0,0,0,0,0,0,0,0,0,0,0,0,0,0,0,0,0,0,0,0,0,0,0,0,0,0,0,0,0,0,0,0,0,0,0,0,0,0,0,0,0,0,0,0,0,0,0,0,0,0,0,0,0,0,0,0,0,0,0,0,0,0,0,0,0,0,0,0,0,0,0,0,0,0,0,0,0,0,0,0,0,0,0
0,0,0,0,0,0,0,0,0,0,0,0,0,0,0,0,0,0,0,0,0,0,0,0,0,0,0,0,0,0,0,0,0,0,0,0,0,0,0,0,0,0,0,0,0,0,0,0,0,0,0,0,0,0,0,0,0,0,0,0,0,0,0,0,0,0,0,0,0,0,0,0,0,0,0,0,0,0,0,0,0,0,0,0,0,0,0,0,0,0,0,0,0,0,0,0,0,0,0,0,0,0,0,0,0,0,0,0,0,0,0,0,0,0,0,0,0,0,0,0,0,0,0,0,0,0,0,0,0,0,0,0,0,0,0,0,0,0,0,0,0,0,0,0,0,0,0,0,0,0,0,0,0,0,0,0,0,0,0,0,0,0,0,0,0,0,0,0,0,0,0,0,0,0,0,0,0,0,0,0,0,0,0,0,0,0,0,0,0,0,0,0,0,0,0,0,0,0
0,0,0,0,0,0,0,0,0,0,0,0,0,0,0,0,0,0,0,0,0,0,0,0,0,0,0,0,0,0,0,0,0,0,0,0,0,0,0,0,0,0,0,0,0,0,0,0,0,0,0,0,0,0,0,0,0,0,0,0,0,0,0,0,0,0,0,0,0,0,0,0,0,0,0,0,0,0,0,0,0,0,0,0,0,0,0,0,0,0,0,0,0,0,0,0,0,0,0,0,0,0,0,0,0,0,0,0,0,0,0,0,0,0,0,0,0,0,0,0,0,0,0,0,0,0,0,0,0,0,0,0,0,0,0,0,0,0,0,0,0,0,0,0,0,0,0,0,0,0,0,0,0,0,0,0,0,0,0,0,0,0,0,0,0,0,0,0,0,0,0,0,0,0,0,0,0,0,0,0,0,0,0,0,0,0,0,0,0,0,0,0,0,0,0,0,0,0
0,0,0,0,0,0,0,0,0,0,0,0,0,0,0,0,0,0,0,0,0,0,0,0,0,0,0,0,0,0,0,0,0,0,0,0,0,0,0,0,0,0,0,0,0,0,0,0,0,0,0,0,0,0,0,0,0,0,0,0,0,0,0,0,0,0,0,0,0,0,0,0,0,0,0,0,0,0,0,0,0,0,0,0,0,0,0,0,0,0,0,0,0,0,0,0,0,0,0,0,0,0,0,0,0,0,0,0,0,0,0,0,0,0,0,0,0,0,0,0,0,0,0,0,0,0,0,0,0,0,0,0,0,0,0,0,0,0,0,0,0,0,0,0,0,0,0,0,0,0,0,0,0,0,0,0,0,0,0,0,0,0,0,0,0,0,0,0,0,0,0,0,0,0,0,0,0,0,0,0,0,0,0,0,0,0,0,0,0,0,0,0,0,0,0,0,0,0
0,0,0,0,0,0,0,0,0,0,0,0,0,0,0,0,0,0,0,0,0,0,0,0,0,0,0,0,0,0,0,0,0,0,0,0,0,0,0,0,0,0,0,0,0,0,0,0,0,0,0,0,0,0,0,0,0,0,0,0,0,0,0,0,0,0,0,0,0,0,0,0,0,0,0,0,0,0,0,0,0,0,0,0,0,0,0,0,0,0,0,0,0,0,0,0,0,0,0,0,0,0,0,0,0,0,0,0,0,0,0,0,0,0,0,0,0,0,0,0,0,0,0,0,0,0,0,0,0,0,0,0,0,0,0,0,0,0,0,0,0,0,0,0,0,0,0,0,0,0,0,0,0,0,0,0,0,0,0,0,0,0,0,0,0,0,0,0,0,0,0,0,0,0,0,0,0,0,0,0,0,0,0,0,0,0,0,0,0,0,0,0,0,0,0,0,0,0
0,0,0,0,0,0,0,0,0,0,0,0,0,0,0,0,0,0,0,0,0,0,0,0,0,0,0,0,0,0,0,0,0,0,0,0,0,0,0,0,0,0,0,0,0,0,0,0,0,0,0,0,0,0,0,0,0,0,0,0,0,0,0,0,0,0,0,0,0,0,0,0,0,0,0,0,0,0,0,0,0,0,0,0,0,0,0,0,0,0,0,0,0,0,0,0,0,0,0,0,0,0,0,0,0,0,0,0,0,0,0,0,0,0,0,0,0,0,0,0,0,0,0,0,0,0,0,0,0,0,0,0,0,0,0,0,0,0,0,0,0,0,0,0,0,0,0,0,0,0,0,0,0,0,0,0,0,0,0,0,0,0,0,0,0,0,0,0,0,0,0,0,0,0,0,0,0,0,0,0,0,0,0,0,0,0,0,0,0,0,0,0,0,0,0,0,0,0
0,0,0,0,0,0,0,0,0,0,0,0,0,0,0,0,0,0,0,0,0,0,0,0,0,0,0,0,0,0,0,0,0,0,0,0,0,0,0,0,0,0,0,0,0,0,0,0,0,0,0,0,0,0,0,0,0,0,0,0,0,0,0,0,0,0,0,0,0,0,0,0,0,0,0,0,0,0,0,0,0,0,0,0,0,0,0,0,0,0,0,0,0,0,0,0,0,0,0,0,0,0,0,0,0,0,0,0,0,0,0,0,0,0,0,0,0,0,0,0,0,0,0,0,0,0,0,0,0,0,0,0,0,0,0,0,0,0,0,0,0,0,0,0,0,0,0,0,0,0,0,0,0,0,0,0,0,0,0,0,0,0,0,0,0,0,0,0,0,0,0,0,0,0,0,0,0,0,0,0,0,0,0,0,0,0,0,0,0,0,0,0,0,0,0,0,0,0
0,0,0,0,0,0,0,0,0,0,0,0,0,0,0,0,0,0,0,0,0,0,0,0,0,0,0,0,0,0,0,0,0,0,0,0,0,0,0,0,0,0,0,0,0,0,0,0,0,0,0,0,0,0,0,0,0,0,0,0,0,0,0,0,0,0,0,0,0,0,0,0,0,0,0,0,0,0,0,0,0,0,0,0,0,0,0,0,0,0,0,0,0,0,0,0,0,0,0,0,0,0,0,0,0,0,0,0,0,0,0,0,0,0,0,0,0,0,0,0,0,0,0,0,0,0,0,0,0,0,0,0,0,0,0,0,0,0,0,0,0,0,0,0,0,0,0,0,0,0,0,0,0,0,0,0,0,0,0,0,0,0,0,0,0,0,0,0,0,0,0,0,0,0,0,0,0,0,0,0,0,0,0,0,0,0,0,0,0,0,0,0,0,0,0,0,0,0
0,0,0,0,0,0,0,0,0,0,0,0,0,0,0,0,0,0,0,0,0,0,0,0,0,0,0,0,0,0,0,0,0,0,0,0,0,0,0,0,0,0,0,0,0,0,0,0,0,0,0,0,0,0,0,0,0,0,0,0,0,0,0,0,0,0,0,0,0,0,0,0,0,0,0,0,0,0,0,0,0,0,0,0,0,0,0,0,0,0,0,0,0,0,0,0,0,0,0,0,0,0,0,0,0,0,0,0,0,0,0,0,0,0,0,0,0,0,0,0,0,0,0,0,0,0,0,0,0,0,0,0,0,0,0,0,0,0,0,0,0,0,0,0,0,0,0,0,0,0,0,0,0,0,0,0,0,0,0,0,0,0,0,0,0,0,0,0,0,0,0,0,0,0,0,0,0,0,0,0,0,0,0,0,0,0,0,0,0,0,0,0,0,0,0,0,0,0
0,0,0,0,0,0,0,0,0,0,0,0,0,0,0,0,0,0,0,0,0,0,0,0,0,0,0,0,0,0,0,0,0,0,0,0,0,0,0,0,0,0,0,0,0,0,0,0,0,0,0,0,0,0,0,0,0,0,0,0,0,0,0,0,0,0,0,0,0,0,0,0,0,0,0,0,0,0,0,0,0,0,0,0,0,0,0,0,0,0,0,0,0,0,0,0,0,0,0,0,0,0,0,0,0,0,0,0,0,0,0,0,0,0,0,0,0,0,0,0,0,0,0,0,0,0,0,0,0,0,0,0,0,0,0,0,0,0,0,0,0,0,0,0,0,0,0,0,0,0,0,0,0,0,0,0,0,0,0,0,0,0,0,0,0,0,0,0,0,0,0,0,0,0,0,0,0,0,0,0,0,0,0,0,0,0,0,0,0,0,0,0,0,0,0,0,0,0
0,0,0,0,0,0,0,0,0,0,0,0,0,0,0,0,0,0,0,0,0,0,0,0,0,0,0,0,0,0,0,0,0,0,0,0,0,0,0,0,0,0,0,0,0,0,0,0,0,0,0,0,0,0,0,0,0,0,0,0,0,0,0,0,0,0,0,0,0,0,0,0,0,0,0,0,0,0,0,0,0,0,0,0,0,0,0,0,0,0,0,0,0,0,0,0,0,0,0,0,0,0,0,0,0,0,0,0,0,0,0,0,0,0,0,0,0,0,0,0,0,0,0,0,0,0,0,0,0,0,0,0,0,0,0,0,0,0,0,0,0,0,0,0,0,0,0,0,0,0,0,0,0,0,0,0,0,0,0,0,0,0,0,0,0,0,0,0,0,0,0,0,0,0,0,0,0,0,0,0,0,0,0,0,0,0,0,0,0,0,0,0,0,0,0,0,0,0
0,0,0,0,0,0,0,0,0,0,0,0,0,0,0,0,0,0,0,0,0,0,0,0,0,0,0,0,0,0,0,0,0,0,0,0,0,0,0,0,0,0,0,0,0,0,0,0,0,0,0,0,0,0,0,0,0,0,0,0,0,0,0,0,0,0,0,0,0,0,0,0,0,0,0,0,0,0,0,0,0,0,0,0,0,0,0,0,0,0,0,0,0,0,0,0,0,0,0,0,0,0,0,0,0,0,0,0,0,0,0,0,0,0,0,0,0,0,0,0,0,0,0,0,0,0,0,0,0,0,0,0,0,0,0,0,0,0,0,0,0,0,0,0,0,0,0,0,0,0,0,0,0,0,0,0,0,0,0,0,0,0,0,0,0,0,0,0,0,0,0,0,0,0,0,0,0,0,0,0,0,0,0,0,0,0,0,0,0,0,0,0,0,0,0,0,0,0
0,0,0,0,0,0,0,0,0,0,0,0,0,0,0,0,0,0,0,0,0,0,0,0,0,0,0,0,0,0,0,0,0,0,0,0,0,0,0,0,0,0,0,0,0,0,0,0,0,0,0,0,0,0,0,0,0,0,0,0,0,0,0,0,0,0,0,0,0,0,0,0,0,0,0,0,0,0,0,0,0,0,0,0,0,0,0,0,0,0,0,0,0,0,0,0,0,0,0,0,0,0,0,0,0,0,0,0,0,0,0,0,0,0,0,0,0,0,0,0,0,0,0,0,0,0,0,0,0,0,0,0,0,0,0,0,0,0,0,0,0,0,0,0,0,0,0,0,0,0,0,0,0,0,0,0,0,0,0,0,0,0,0,0,0,0,0,0,0,0,0,0,0,0,0,0,0,0,0,0,0,0,0,0,0,0,0,0,0,0,0,0,0,0,0,0,0,0
0,0,0,0,0,0,0,0,0,0,0,0,0,0,0,0,0,0,0,0,0,0,0,0,0,0,0,0,0,0,0,0,0,0,0,0,0,0,0,0,0,0,0,0,0,0,0,0,0,0,0,0,0,0,0,0,0,0,0,0,0,0,0,0,0,0,0,0,0,0,0,0,0,0,0,0,0,0,0,0,0,0,0,0,0,0,0,0,0,0,0,0,0,0,0,0,0,0,0,0,0,0,0,0,0,0,0,0,0,0,0,0,0,0,0,0,0,0,0,0,0,0,0,0,0,0,0,0,0,0,0,0,0,0,0,0,0,0,0,0,0,0,0,0,0,0,0,0,0,0,0,0,0,0,0,0,0,0,0,0,0,0,0,0,0,0,0,0,0,0,0,0,0,0,0,0,0,0,0,0,0,0,0,0,0,0,0,0,0,0,0,0,0,0,0,0,0,0
0,0,0,0,0,0,0,0,0,0,0,0,0,0,0,0,0,0,0,0,0,0,0,0,0,0,0,0,0,0,0,0,0,0,0,0,0,0,0,0,0,0,0,0,0,0,0,0,0,0,0,0,0,0,0,0,0,0,0,0,0,0,0,0,0,0,0,0,0,0,0,0,0,0,0,0,0,0,0,0,0,0,0,0,0,0,0,0,0,0,0,0,0,0,0,0,0,0,0,0,0,0,0,0,0,0,0,0,0,0,0,0,0,0,0,0,0,0,0,0,0,0,0,0,0,0,0,0,0,0,0,0,0,0,0,0,0,0,0,0,0,0,0,0,0,0,0,0,0,0,0,0,0,0,0,0,0,0,0,0,0,0,0,0,0,0,0,0,0,0,0,0,0,0,0,0,0,0,0,0,0,0,0,0,0,0,0,0,0,0,0,0,0,0,0,0,0,0
0,0,0,0,0,0,0,0,0,0,0,0,0,0,0,0,0,0,0,0,0,0,0,0,0,0,0,0,0,0,0,0,0,0,0,0,0,0,0,0,0,0,0,0,0,0,0,0,0,0,0,0,0,0,0,0,0,0,0,0,0,0,0,0,0,0,0,0,0,0,0,0,0,0,0,0,0,0,0,0,0,0,0,0,0,0,0,0,0,0,0,0,0,0,0,0,0,0,0,0,0,0,0,0,0,0,0,0,0,0,0,0,0,0,0,0,0,0,0,0,0,0,0,0,0,0,0,0,0,0,0,0,0,0,0,0,0,0,0,0,0,0,0,0,0,0,0,0,0,0,0,0,0,0,0,0,0,0,0,0,0,0,0,0,0,0,0,0,0,0,0,0,0,0,0,0,0,0,0,0,0,0,0,0,0,0,0,0,0,0,0,0,0,0,0,0,0,0
0,0,0,0,0,0,0,0,0,0,0,0,0,0,0,0,0,0,0,0,0,0,0,0,0,0,0,0,0,0,0,0,0,0,0,0,0,0,0,0,0,0,0,0,0,0,0,0,0,0,0,0,0,0,0,0,0,0,0,0,0,0,0,0,0,0,0,0,0,0,0,0,0,0,0,0,0,0,0,0,0,0,0,0,0,0,0,0,0,0,0,0,0,0,0,0,0,0,0,0,0,0,0,0,0,0,0,0,0,0,0,0,0,0,0,0,0,0,0,0,0,0,0,0,0,0,0,0,0,0,0,0,0,0,0,0,0,0,0,0,0,0,0,0,0,0,0,0,0,0,0,0,0,0,0,0,0,0,0,0,0,0,0,0,0,0,0,0,0,0,0,0,0,0,0,0,0,0,0,0,0,0,0,0,0,0,0,0,0,0,0,0,0,0,0,0,0,0
0,0,0,0,0,0,0,0,0,0,0,0,0,0,0,0,0,0,0,0,0,0,0,0,0,0,0,0,0,0,0,0,0,0,0,0,0,0,0,0,0,0,0,0,0,0,0,0,0,0,0,0,0,0,0,0,0,0,0,0,0,0,0,0,0,0,0,0,0,0,0,0,0,0,0,0,0,0,0,0,0,0,0,0,0,0,0,0,0,0,0,0,0,0,0,0,0,0,0,0,0,0,0,0,0,0,0,0,0,0,0,0,0,0,0,0,0,0,0,0,0,0,0,0,0,0,0,0,0,0,0,0,0,0,0,0,0,0,0,0,0,0,0,0,0,0,0,0,0,0,0,0,0,0,0,0,0,0,0,0,0,0,0,0,0,0,0,0,0,0,0,0,0,0,0,0,0,0,0,0,0,0,0,0,0,0,0,0,0,0,0,0,0,0,0,0,0,0
0,0,0,0,0,0,0,0,0,0,0,0,0,0,0,0,-0.5896339,-0.5896339,-0.5896339,-0.5896339,-0.5896339,-0.5896339,-0.5896339,-0.5896339,-0.5896339,-0.5896339,-0.5896339,-0.5896339,-0.5896339,-0.5896339,-0.5896339,-0.5896339,-0.5896339,-0.5896339,-0.5896339,-0.5896339,-0.5896339,-0.5896339,-0.5896339,-0.5896339,-0.5896339,-0.5896339,-0.5896339,-0.5896339,-0.5896339,-0.5896339,-0.5896339,-0.5896339,-0.5896339,-0.5896339,-0.5896339,-0.5896339,-0.5896339,-0.5896339,-0.5896339,-0.5896339,-0.5896339,-0.5896339,-0.5896339,-0.5896339,-0.5896339,-0.5896339,-0.5896339,-0.5896339,-0.5896339,-0.5896339,-0.5896339,-0.5896339,-0.5896339,-0.5896339,-0.5896339,-0.5896339,-0.5896339,-0.5896339,-0.5896339,-0.5896339,-0.5896339,-0.5896339,-0.5896339,-0.5896339,-0.5896339,-0.5896339,-0.5896339,-0.5896339,-0.5896339,-0.5896339,-0.5896339,-0.5896339,-0.5896339,-0.5896339,-0.5896339,-0.5896339,-0.5896339,-0.5896339,-0.5896339,-0.5896339,-0.5896339,-0.5896339,-0.5896339,-0.5896339,-0.5896339,-0.5896339,-0.5896339,-0.5896339,-0.5896339,-0.5896339,-0.5896339,-0.5896339,-0.5896339,-0.5896339,-0.5896339,-0.5896339,-0.5896339,-0.5896339,-0.5896339,-0.5896339,-0.5896339,-0.5896339,-0.5896339,-0.5896339,-0.5896339,-0.5896339,-0.5896339,-0.5896339,-0.5896339,-0.5896339,-0.5896339,-0.5896339,-0.5896339,-0.5896339,-0.5896339,-0.5896339,-0.5896339,-0.5896339,-0.5896339,-0.5896339,-0.5896339,-0.5896339,-0.5896339,-0.5896339,-0.5896339,-0.5896339,-0.5896339,-0.5896339,-0.5896339,-0.5896339,-0.5896339,-0.5896339,-0.5896339,-0.5896339,-0.5896339,-0.5896339,-0.5896339,-0.5896339,-0.5896339,-0.5896339,-0.5896339,-0.5896339,-0.5896339,-0.5896339,-0.5896339,-0.5896339,-0.5896339,-0.5896339,-0.5896339,-0.5896339,-0.5896339,-0.5896339,-0.5896339,-0.5896339,-0.5896339,-0.5896339,-0.5896339,-0.5896339,-0.5896339,-0.5896339,-0.5896339,-0.5896339,-0.5896339,-0.5896339,-0.5896339,-0.5896339,-0.5896339,-0.5896339,-0.5896339,-0.5896339,-0.5896339,-0.5896339,-0.5896339,-0.5896339,-0.5896339,-0.5896339,-0.5896339,-0.5896339,-0.5896339,-0.5896339,-0.5896339,0
0,-0.5896339,-0.5896339,-0.5896339,-0.5896339,-0.5896339,-0.5896339,-0.5896339,-0.5896339,-0.5896339,-0.5896339,-0.5896339,-0.5896339,-0.5896339,-0.5896339,-0.5896339,-0.5896339,-0.5896339,-0.5896339,-0.5896339,-0.5896339,-0.5896339,-0.5896339,-0.5896339,-0.5896339,-0.5896339,-0.5896339,-0.5896339,-0.5896339,-0.5896339,-0.5896339,-0.5896339,-0.5896339,-0.5896339,-0.5896339,-0.5896339,-0.5896339,-0.5896339,-0.5896339,-0.5896339,-0.5896339,-0.5896339,-0.5896339,-0.5896339,-0.5896339,-0.5896339,-0.5896339,-0.5896339,-0.5896339,-0.5896339,-0.5896339,-0.5896339,-0.5896339,-0.5896339,-0.5896339,-0.5896339,-0.5896339,-0.5896339,-0.5896339,-0.5896339,-0.5896339,-0.5896339,-0.5896339,-0.5896339,-0.5896339,-0.5896339,-0.5896339,-0.5896339,-0.5896339,-0.5896339,-0.5896339,-0.5896339,-0.5896339,-0.5896339,-0.5896339,-0.5896339,-0.5896339,-0.5896339,-0.5896339,-0.5896339,-0.5896339,-0.5896339,-0.5896339,-0.5896339,-0.5896339,-0.5896339,-0.5896339,-0.5896339,-0.5896339,-0.5896339,-0.5896339,-0.5896339,-0.5896339,-0.5896339,-0.5896339,-0.5896339,-0.5896339,-0.5896339,-0.5896339,-0.5896339,-0.5896339,-0.5896339,-0.5896339,-0.5896339,-0.5896339,-0.5896339,-0.5896339,-0.5896339,-0.5896339,-0.5896339,-0.5896339,-0.5896339,-0.5896339,-0.5896339,-0.5896339,-0.5896339,-0.5896339,-0.5896339,-0.5896339,-0.5896339,-0.5896339,-0.5896339,-0.5896339,-0.5896339,-0.5896339,-0.5896339,-0.5896339,-0.5896339,-0.5896339,-0.5896339,-0.5896339,-0.5896339,-0.5896339,-0.5896339,-0.5896339,-0.5896339,-0.5896339,-0.5896339,-0.5896339,-0.5896339,-0.5896339,-0.5896339,-0.5896339,-0.5896339,-0.5896339,-0.5896339,-0.5896339,-0.5896339,-0.5896339,-0.5896339,-0.5896339,-0.5896339,-0.5896339,-0.5896339,-0.5896339,-0.5896339,-0.5896339,-0.5896339,-0.5896339,-0.5896339,-0.5896339,-0.5896339,-0.5896339,-0.5896339,-0.5896339,-0.5896339,-0.5896339,-0.5896339,-0.5896339,-0.5896339,-0.5896339,-0.5896339,-0.5896339,-0.5896339,-0.5896339,-0.5896339,-0.5896339,-0.5896339,-0.5896339,-0.5896339,-0.5896339,-0.5896339,-0.5896339,-0.5896339,-0.5896339,-0.5896339,-0.5896339,-0.5896339,-0.5896339,-0.5896339,-0.5896339,-0.5896339,-0.5896339,-0.5896339,-0.5896339,-0.5896339,-0.5896339,0
0,-0.5896339,-0.5896339,-0.5896339,-0.5896339,-0.5896339,-0.5896339,-0.5896339,-0.5896339,-0.5896339,-0.5896339,-0.5896339,-0.5896339,-0.5896339,-0.5896339,-0.5896339,-0.5896339,-0.5896339,-0.5896339,-0.5896339,-0.5896339,-0.5896339,-0.5896339,-0.5896339,-0.5896339,-0.5896339,-0.5896339,-0.5896339,-0.5896339,-0.5896339,-0.5896339,-0.5896339,-0.5896339,-0.5896339,-0.5896339,-0.5896339,-0.5896339,-0.5896339,-0.5896339,-0.5896339,-0.5896339,-0.5896339,-0.5896339,-0.5896339,-0.5896339,-0.5896339,-0.5896339,-0.5896339,-0.5896339,-0.5896339,-0.5896339,-0.5896339,-0.5896339,-0.5896339,-0.5896339,-0.5896339,-0.5896339,-0.5896339,-0.5896339,-0.5896339,-0.5896339,-0.5896339,-0.5896339,-0.5896339,-0.5896339,-0.5896339,-0.5896339,-0.5896339,-0.5896339,-0.5896339,-0.5896339,-0.5896339,-0.5896339,-0.5896339,-0.5896339,-0.5896339,-0.5896339,-0.5896339,-0.5896339,-0.5896339,-0.5896339,-0.5896339,-0.5896339,-0.5896339,-0.5896339,-0.5896339,-0.5896339,-0.5896339,-0.5896339,-0.5896339,-0.5896339,-0.5896339,-0.5896339,-0.5896339,-0.5896339,-0.5896339,-0.5896339,-0.5896339,-0.5896339,-0.5896339,-0.5896339,-0.5896339,-0.5896339,-0.5896339,-0.5896339,-0.5896339,-0.5896339,-0.5896339,-0.5896339,-0.5896339,-0.5896339,-0.5896339,-0.5896339,-0.5896339,-0.5896339,-0.5896339,-0.5896339,-0.5896339,-0.5896339,-0.5896339,-0.5896339,-0.5896339,-0.5896339,-0.5896339,-0.5896339,-0.5896339,-0.5896339,-0.5896339,-0.5896339,-0.5896339,-0.5896339,-0.5896339,-0.5896339,-0.5896339,-0.5896339,-0.5896339,-0.5896339,-0.5896339,-0.5896339,-0.5896339,-0.5896339,-0.5896339,-0.5896339,-0.5896339,-0.5896339,-0.5896339,-0.5896339,-0.5896339,-0.5896339,-0.5896339,-0.5896339,-0.5896339,-0.5896339,-0.5896339,-0.5896339,-0.5896339,-0.5896339,-0.5896339,-0.5896339,-0.5896339,-0.5896339,-0.5896339,-0.5896339,-0.5896339,-0.5896339,-0.5896339,-0.5896339,-0.5896339,-0.5896339,-0.5896339,-0.5896339,-0.5896339,-0.5896339,-0.5896339,-0.5896339,-0.5896339,-0.5896339,-0.5896339,-0.5896339,-0.5896339,-0.5896339,-0.5896339,-0.5896339,-0.5896339,-0.5896339,-0.5896339,-0.5896339,-0.5896339,-0.5896339,-0.5896339,-0.5896339,-0.5896339,-0.5896339,-0.5896339,-0.5896339,-0.5896339,-0.5896339,0
0,-0.5896339,-0.5896339,-0.5896339,-0.5896339,-0.5896339,-0.5896339,-0.5896339,-0.5896339,-0.5896339,-0.5896339,-0.5896339,-0.5896339,-0.5896339,-0.5896339,-0.5896339,-0.5896339,-0.5896339,-0.5896339,-0.5896339,-0.5896339,-0.5896339,-0.5896339,-0.5896339,-0.5896339,-0.5896339,-0.5896339,-0.5896339,-0.5896339,-0.5896339,-0.5896339,-0.5896339,-0.5896339,-0.5896339,-0.5896339,-0.5896339,-0.5896339,-0.5896339,-0.5896339,-0.5896339,-0.5896339,-0.5896339,-0.5896339,-0.5896339,-0.5896339,-0.5896339,-0.5896339,-0.5896339,-0.5896339,-0.5896339,-0.5896339,-0.5896339,-0.5896339,-0.5896339,-0.5896339,-0.5896339,-0.5896339,-0.5896339,-0.5896339,-0.5896339,-0.5896339,-0.5896339,-0.5896339,-0.5896339,-0.5896339,-0.5896339,-0.5896339,-0.5896339,-0.5896339,-0.5896339,-0.5896339,-0.5896339,-0.5896339,-0.5896339,-0.5896339,-0.5896339,-0.5896339,-0.5896339,-0.5896339,-0.5896339,-0.5896339,-0.5896339,-0.5896339,-0.5896339,-0.5896339,-0.5896339,-0.5896339,-0.5896339,-0.5896339,-0.5896339,-0.5896339,-0.5896339,-0.5896339,-0.5896339,-0.5896339,-0.5896339,-0.5896339,-0.5896339,-0.5896339,-0.5896339,-0.5896339,-0.5896339,-0.5896339,-0.5896339,-0.5896339,-0.5896339,-0.5896339,-0.5896339,-0.5896339,-0.5896339,-0.5896339,-0.5896339,-0.5896339,-0.5896339,-0.5896339,-0.5896339,-0.5896339,-0.5896339,-0.5896339,-0.5896339,-0.5896339,-0.5896339,-0.5896339,-0.5896339,-0.5896339,-0.5896339,-0.5896339,-0.5896339,-0.5896339,-0.5896339,-0.5896339,-0.5896339,-0.5896339,-0.5896339,-0.5896339,-0.5896339,-0.5896339,-0.5896339,-0.5896339,-0.5896339,-0.5896339,-0.5896339,-0.5896339,-0.5896339,-0.5896339,-0.5896339,-0.5896339,-0.5896339,-0.5896339,-0.5896339,-0.5896339,-0.5896339,-0.5896339,-0.5896339,-0.5896339,-0.5896339,-0.5896339,-0.5896339,-0.5896339,-0.5896339,-0.5896339,-0.5896339,-0.5896339,-0.5896339,-0.5896339,-0.5896339,-0.5896339,-0.5896339,-0.5896339,-0.5896339,-0.5896339,-0.5896339,-0.5896339,-0.5896339,-0.5896339,-0.5896339,-0.5896339,-0.5896339,-0.5896339,-0.5896339,-0.5896339,-0.5896339,-0.5896339,-0.5896339,-0.5896339,-0.5896339,-0.5896339,-0.5896339,-0.5896339,-0.5896339,-0.5896339,-0.5896339,-0.5896339,-0.5896339,-0.5896339,-0.5896339,-0.5896339,0
0,-0.5896339,-0.5896339,-0.5896339,-0.5896339,-0.5896339,-0.5896339,-0.5896339,-0.5896339,-0.5896339,-0.5896339,-0.5896339,-0.5896339,-0.5896339,-0.5896339,-0.5896339,-0.5896339,-0.5896339,-0.5896339,-0.5896339,-0.5896339,-0.5896339,-0.5896339,-0.5896339,-0.5896339,-0.5896339,-0.5896339,-0.5896339,-0.5896339,-0.5896339,-0.5896339,-0.5896339,-0.5896339,-0.5896339,-0.5896339,-0.5896339,-0.5896339,-0.5896339,-0.5896339,-0.5896339,-0.5896339,-0.5896339,-0.5896339,-0.5896339,-0.5896339,-0.5896339,-0.5896339,-0.5896339,-0.5896339,-0.5896339,-0.5896339,-0.5896339,-0.5896339,-0.5896339,-0.5896339,-0.5896339,-0.5896339,-0.5896339,-0.5896339,-0.5896339,-0.5896339,-0.5896339,-0.5896339,-0.5896339,-0.5896339,-0.5896339,-0.5896339,-0.5896339,-0.5896339,-0.5896339,-0.5896339,-0.5896339,-0.5896339,-0.5896339,-0.5896339,-0.5896339,-0.5896339,-0.5896339,-0.5896339,-0.5896339,-0.5896339,-0.5896339,-0.5896339,-0.5896339,-0.5896339,-0.5896339,-0.5896339,-0.5896339,-0.5896339,-0.5896339,-0.5896339,-0.5896339,-0.5896339,-0.5896339,-0.5896339,-0.5896339,-0.5896339,-0.5896339,-0.5896339,-0.5896339,-0.5896339,-0.5896339,-0.5896339,-0.5896339,-0.5896339,-0.5896339,-0.5896339,-0.5896339,-0.5896339,-0.5896339,-0.5896339,-0.5896339,-0.5896339,-0.5896339,-0.5896339,-0.5896339,-0.5896339,-0.5896339,-0.5896339,-0.5896339,-0.5896339,-0.5896339,-0.5896339,-0.5896339,-0.5896339,-0.5896339,-0.5896339,-0.5896339,-0.5896339,-0.5896339,-0.5896339,-0.5896339,-0.5896339,-0.5896339,-0.5896339,-0.5896339,-0.5896339,-0.5896339,-0.5896339,-0.5896339,-0.5896339,-0.5896339,-0.5896339,-0.5896339,-0.5896339,-0.5896339,-0.5896339,-0.5896339,-0.5896339,-0.5896339,-0.5896339,-0.5896339,-0.5896339,-0.5896339,-0.5896339,-0.5896339,-0.5896339,-0.5896339,-0.5896339,-0.5896339,-0.5896339,-0.5896339,-0.5896339,-0.5896339,-0.5896339,-0.5896339,-0.5896339,-0.5896339,-0.5896339,-0.5896339,-0.5896339,-0.5896339,-0.5896339,-0.5896339,-0.5896339,-0.5896339,-0.5896339,-0.5896339,-0.5896339,-0.5896339,-0.5896339,-0.5896339,-0.5896339,-0.5896339,-0.5896339,-0.5896339,-0.5896339,-0.5896339,-0.5896339,-0.5896339,-0.5896339,-0.5896339,-0.5896339,-0.5896339,-0.5896339,-0.5896339,-0.5896339,0
0,-0.5896339,-0.5896339,-0.5896339,-0.5896339,-0.5896339,-0.5896339,-0.5896339,-0.5896339,-0.5896339,-0.5896339,-0.5896339,-0.5896339,-0.5896339,-0.5896339,-0.5896339,-0.5896339,-0.5896339,-0.5896339,-0.5896339,-0.5896339,-0.5896339,-0.5896339,-0.5896339,-0.5896339,-0.5896339,-0.5896339,-0.5896339,-0.5896339,-0.5896339,-0.5896339,-0.5896339,-0.5896339,-0.5896339,-0.5896339,-0.5896339,-0.5896339,-0.5896339,-0.5896339,-0.5896339,-0.5896339,-0.5896339,-0.5896339,-0.5896339,-0.5896339,-0.5896339,-0.5896339,-0.5896339,-0.5896339,-0.5896339,-0.5896339,-0.5896339,-0.5896339,-0.5896339,-0.5896339,-0.5896339,-0.5896339,-0.5896339,-0.5896339,-0.5896339,-0.5896339,-0.5896339,-0.5896339,-0.5896339,-0.5896339,-0.5896339,-0.5896339,-0.5896339,-0.5896339,-0.5896339,-0.5896339,-0.5896339,-0.5896339,-0.5896339,-0.5896339,-0.5896339,-0.5896339,-0.5896339,-0.5896339,-0.5896339,-0.5896339,-0.5896339,-0.5896339,-0.5896339,-0.5896339,-0.5896339,-0.5896339,-0.5896339,-0.5896339,-0.5896339,-0.5896339,-0.5896339,-0.5896339,-0.5896339,-0.5896339,-0.5896339,-0.5896339,-0.5896339,-0.5896339,-0.5896339,-0.5896339,-0.5896339,-0.5896339,-0.5896339,-0.5896339,-0.5896339,-0.5896339,-0.5896339,-0.5896339,-0.5896339,-0.5896339,-0.5896339,-0.5896339,-0.5896339,-0.5896339,-0.5896339,-0.5896339,-0.5896339,-0.5896339,-0.5896339,-0.5896339,-0.5896339,-0.5896339,-0.5896339,-0.5896339,-0.5896339,-0.5896339,-0.5896339,-0.5896339,-0.5896339,-0.5896339,-0.5896339,-0.5896339,-0.5896339,-0.5896339,-0.5896339,-0.5896339,-0.5896339,-0.5896339,-0.5896339,-0.5896339,-0.5896339,-0.5896339,-0.5896339,-0.5896339,-0.5896339,-0.5896339,-0.5896339,-0.5896339,-0.5896339,-0.5896339,-0.5896339,-0.5896339,-0.5896339,-0.5896339,-0.5896339,-0.5896339,-0.5896339,-0.5896339,-0.5896339,-0.5896339,-0.5896339,-0.5896339,-0.5896339,-0.5896339,-0.5896339,-0.5896339,-0.5896339,-0.5896339,-0.5896339,-0.5896339,-0.5896339,-0.5896339,-0.5896339,-0.5896339,-0.5896339,-0.5896339,-0.5896339,-0.5896339,-0.5896339,-0.5896339,-0.5896339,-0.5896339,-0.5896339,-0.5896339,-0.5896339,-0.5896339,-0.5896339,-0.5896339,-0.5896339,-0.5896339,-0.5896339,-0.5896339,-0.5896339,-0.5896339,-0.5896339,-0.5896339,0
0,-0.5896339,-0.5896339,-0.5896339,-0.5896339,-0.5896339,-0.5896339,-0.5896339,-0.5896339,-0.5896339,-0.5896339,-0.5896339,-0.5896339,-0.5896339,-0.5896339,-0.5896339,-0.5896339,-0.5896339,-0.5896339,-0.5896339,-0.5896339,-0.5896339,-0.5896339,-0.5896339,-0.5896339,-0.5896339,-0.5896339,-0.5896339,-0.5896339,-0.5896339,-0.5896339,-0.5896339,-0.5896339,-0.5896339,-0.5896339,-0.5896339,-0.5896339,-0.5896339,-0.5896339,-0.5896339,-0.5896339,-0.5896339,-0.5896339,-0.5896339,-0.5896339,-0.5896339,-0.5896339,-0.5896339,-0.5896339,-0.5896339,-0.5896339,-0.5896339,-0.5896339,-0.5896339,-0.5896339,-0.5896339,-0.5896339,-0.5896339,-0.5896339,-0.5896339,-0.5896339,-0.5896339,-0.5896339,-0.5896339,-0.5896339,-0.5896339,-0.5896339,-0.5896339,-0.5896339,-0.5896339,-0.5896339,-0.5896339,-0.5896339,-0.5896339,-0.5896339,-0.5896339,-0.5896339,-0.5896339,-0.5896339,-0.5896339,-0.5896339,-0.5896339,-0.5896339,-0.5896339,-0.5896339,-0.5896339,-0.5896339,-0.5896339,-0.5896339,-0.5896339,-0.5896339,-0.5896339,-0.5896339,-0.5896339,-0.5896339,-0.5896339,-0.5896339,-0.5896339,-0.5896339,-0.5896339,-0.5896339,-0.5896339,-0.5896339,-0.5896339,-0.5896339,-0.5896339,-0.5896339,-0.5896339,-0.5896339,-0.5896339,-0.5896339,-0.5896339,-0.5896339,-0.5896339,-0.5896339,-0.5896339,-0.5896339,-0.5896339,-0.5896339,-0.5896339,-0.5896339,-0.5896339,-0.5896339,-0.5896339,-0.5896339,-0.5896339,-0.5896339,-0.5896339,-0.5896339,-0.5896339,-0.5896339,-0.5896339,-0.5896339,-0.5896339,-0.5896339,-0.5896339,-0.5896339,-0.5896339,-0.5896339,-0.5896339,-0.5896339,-0.5896339,-0.5896339,-0.5896339,-0.5896339,-0.5896339,-0.5896339,-0.5896339,-0.5896339,-0.5896339,-0.5896339,-0.5896339,-0.5896339,-0.5896339,-0.5896339,-0.5896339,-0.5896339,-0.5896339,-0.5896339,-0.5896339,-0.5896339,-0.5896339,-0.5896339,-0.5896339,-0.5896339,-0.5896339,-0.5896339,-0.5896339,-0.5896339,-0.5896339,-0.5896339,-0.5896339,-0.5896339,-0.5896339,-0.5896339,-0.5896339,-0.5896339,-0.5896339,-0.5896339,-0.5896339,-0.5896339,-0.5896339,-0.5896339,-0.5896339,-0.5896339,-0.5896339,-0.5896339,-0.5896339,-0.5896339,-0.5896339,-0.5896339,-0.5896339,-0.5896339,-0.5896339,-0.5896339,-0.5896339,-0.5896339,0
0,-0.5896339,-0.5896339,-0.5896339,-0.5896339,-0.5896339,-0.5896339,-0.5896339,-0.5896339,-0.5896339,-0.5896339,-0.5896339,-0.5896339,-0.5896339,-0.5896339,-0.5896339,-0.5896339,-0.5896339,-0.5896339,-0.5896339,-0.5896339,-0.5896339,-0.5896339,-0.5896339,-0.5896339,-0.5896339,-0.5896339,-0.5896339,-0.5896339,-0.5896339,-0.5896339,-0.5896339,-0.5896339,-0.5896339,-0.5896339,-0.5896339,-0.5896339,-0.5896339,-0.5896339,-0.5896339,-0.5896339,-0.5896339,-0.5896339,-0.5896339,-0.5896339,-0.5896339,-0.5896339,-0.5896339,-0.5896339,-0.5896339,-0.5896339,-0.5896339,-0.5896339,-0.5896339,-0.5896339,-0.5896339,-0.5896339,-0.5896339,-0.5896339,-0.5896339,-0.5896339,-0.5896339,-0.5896339,-0.5896339,-0.5896339,-0.5896339,-0.5896339,-0.5896339,-0.5896339,-0.5896339,-0.5896339,-0.5896339,-0.5896339,-0.5896339,-0.5896339,-0.5896339,-0.5896339,-0.5896339,-0.5896339,-0.5896339,-0.5896339,-0.5896339,-0.5896339,-0.5896339,-0.5896339,-0.5896339,-0.5896339,-0.5896339,-0.5896339,-0.5896339,-0.5896339,-0.5896339,-0.5896339,-0.5896339,-0.5896339,-0.5896339,-0.5896339,-0.5896339,-0.5896339,-0.5896339,-0.5896339,-0.5896339,-0.5896339,-0.5896339,-0.5896339,-0.5896339,-0.5896339,-0.5896339,-0.5896339,-0.5896339,-0.5896339,-0.5896339,-0.5896339,-0.5896339,-0.5896339,-0.5896339,-0.5896339,-0.5896339,-0.5896339,-0.5896339,-0.5896339,-0.5896339,-0.5896339,-0.5896339,-0.5896339,-0.5896339,-0.5896339,-0.5896339,-0.5896339,-0.5896339,-0.5896339,-0.5896339,-0.5896339,-0.5896339,-0.5896339,-0.5896339,-0.5896339,-0.5896339,-0.5896339,-0.5896339,-0.5896339,-0.5896339,-0.5896339,-0.5896339,-0.5896339,-0.5896339,-0.5896339,-0.5896339,-0.5896339,-0.5896339,-0.5896339,-0.5896339,-0.5896339,-0.5896339,-0.5896339,-0.5896339,-0.5896339,-0.5896339,-0.5896339,-0.5896339,-0.5896339,-0.5896339,-0.5896339,-0.5896339,-0.5896339,-0.5896339,-0.5896339,-0.5896339,-0.5896339,-0.5896339,-0.5896339,-0.5896339,-0.5896339,-0.5896339,-0.5896339,-0.5896339,-0.5896339,-0.5896339,-0.5896339,-0.5896339,-0.5896339,-0.5896339,-0.5896339,-0.5896339,-0.5896339,-0.5896339,-0.5896339,-0.5896339,-0.5896339,-0.5896339,-0.5896339,-0.5896339,-0.5896339,-0.5896339,-0.5896339,-0.5896339,-0.5896339,0
0,-0.5896339,-0.5896339,-0.5896339,-0.5896339,-0.5896339,-0.5896339,-0.5896339,-0.5896339,-0.5896339,-0.5896339,-0.5896339,-0.5896339,-0.5896339,-0.5896339,-0.5896339,-0.5896339,-0.5896339,-0.5896339,-0.5896339,-0.5896339,-0.5896339,-0.5896339,-0.5896339,-0.5896339,-0.5896339,-0.5896339,-0.5896339,-0.5896339,-0.5896339,-0.5896339,-0.5896339,-0.5896339,-0.5896339,-0.5896339,-0.5896339,-0.5896339,-0.5896339,-0.5896339,-0.5896339,-0.5896339,0.7930408,0.7930408,0.7930408,0.7930408,0.7930408,0.7930408,0.7930408,0.7930408,0.7930408,0.7930408,0.7930408,0.7930408,0.7930408,0.7930408,0.7930408,0.7930408,0.7930408,0.7930408,0.7930408,0.7930408,0.7930408,0.7930408,0.7930408,0.7930408,0.7930408,0.7930408,0.7930408,0.7930408,0.7930408,0.7930408,0.7930408,0.7930408,0.7930408,0.7930408,0.7930408,0.7930408,0.7930408,0.7930408,0.7930408,0.7930408,0.7930408,0.7930408,0.7930408,0.7930408,0.7930408,0.7930408,0.7930408,0.7930408,0.7930408,0.7930408,0.7930408,0.7930408,0.7930408,0.7930408,0.7930408,0.7930408,0.7930408,0.7930408,0.7930408,0.7930408,0.7930408,0.7930408,0.7930408,0.7930408,0.7930408,0.7930408,0.7930408,0.7930408,0.7930408,0.7930408,0.7930408,0.7930408,0.7930408,0.7930408,0.7930408,0.7930408,0.7930408,0.7930408,0.7930408,0.7930408,0.7930408,0.7930408,0.7930408,0.7930408,0.7930408,0.7930408,0.7930408,0.7930408,0.7930408,0.7930408,0.7930408,0.7930408,0.7930408,0.7930408,0.7930408,0.7930408,0.7930408,0.7930408,0.7930408,0.7930408,0.7930408,0.7930408,0.7930408,0.7930408,0.7930408,0.7930408,0.7930408,0.7930408,0.7930408,0.7930408,0.7930408,0.7930408,0.7930408,0.7930408,0.7930408,0.7930408,0.7930408,0.7930408,0.7930408,0.7930408,0.7930408,0.7930408,0.7930408,0.7930408,0.7930408,0.7930408,0.7930408,0.7930408,0.7930408,0.7930408,0.7930408,0.7930408,0.7930408,0.7930408,0.7930408,0.7930408,0.7930408,0.7930408,0.7930408,0.7930408,0.7930408,0.7930408,0.7930408,0.7930408,0.7930408,0.7930408,0.7930408,0.7930408,0.7930408,0.7930408,0.7930408,0.7930408,0.7930408,0.7930408,0.7930408,0.7930408,0
0,0.7930408,0.7930408,0.7930408,0.7930408,0.7930408,0.7930408,0.7930408,0.7930408,0.7930408,0.7930408,0.7930408,0.7930408,0.7930408,0.7930408,0.7930408,0.7930408,0.7930408,0.7930408,0.7930408,0.7930408,0.7930408,0.7930408,0.7930408,0.7930408,0.7930408,0.7930408,0.7930408,0.7930408,0.7930408,0.7930408,0.7930408,0.7930408,0.7930408,0.7930408,0.7930408,0.7930408,0.7930408,0.7930408,0.7930408,0.7930408,0.7930408,0.7930408,0.7930408,0.7930408,0.7930408,0.7930408,0.7930408,0.7930408,0.7930408,0.7930408,0.7930408,0.7930408,0.7930408,0.7930408,0.7930408,0.7930408,0.7930408,0.7930408,0.7930408,0.7930408,0.7930408,0.7930408,0.7930408,0.7930408,0.7930408,0.7930408,0.7930408,0.7930408,0.7930408,0.7930408,0.7930408,0.7930408,0.7930408,0.7930408,0.7930408,0.7930408,0.7930408,0.7930408,0.7930408,0.7930408,0.7930408,0.7930408,0.7930408,0.7930408,0.7930408,0.7930408,0.7930408,0.7930408,0.7930408,0.7930408,0.7930408,0.7930408,0.7930408,0.7930408,0.7930408,0.7930408,0.7930408,0.7930408,0.7930408,0.7930408,0.7930408,0.7930408,0.7930408,0.7930408,0.7930408,0.7930408,0.7930408,0.7930408,0.7930408,0.7930408,0.7930408,0.7930408,0.7930408,0.7930408,0.7930408,0.7930408,0.7930408,0.7930408,0.7930408,0.7930408,0.7930408,0.7930408,0.7930408,0.7930408,0.7930408,0.7930408,0.7930408,0.7930408,0.7930408,0.7930408,0.7930408,0.7930408,0.7930408,0.7930408,0.7930408,0.7930408,0.7930408,0.7930408,0.7930408,0.7930408,0.7930408,0.7930408,0.7930408,0.7930408,0.7930408,0.7930408,0.7930408,0.7930408,0.7930408,0.7930408,0.7930408,0.7930408,0.7930408,0.7930408,0.7930408,0.7930408,0.7930408,0.7930408,0.7930408,0.7930408,0.7930408,0.7930408,0.7930408,0.7930408,0.7930408,0.7930408,0.7930408,0.7930408,0.7930408,0.7930408,0.7930408,0.7930408,0.7930408,0.7930408,0.7930408,0.7930408,0.7930408,0.7930408,0.7930408,0.7930408,0.7930408,0.7930408,0.7930408,0.7930408,0.7930408,0.7930408,0.7930408,0.7930408,0.7930408,0.7930408,0.7930408,0.7930408,0.7930408,0.7930408,0.7930408,0.7930408,0
0,0.7930408,0.7930408,0.7930408,0.7930408,0.7930408,0.7930408,0.7930408,0.7930408,0.7930408,0.7930408,0.7930408,0.7930408,0.7930408,0.7930408,0.7930408,0.7930408,0.7930408,0.7930408,0.7930408,0.7930408,0.7930408,0.7930408,0.7930408,0.7930408,0.7930408,0.7930408,0.7930408,0.7930408,0.7930408,0.7930408,0.7930408,0.7930408,0.7930408,0.7930408,0.7930408,0.7930408,0.7930408,0.7930408,0.7930408,0.7930408,0.7930408,0.7930408,0.7930408,0.7930408,0.7930408,0.7930408,0.7930408,0.7930408,0.7930408,0.7930408,0.7930408,0.7930408,0.7930408,0.7930408,0.7930408,0.7930408,0.7930408,0.7930408,0.7930408,0.7930408,0.7930408,0.7930408,0.7930408,0.7930408,0.7930408,0.7930408,0.7930408,0.7930408,0.7930408,0.7930408,0.7930408,0.7930408,0.7930408,0.7930408,0.7930408,0.7930408,0.7930408,0.7930408,0.7930408,0.7930408,0.7930408,0.7930408,0.7930408,0.7930408,0.7930408,0.7930408,0.7930408,0.7930408,0.7930408,0.7930408,0.7930408,0.7930408,0.7930408,0.7930408,0.7930408,0.7930408,0.7930408,0.7930408,0.7930408,0.7930408,0.7930408,0.7930408,0.7930408,0.7930408,0.7930408,0.7930408,0.7930408,0.7930408,0.7930408,0.7930408,0.7930408,0.7930408,0.7930408,0.7930408,0.7930408,0.7930408,0.7930408,0.7930408,0.7930408,0.7930408,0.7930408,0.7930408,0.7930408,0.7930408,0.7930408,0.7930408,0.7930408,0.7930408,0.7930408,0.7930408,0.7930408,0.7930408,0.7930408,0.7930408,0.7930408,0.7930408,0.7930408,0.7930408,0.7930408,0.7930408,0.7930408,0.7930408,0.7930408,0.7930408,0.7930408,0.7930408,0.7930408,0.7930408,0.7930408,0.7930408,0.7930408,0.7930408,0.7930408,0.7930408,0.7930408,0.7930408,0.7930408,0.7930408,0.7930408,0.7930408,0.7930408,0.7930408,0.7930408,0.7930408,0.7930408,0.7930408,0.7930408,0.7930408,0.7930408,0.7930408,0.7930408,0.7930408,0.7930408,0.7930408,0.7930408,0.7930408,0.7930408,0.7930408,0.7930408,0.7930408,0.7930408,0.7930408,0.7930408,0.7930408,0.7930408,0.7930408,0.7930408,0.7930408,0.7930408,0.7930408,0.7930408,0.7930408,0.7930408,0.7930408,0.7930408,0.7930408,0
0,0.7930408,0.7930408,0.7930408,0.7930408,0.7930408,0.7930408,0.7930408,0.7930408,0.7930408,0.7930408,0.7930408,0.7930408,0.7930408,0.7930408,0.7930408,0.7930408,0.7930408,0.7930408,0.7930408,0.7930408,0.7930408,0.7930408,0.7930408,0.7930408,0.7930408,0.7930408,0.7930408,0.7930408,0.7930408,0.7930408,0.7930408,0.7930408,0.7930408,0.7930408,0.7930408,0.7930408,0.7930408,0.7930408,0.7930408,0.7930408,0.7930408,0.7930408,0.7930408,0.7930408,0.7930408,0.7930408,0.7930408,0.7930408,0.7930408,0.7930408,0.7930408,0.7930408,0.7930408,0.7930408,0.7930408,0.7930408,0.7930408,0.7930408,0.7930408,0.7930408,0.7930408,0.7930408,0.7930408,0.7930408,0.7930408,0.7930408,0.7930408,0.7930408,0.7930408,0.7930408,0.7930408,0.7930408,0.7930408,0.7930408,0.7930408,0.7930408,0.7930408,0.7930408,0.7930408,0.7930408,0.7930408,0.7930408,0.7930408,0.7930408,0.7930408,0.7930408,0.7930408,0.7930408,0.7930408,0.7930408,0.7930408,0.7930408,0.7930408,0.7930408,0.7930408,0.7930408,0.7930408,0.7930408,0.7930408,0.7930408,0.7930408,0.7930408,0.7930408,0.7930408,0.7930408,0.7930408,0.7930408,0.7930408,0.7930408,0.7930408,0.7930408,0.7930408,0.7930408,0.7930408,0.7930408,0.7930408,0.7930408,0.7930408,0.7930408,0.7930408,0.7930408,0.7930408,0.7930408,0.7930408,0.7930408,0.7930408,0.7930408,0.7930408,0.7930408,0.7930408,0.7930408,0.7930408,0.7930408,0.7930408,0.7930408,0.7930408,0.7930408,0.7930408,0.7930408,0.7930408,0.7930408,0.7930408,0.7930408,0.7930408,0.7930408,0.7930408,0.7930408,0.7930408,0.7930408,0.7930408,0.7930408,0.7930408,0.7930408,0.7930408,0.7930408,0.7930408,0.7930408,0.7930408,0.7930408,0.7930408,0.7930408,0.7930408,0.7930408,0.7930408,0.7930408,0.7930408,0.7930408,0.7930408,0.7930408,0.7930408,0.7930408,0.7930408,0.7930408,0.7930408,0.7930408,0.7930408,0.7930408,0.7930408,0.7930408,0.7930408,0.7930408,0.7930408,0.7930408,0.7930408,0.7930408,0.7930408,0.7930408,0.7930408,0.7930408,0.7930408,0.7930408,0.7930408,0.7930408,0.7930408,0.7930408,0.7930408,0
0,0.7930408,0.7930408,0.7930408,0.7930408,0.7930408,0.7930408,0.7930408,0.7930408,0.7930408,0.7930408,0.7930408,0.7930408,0.7930408,0.7930408,0.7930408,0.7930408,0.7930408,0.7930408,0.7930408,0.7930408,0.7930408,0.7930408,0.7930408,0.7930408,0.7930408,0.7930408,0.7930408,0.7930408,0.7930408,0.7930408,0.7930408,0.7930408,0.7930408,0.7930408,0.7930408,0.7930408,0.7930408,0.7930408,0.7930408,0.7930408,0.7930408,0.7930408,0.7930408,0.7930408,0.7930408,0.7930408,0.7930408,0.7930408,0.7930408,0.7930408,0.7930408,0.7930408,0.7930408,0.7930408,0.7930408,0.7930408,0.7930408,0.7930408,0.7930408,0.7930408,0.7930408,0.7930408,0.7930408,0.7930408,0.7930408,0.7930408,0.7930408,0.7930408,0.7930408,0.7930408,0.7930408,0.7930408,0.7930408,0.7930408,0.7930408,0.7930408,0.7930408,0.7930408,0.7930408,0.7930408,0.7930408,0.7930408,0.7930408,0.7930408,0.7930408,0.7930408,0.7930408,0.7930408,0.7930408,0.7930408,0.7930408,0.7930408,0.7930408,0.7930408,0.7930408,0.7930408,0.7930408,0.7930408,0.7930408,0.7930408,0.7930408,0.7930408,0.7930408,0.7930408,0.7930408,0.7930408,0.7930408,0.7930408,0.7930408,0.7930408,0.7930408,0.7930408,0.7930408,0.7930408,0.7930408,0.7930408,0.7930408,0.7930408,0.7930408,0.7930408,0.7930408,0.7930408,0.7930408,0.7930408,0.7930408,0.7930408,0.7930408,0.7930408,0.7930408,0.7930408,0.7930408,0.7930408,0.7930408,0.7930408,0.7930408,0.7930408,0.7930408,0.7930408,0.7930408,0.7930408,0.7930408,0.7930408,0.7930408,0.7930408,0.7930408,0.7930408,0.7930408,0.7930408,0.7930408,0.7930408,0.7930408,0.7930408,0.7930408,0.7930408,0.7930408,0.7930408,0.7930408,0.7930408,0.7930408,0.7930408,0.7930408,0.7930408,0.7930408,0.7930408,0.7930408,0.7930408,0.7930408,0.7930408,0.7930408,0.7930408,0.7930408,0.7930408,0.7930408,0.7930408,0.7930408,0.7930408,0.7930408,0.7930408,0.7930408,0.7930408,0.7930408,0.7930408,0.7930408,0.7930408,0.7930408,0.7930408,0.7930408,0.7930408,0.7930408,0.7930408,0.7930408,0.7930408,0.7930408,0.7930408,0.7930408,0.7930408,0
0,0.7930408,0.7930408,0.7930408,0.7930408,0.7930408,0.7930408,0.7930408,0.7930408,0.7930408,0.7930408,0.7930408,0.7930408,0.7930408,0.7930408,0.7930408,0.7930408,0.7930408,0.7930408,0.7930408,0.7930408,0.7930408,0.7930408,0.7930408,0.7930408,0.7930408,0.7930408,0.7930408,0.7930408,0.7930408,0.7930408,0.7930408,0.7930408,0.7930408,0.7930408,0.7930408,0.7930408,0.7930408,0.7930408,0.7930408,0.7930408,0.7930408,0.7930408,0.7930408,0.7930408,0.7930408,0.7930408,0.7930408,0.7930408,0.7930408,0.7930408,0.7930408,0.7930408,0.7930408,0.7930408,0.7930408,0.7930408,0.7930408,0.7930408,0.7930408,0.7930408,0.7930408,0.7930408,0.7930408,0.7930408,0.7930408,0.7930408,0.7930408,0.7930408,0.7930408,0.7930408,0.7930408,0.7930408,0.7930408,0.7930408,0.7930408,0.7930408,0.7930408,0.7930408,0.7930408,0.7930408,0.7930408,0.7930408,0.7930408,0.7930408,0.7930408,0.7930408,0.7930408,0.7930408,0.7930408,0.7930408,0.7930408,0.7930408,0.7930408,0.7930408,0.7930408,0.7930408,0.7930408,0.7930408,0.7930408,0.7930408,0.7930408,0.7930408,0.7930408,0.7930408,0.7930408,0.7930408,0.7930408,0.7930408,0.7930408,0.7930408,0.7930408,0.7930408,0.7930408,0.7930408,0.7930408,0.7930408,0.7930408,0.7930408,0.7930408,0.7930408,0.7930408,0.7930408,0.7930408,0.7930408,0.7930408,0.7930408,0.7930408,0.7930408,0.7930408,0.7930408,0.7930408,0.7930408,0.7930408,0.7930408,0.7930408,0.7930408,0.7930408,0.7930408,0.7930408,0.7930408,0.7930408,0.7930408,0.7930408,0.7930408,0.7930408,0.7930408,0.7930408,0.7930408,0.7930408,0.7930408,0.7930408,0.7930408,0.7930408,0.7930408,0.7930408,0.7930408,0.7930408,0.7930408,0.7930408,0.7930408,0.7930408,0.7930408,0.7930408,0.7930408,0.7930408,0.7930408,0.7930408,0.7930408,0.7930408,0.7930408,0.7930408,0.7930408,0.7930408,0.7930408,0.7930408,0.7930408,0.7930408,0.7930408,0.7930408,0.7930408,0.7930408,0.7930408,0.7930408,0.7930408,0.7930408,0.7930408,0.7930408,0.7930408,0.7930408,0.7930408,0.7930408,0.7930408,0.7930408,0.7930408,0.7930408,0.7930408,0
0,0.7930408,0.7930408,0.7930408,0.7930408,0.7930408,0.7930408,0.7930408,0.7930408,0.7930408,0.7930408,0.7930408,0.7930408,0.7930408,0.7930408,0.7930408,0.7930408,0.7930408,0.7930408,0.7930408,0.7930408,0.7930408,0.7930408,0.7930408,0.7930408,0.7930408,0.7930408,0.7930408,0.7930408,0.7930408,0.7930408,0.7930408,0.7930408,0.7930408,0.7930408,0.7930408,0.7930408,0.7930408,0.7930408,0.7930408,0.7930408,0.7930408,0.7930408,0.7930408,0.7930408,0.7930408,0.7930408,0.7930408,0.7930408,0.7930408,0.7930408,0.7930408,0.7930408,0.7930408,0.7930408,0.7930408,0.7930408,0.7930408,0.7930408,0.7930408,0.7930408,0.7930408,0.7930408,0.7930408,0.7930408,0.7930408,0.7930408,0.7930408,0.7930408,0.7930408,0.7930408,0.7930408,0.7930408,0.7930408,0.7930408,0.7930408,0.7930408,0.7930408,0.7930408,0.7930408,0.7930408,0.7930408,0.7930408,0.7930408,0.7930408,0.7930408,0.7930408,0.7930408,0.7930408,0.7930408,0.7930408,0.7930408,0.7930408,0.7930408,0.7930408,0.7930408,0.7930408,0.7930408,0.7930408,0.7930408,0.7930408,0.7930408,0.7930408,0.7930408,0.7930408,0.7930408,0.7930408,0.7930408,0.7930408,0.7930408,0.7930408,0.7930408,0.7930408,0.7930408,0.7930408,0.7930408,0.7930408,0.7930408,0.7930408,0.7930408,0.7930408,0.7930408,0.7930408,0.7930408,0.7930408,0.7930408,0.7930408,0.7930408,0.7930408,0.7930408,0.7930408,0.7930408,0.7930408,0.7930408,0.7930408,0.7930408,0.7930408,0.7930408,0.7930408,0.7930408,0.7930408,0.7930408,0.7930408,0.7930408,0.7930408,0.7930408,0.7930408,0.7930408,0.7930408,0.7930408,0.7930408,0.7930408,0.7930408,0.7930408,0.7930408,0.7930408,0.7930408,0.7930408,0.7930408,0.7930408,0.7930408,0.7930408,0.7930408,0.7930408,0.7930408,0.7930408,0.7930408,0.7930408,0.7930408,0.7930408,0.7930408,0.7930408,0.7930408,0.7930408,0.7930408,0.7930408,0.7930408,0.7930408,0.7930408,0.7930408,0.7930408,0.7930408,0.7930408,0.7930408,0.7930408,0.7930408,0.7930408,0.7930408,0.7930408,0.7930408,0.7930408,0.7930408,0.7930408,0.7930408,0.7930408,0.7930408,0.7930408,0
0,0.7930408,0.7930408,0.7930408,0.7930408,0.7930408,0.7930408,0.7930408,0.7930408,0.7930408,0.7930408,0.7930408,0.7930408,0.7930408,0.7930408,0.7930408,0.7930408,0.7930408,0.7930408,0.7930408,0.7930408,0.7930408,0.7930408,0.7930408,0.7930408,0.7930408,0.7930408,0.7930408,0.7930408,0.7930408,0.7930408,0.7930408,0.7930408,0.7930408,0.7930408,0.7930408,0.7930408,0.7930408,0.7930408,0.7930408,0.7930408,0.7930408,0.7930408,0.7930408,0.7930408,0.7930408,0.7930408,0.7930408,0.7930408,0.7930408,0.7930408,0.7930408,0.7930408,0.7930408,0.7930408,0.7930408,0.7930408,0.7930408,0.7930408,0.7930408,0.7930408,0.7930408,0.7930408,0.7930408,0.7930408,0.7930408,0.7930408,0.7930408,0.7930408,0.7930408,0.7930408,0.7930408,0.7930408,0.7930408,0.7930408,0.7930408,0.7930408,0.7930408,0.7930408,0.7930408,0.7930408,0.7930408,0.7930408,0.7930408,0.7930408,0.7930408,0.7930408,0.7930408,0.7930408,0.7930408,0.7930408,0.7930408,0.7930408,0.7930408,0.7930408,0.7930408,0.7930408,0.7930408,0.7930408,0.7930408,0.7930408,0.7930408,0.7930408,0.7930408,0.7930408,0.7930408,0.7930408,0.7930408,0.7930408,0.7930408,0.7930408,0.7930408,0.7930408,0.7930408,0.7930408,0.7930408,0.7930408,0.7930408,0.7930408,0.7930408,0.7930408,0.7930408,0.7930408,0.7930408,0.7930408,0.7930408,0.7930408,0.7930408,0.7930408,0.7930408,0.7930408,0.7930408,0.7930408,0.7930408,0.7930408,0.7930408,0.7930408,0.7930408,0.7930408,0.7930408,0.7930408,0.7930408,0.7930408,0.7930408,0.7930408,0.7930408,0.7930408,0.7930408,0.7930408,0.7930408,0.7930408,0.7930408,0.7930408,0.7930408,0.7930408,0.7930408,0.7930408,0.7930408,0.7930408,0.7930408,0.7930408,0.7930408,0.7930408,0.7930408,0.7930408,0.7930408,0.7930408,0.7930408,0.7930408,0.7930408,0.7930408,0.7930408,0.7930408,0.7930408,0.7930408,0.7930408,0.7930408,0.7930408,0.7930408,0.7930408,0.7930408,0.7930408,0.7930408,0.7930408,0.7930408,0.7930408,0.7930408,0.7930408,0.7930408,0.7930408,0.7930408,0.7930408,0.7930408,0.7930408,0.7930408,0.7930408,0.7930408,0
0,0.7930408,0.7930408,0.7930408,0.7930408,0.7930408,0.7930408,0.7930408,0.7930408,0.7930408,0.7930408,0.7930408,0.7930408,0.7930408,0.7930408,0.7930408,0.7930408,0.7930408,0.7930408,0.7930408,0.7930408,0.7930408,0.7930408,0.7930408,0.7930408,0.7930408,0.7930408,0.7930408,0.7930408,0.7930408,0.7930408,0.7930408,0.7930408,0.7930408,0.7930408,0.7930408,0.7930408,0.7930408,0.7930408,0.7930408,0.7930408,0.7930408,0.7930408,0.7930408,0.7930408,0.7930408,0.7930408,0.7930408,0.7930408,0.7930408,0.7930408,0.7930408,0.7930408,0.7930408,0.7930408,0.7930408,0.7930408,0.7930408,0.7930408,0.7930408,0.7930408,0.7930408,0.7930408,0.7930408,0.7930408,0.7930408,0.7930408,0.7930408,0.7930408,0.7930408,0.7930408,0.7930408,0.7930408,0.7930408,0.7930408,0.7930408,0.7930408,0.7930408,0.7930408,0.7930408,0.7930408,0.7930408,0.7930408,0.7930408,0.7930408,0.7930408,0.7930408,0.7930408,0.7930408,0.7930408,0.7930408,0.7930408,0.7930408,0.7930408,0.7930408,0.7930408,0.7930408,0.7930408,0.7930408,0.7930408,0.7930408,0.7930408,0.7930408,0.7930408,0.7930408,0.7930408,0.7930408,0.7930408,0.7930408,0.7930408,0.7930408,0.7930408,0.7930408,0.7930408,0.7930408,0.7930408,0.7930408,0.7930408,0.7930408,0.7930408,0.7930408,0.7930408,0.7930408,0.7930408,0.7930408,0.7930408,0.7930408,0.7930408,0.7930408,0.7930408,0.7930408,0.7930408,0.7930408,0.7930408,0.7930408,0.7930408,0.7930408,0.7930408,0.7930408,0.7930408,0.7930408,0.7930408,0.7930408,0.7930408,0.7930408,0.7930408,0.7930408,0.7930408,0.7930408,0.7930408,0.7930408,0.7930408,0.7930408,0.7930408,0.7930408,0.7930408,0.7930408,0.7930408,0.7930408,0.7930408,0.7930408,0.7930408,0.7930408,0.7930408,0.7930408,0.7930408,0.7930408,0.7930408,0.7930408,0.7930408,0.7930408,0.7930408,0.7930408,0.7930408,0.7930408,0.7930408,0.7930408,0.7930408,0.7930408,0.7930408,0.7930408,0.7930408,0.7930408,0.7930408,0.7930408,0.7930408,0.7930408,0.7930408,0.7930408,0.7930408,0.7930408,0.7930408,0.7930408,0.7930408,0.7930408,0.7930408,0.7930408,0
0,0.7930408,0.7930408,0.7930408,0.7930408,0.7930408,0.7930408,0.7930408,0.7930408,0.7930408,0.7930408,0.7930408,0.7930408,0.7930408,0.7930408,0.7930408,0.7930408,0.7930408,0.7930408,0.7930408,0.7930408,0.7930408,0.7930408,0.7930408,0.7930408,0.7930408,0.7930408,0.7930408,0.7930408,0.7930408,0.7930408,0.7930408,0.7930408,0.7930408,0.7930408,0.7930408,0.7930408,0.7930408,0.7930408,0.7930408,0.7930408,0.7930408,0.7930408,0.7930408,0.7930408,0.7930408,0.7930408,0.7930408,0.7930408,0.7930408,0.7930408,0.7930408,0.7930408,0.7930408,0.7930408,0.7930408,0.7930408,0.7930408,0.7930408,0.7930408,0.7930408,0.7930408,0.7930408,0.7930408,0.7930408,0.7930408,0.7930408,0.7930408,0.7930408,0.7930408,0.7930408,0.7930408,0.7930408,0.7930408,0.7930408,0.7930408,0.7930408,0.7930408,0.7930408,0.7930408,0.7930408,0.7930408,0.7930408,0.7930408,0.7930408,0.7930408,0.7930408,0.7930408,0.7930408,0.7930408,0.7930408,0.7930408,0.7930408,0.7930408,0.7930408,0.7930408,0.7930408,0.7930408,0.7930408,0.7930408,0.7930408,0.7930408,0.7930408,0.7930408,0.7930408,0.7930408,0.7930408,0.7930408,0.7930408,0.7930408,0.7930408,0.7930408,0.7930408,0.7930408,0.7930408,0.7930408,0.7930408,0.7930408,0.7930408,0.7930408,0.7930408,0.7930408,0.7930408,0.7930408,0.7930408,0.7930408,0.7930408,0.7930408,0.7930408,0.7930408,0.7930408,0.7930408,0.7930408,0.7930408,0.7930408,0.7930408,0.7930408,0.7930408,0.7930408,0.7930408,0.7930408,0.7930408,0.7930408,0.7930408,0.7930408,0.7930408,0.7930408,0.7930408,0.7930408,0.7930408,0.7930408,0.7930408,0.7930408,0.7930408,0.7930408,0.7930408,0.7930408,0.7930408,0.7930408,0.7930408,0.7930408,0.7930408,0.7930408,0.7930408,0.7930408,0.7930408,0.7930408,0.7930408,0.7930408,0.7930408,0.7930408,0.7930408,0.7930408,0.7930408,0.7930408,0.7930408,0.7930408,0.7930408,0.7930408,0.7930408,0.7930408,0.7930408,0.7930408,0.7930408,0.7930408,0.7930408,0.7930408,0.7930408,0.7930408,0.7930408,0.7930408,0.7930408,0.7930408,0.7930408,0.7930408,0.7930408,0.7930408,0
0,0.7930408,0.7930408,0.7930408,0.7930408,0.7930408,0.7930408,0.7930408,0.7930408,0.7930408,0.7930408,0.7930408,0.7930408,0.7930408,0.7930408,0.7930408,0.7930408,0.7930408,0.7930408,0.7930408,0.7930408,0.7930408,0.7930408,0.7930408,0.7930408,0.7930408,0.7930408,0.7930408,0.7930408,0.7930408,0.7930408,0.7930408,0.7930408,0.7930408,0.7930408,0.7930408,0.7930408,0.7930408,0.7930408,0.7930408,0.7930408,0.7930408,0.7930408,0.7930408,0.7930408,0.7930408,0.7930408,0.7930408,0.7930408,0.7930408,0.7930408,0.7930408,0.7930408,0.7930408,0.7930408,0.7930408,0.7930408,0.7930408,0.7930408,0.7930408,0.7930408,0.7930408,0.7930408,0.7930408,0.7930408,0.7930408,0.7930408,0.7930408,0.7930408,0.7930408,0.7930408,0.7930408,0.7930408,0.7930408,0.7930408,0.7930408,0.7930408,0.7930408,0.7930408,0.7930408,0.7930408,0.7930408,0.7930408,0.7930408,0.7930408,0.7930408,0.7930408,0.7930408,0.7930408,0.7930408,0.7930408,0.7930408,0.7930408,0.7930408,0.7930408,0.7930408,0.7930408,0.7930408,0.7930408,0.7930408,0.7930408,0.7930408,0.7930408,0.7930408,0.7930408,0.7930408,0.7930408,0.7930408,0.7930408,0.7930408,0.7930408,0.7930408,0.7930408,0.7930408,0.7930408,0.7930408,0.7930408,0.7930408,0.7930408,0.7930408,0.7930408,0.7930408,0.7930408,0.7930408,0.7930408,0.7930408,0.7930408,0.7930408,0.7930408,0.7930408,0.7930408,0.7930408,0.7930408,0.7930408,0.7930408,0.7930408,0.7930408,0.7930408,0.7930408,0.7930408,0.7930408,0.7930408,0.7930408,0.7930408,0.7930408,0.7930408,0.7930408,0.7930408,0.7930408,0.7930408,0.7930408,0.7930408,0.7930408,0.7930408,0.7930408,0.7930408,0.7930408,0.7930408,0.7930408,0.7930408,0.7930408,0.7930408,0.7930408,0.7930408,0.7930408,0.7930408,0.7930408,0.7930408,0.7930408,0.7930408,0.7930408,0.7930408,0.7930408,0.7930408,0.7930408,0.7930408,0.7930408,0.7930408,0.7930408,0.7930408,0.7930408,0.7930408,0.7930408,0.7930408,0.7930408,0.7930408,0.7930408,0.7930408,0.7930408,0.7930408,0.7930408,0.7930408,0.7930408,0.7930408,0.7930408,0.7930408,0.7930408,0
0,0.7930408,0.7930408,0.7930408,0,0,0,0,0,0,0,0,0,0,0,0,-1.2855455,-1.2855455,-1.2855455,-1.2855455,-1.2855455,-1.2855455,-1.2855455,-1.2855455,-1.2855455,-1.2855455,-1.2855455,-1.2855455,-1.2855455,-1.2855455,-1.2855455,-1.2855455,-1.2855455,-1.2855455,-1.2855455,-1.2855455,-1.2855455,-1.2855455,-1.2855455,-1.2855455,-1.2855455,-1.2855455,-1.2855455,-1.2855455,-1.2855455,-1.2855455,-1.2855455,-1.2855455,-1.2855455,-1.2855455,-1.2855455,-1.2855455,-1.2855455,-1.2855455,-1.2855455,-1.2855455,-1.2855455,-1.2855455,-1.2855455,-1.2855455,-1.2855455,-1.2855455,-1.2855455,-1.2855455,-1.2855455,-1.2855455,-1.2855455,-1.2855455,-1.2855455,-1.2855455,-1.2855455,-1.2855455,-1.2855455,-1.2855455,-1.2855455,-1.2855455,-1.2855455,-1.2855455,-1.2855455,-1.2855455,-1.2855455,-1.2855455,-1.2855455,-1.2855455,-1.2855455,-1.2855455,-1.2855455,-1.2855455,-1.2855455,-1.2855455,-1.2855455,-1.2855455,-1.2855455,-1.2855455,-1.2855455,-1.2855455,-1.2855455,-1.2855455,-1.2855455,-1.2855455,-1.2855455,-1.2855455,-1.2855455,-1.2855455,-1.2855455,-1.2855455,-1.2855455,-1.2855455,-1.2855455,-1.2855455,-1.2855455,-1.2855455,-1.2855455,-1.2855455,-1.2855455,-1.2855455,-1.2855455,-1.2855455,-1.2855455,-1.2855455,-1.2855455,-1.2855455,-1.2855455,-1.2855455,-1.2855455,-1.2855455,-1.2855455,-1.2855455,-1.2855455,-1.2855455,-1.2855455,-1.2855455,-1.2855455,-1.2855455,-1.2855455,-1.2855455,-1.2855455,-1.2855455,-1.2855455,-1.2855455,-1.2855455,-1.2855455,-1.2855455,-1.2855455,-1.2855455,-1.2855455,-1.2855455,-1.2855455,-1.2855455,-1.2855455,-1.2855455,-1.2855455,-1.2855455,-1.2855455,-1.2855455,-1.2855455,-1.2855455,-1.2855455,-1.2855455,-1.2855455,-1.2855455,-1.2855455,-1.2855455,-1.2855455,-1.2855455,-1.2855455,-1.2855455,-1.2855455,-1.2855455,-1.2855455,-1.2855455,-1.2855455,-1.2855455,-1.2855455,-1.2855455,-1.2855455,-1.2855455,-1.2855455,-1.2855455,-1.2855455,-1.2855455,-1.2855455,-1.2855455,-1.2855455,-1.2855455,-1.2855455,-1.2855455,-1.2855455,-1.2855455,-1.2855455,-1.2855455,-1.2855455,-1.2855455,-1.2855455,-1.2855455,-1.2855455,-1.2855455,0
0,-1.2855455,-1.2855455,-1.2855455,-1.2855455,-1.2855455,-1.2855455,-1.2855455,-1.2855455,-1.2855455,-1.2855455,-1.2855455,-1.2855455,-1.2855455,-1.2855455,-1.2855455,-1.2855455,-1.2855455,-1.2855455,-1.2855455,-1.2855455,-1.2855455,-1.2855455,-1.2855455,-1.2855455,-1.2855455,-1.2855455,-1.2855455,-1.2855455,-1.2855455,-1.2855455,-1.2855455,-1.2855455,-1.2855455,-1.2855455,-1.2855455,-1.2855455,-1.2855455,-1.2855455,-1.2855455,-1.2855455,-1.2855455,-1.2855455,-1.2855455,-1.2855455,-1.2855455,-1.2855455,-1.2855455,-1.2855455,-1.2855455,-1.2855455,-1.2855455,-1.2855455,-1.2855455,-1.2855455,-1.2855455,-1.2855455,-1.2855455,-1.2855455,-1.2855455,-1.2855455,-1.2855455,-1.2855455,-1.2855455,-1.2855455,-1.2855455,-1.2855455,-1.2855455,-1.2855455,-1.2855455,-1.2855455,-1.2855455,-1.2855455,-1.2855455,-1.2855455,-1.2855455,-1.2855455,-1.2855455,-1.2855455,-1.2855455,-1.2855455,-1.2855455,-1.2855455,-1.2855455,-1.2855455,-1.2855455,-1.2855455,-1.2855455,-1.2855455,-1.2855455,-1.2855455,-1.2855455,-1.2855455,-1.2855455,-1.2855455,-1.2855455,-1.2855455,-1.2855455,-1.2855455,-1.2855455,-1.2855455,-1.2855455,-1.2855455,-1.2855455,-1.2855455,-1.2855455,-1.2855455,-1.2855455,-1.2855455,-1.2855455,-1.2855455,-1.2855455,-1.2855455,-1.2855455,-1.2855455,-1.2855455,-1.2855455,-1.2855455,-1.2855455,-1.2855455,-1.2855455,-1.2855455,-1.2855455,-1.2855455,-1.2855455,-1.2855455,-1.2855455,-1.2855455,-1.2855455,-1.2855455,-1.2855455,-1.2855455,-1.2855455,-1.2855455,-1.2855455,-1.2855455,-1.2855455,-1.2855455,-1.2855455,-1.2855455,-1.2855455,-1.2855455,-1.2855455,-1.2855455,-1.2855455,-1.2855455,-1.2855455,-1.2855455,-1.2855455,-1.2855455,-1.2855455,-1.2855455,-1.2855455,-1.2855455,-1.2855455,-1.2855455,-1.2855455,-1.2855455,-1.2855455,-1.2855455,-1.2855455,-1.2855455,-1.2855455,-1.2855455,-1.2855455,-1.2855455,-1.2855455,-1.2855455,-1.2855455,-1.2855455,-1.2855455,-1.2855455,-1.2855455,-1.2855455,-1.2855455,-1.2855455,-1.2855455,-1.2855455,-1.2855455,-1.2855455,-1.2855455,-1.2855455,-1.2855455,-1.2855455,-1.2855455,-1.2855455,-1.2855455,-1.2855455,-1.2855455,-1.2855455,-1.2855455,-1.2855455,-1.2855455,-1.2855455,-1.2855455,-1.2855455,-1.2855455,0
0,-1.2855455,-1.2855455,-1.2855455,-1.2855455,-1.2855455,-1.2855455,-1.2855455,-1.2855455,-1.2855455,-1.2855455,-1.2855455,-1.2855455,-1.2855455,-1.2855455,-1.2855455,-1.2855455,-1.2855455,-1.2855455,-1.2855455,-1.2855455,-1.2855455,-1.2855455,-1.2855455,-1.2855455,-1.2855455,-1.2855455,-1.2855455,-1.2855455,-1.2855455,-1.2855455,-1.2855455,-1.2855455,-1.2855455,-1.2855455,-1.2855455,-1.2855455,-1.2855455,-1.2855455,-1.2855455,-1.2855455,-1.2855455,-1.2855455,-1.2855455,-1.2855455,-1.2855455,-1.2855455,-1.2855455,-1.2855455,-1.2855455,-1.2855455,-1.2855455,-1.2855455,-1.2855455,-1.2855455,-1.2855455,-1.2855455,-1.2855455,-1.2855455,-1.2855455,-1.2855455,-1.2855455,-1.2855455,-1.2855455,-1.2855455,-1.2855455,-1.2855455,-1.2855455,-1.2855455,-1.2855455,-1.2855455,-1.2855455,-1.2855455,-1.2855455,-1.2855455,-1.2855455,-1.2855455,-1.2855455,-1.2855455,-1.2855455,-1.2855455,-1.2855455,-1.2855455,-1.2855455,-1.2855455,-1.2855455,-1.2855455,-1.2855455,-1.2855455,-1.2855455,-1.2855455,-1.2855455,-1.2855455,-1.2855455,-1.2855455,-1.2855455,-1.2855455,-1.2855455,-1.2855455,-1.2855455,-1.2855455,-1.2855455,-1.2855455,-1.2855455,-1.2855455,-1.2855455,-1.2855455,-1.2855455,-1.2855455,-1.2855455,-1.2855455,-1.2855455,-1.2855455,-1.2855455,-1.2855455,-1.2855455,-1.2855455,-1.2855455,-1.2855455,-1.2855455,-1.2855455,-1.2855455,-1.2855455,-1.2855455,-1.2855455,-1.2855455,-1.2855455,-1.2855455,-1.2855455,-1.2855455,-1.2855455,-1.2855455,-1.2855455,-1.2855455,-1.2855455,-1.2855455,-1.2855455,-1.2855455,-1.2855455,-1.2855455,-1.2855455,-1.2855455,-1.2855455,-1.2855455,-1.2855455,-1.2855455,-1.2855455,-1.2855455,-1.2855455,-1.2855455,-1.2855455,-1.2855455,-1.2855455,-1.2855455,-1.2855455,-1.2855455,-1.2855455,-1.2855455,-1.2855455,-1.2855455,-1.2855455,-1.2855455,-1.2855455,-1.2855455,-1.2855455,-1.2855455,-1.2855455,-1.2855455,-1.2855455,-1.2855455,-1.2855455,-1.2855455,-1.2855455,-1.2855455,-1.2855455,-1.2855455,-1.2855455,-1.2855455,-1.2855455,-1.2855455,-1.2855455,-1.2855455,-1.2855455,-1.2855455,-1.2855455,-1.2855455,-1.2855455,-1.2855455,-1.2855455,-1.2855455,-1.2855455,-1.2855455,-1.2855455,-1.2855455,-1.2855455,-1.2855455,-1.2855455,0
0,-1.2855455,-1.2855455,-1.2855455,-1.2855455,-1.2855455,-1.2855455,-1.2855455,-1.2855455,-1.2855455,-1.2855455,-1.2855455,-1.2855455,-1.2855455,-1.2855455,-1.2855455,-1.2855455,-1.2855455,-1.2855455,-1.2855455,-1.2855455,-1.2855455,-1.2855455,-1.2855455,-1.2855455,-1.2855455,-1.2855455,-1.2855455,-1.2855455,-1.2855455,-1.2855455,-1.2855455,-1.2855455,-1.2855455,-1.2855455,-1.2855455,-1.2855455,-1.2855455,-1.2855455,-1.2855455,-1.2855455,-1.2855455,-1.2855455,-1.2855455,-1.2855455,-1.2855455,-1.2855455,-1.2855455,-1.2855455,-1.2855455,-1.2855455,-1.2855455,-1.2855455,-1.2855455,-1.2855455,-1.2855455,-1.2855455,-1.2855455,-1.2855455,-1.2855455,-1.2855455,-1.2855455,-1.2855455,-1.2855455,-1.2855455,-1.2855455,-1.2855455,-1.2855455,-1.2855455,-1.2855455,-1.2855455,-1.2855455,-1.2855455,-1.2855455,-1.2855455,-1.2855455,-1.2855455,-1.2855455,-1.2855455,-1.2855455,-1.2855455,-1.2855455,-1.2855455,-1.2855455,-1.2855455,-1.2855455,-1.2855455,-1.2855455,-1.2855455,-1.2855455,-1.2855455,-1.2855455,-1.2855455,-1.2855455,-1.2855455,-1.2855455,-1.2855455,-1.2855455,-1.2855455,-1.2855455,-1.2855455,-1.2855455,-1.2855455,-1.2855455,-1.2855455,-1.2855455,-1.2855455,-1.2855455,-1.2855455,-1.2855455,-1.2855455,-1.2855455,-1.2855455,-1.2855455,-1.2855455,-1.2855455,-1.2855455,-1.2855455,-1.2855455,-1.2855455,-1.2855455,-1.2855455,-1.2855455,-1.2855455,-1.2855455,-1.2855455,-1.2855455,-1.2855455,-1.2855455,-1.2855455,-1.2855455,-1.2855455,-1.2855455,-1.2855455,-1.2855455,-1.2855455,-1.2855455,-1.2855455,-1.2855455,-1.2855455,-1.2855455,-1.2855455,-1.2855455,-1.2855455,-1.2855455,-1.2855455,-1.2855455,-1.2855455,-1.2855455,-1.2855455,-1.2855455,-1.2855455,-1.2855455,-1.2855455,-1.2855455,-1.2855455,-1.2855455,-1.2855455,-1.2855455,-1.2855455,-1.2855455,-1.2855455,-1.2855455,-1.2855455,-1.2855455,-1.2855455,-1.2855455,-1.2855455,-1.2855455,-1.2855455,-1.2855455,-1.2855455,-1.2855455,-1.2855455,-1.2855455,-1.2855455,-1.2855455,-1.2855455,-1.2855455,-1.2855455,-1.2855455,-1.2855455,-1.2855455,-1.2855455,-1.2855455,-1.2855455,-1.2855455,-1.2855455,-1.2855455,-1.2855455,-1.2855455,-1.2855455,-1.2855455,-1.2855455,-1.2855455,-1.2855455,-1.2855455,0
0,-1.2855455,-1.2855455,-1.2855455,-1.2855455,-1.2855455,-1.2855455,-1.2855455,-1.2855455,-1.2855455,-1.2855455,-1.2855455,-1.2855455,-1.2855455,-1.2855455,-1.2855455,-1.2855455,-1.2855455,-1.2855455,-1.2855455,-1.2855455,-1.2855455,-1.2855455,-1.2855455,-1.2855455,-1.2855455,-1.2855455,-1.2855455,-1.2855455,-1.2855455,-1.2855455,-1.2855455,-1.2855455,-1.2855455,-1.2855455,-1.2855455,-1.2855455,-1.2855455,-1.2855455,-1.2855455,-1.2855455,-1.2855455,-1.2855455,-1.2855455,-1.2855455,-1.2855455,-1.2855455,-1.2855455,-1.2855455,-1.2855455,-1.2855455,-1.2855455,-1.2855455,-1.2855455,-1.2855455,-1.2855455,-1.2855455,-1.2855455,-1.2855455,-1.2855455,-1.2855455,-1.2855455,-1.2855455,-1.2855455,-1.2855455,-1.2855455,-1.2855455,-1.2855455,-1.2855455,-1.2855455,-1.2855455,-1.2855455,-1.2855455,-1.2855455,-1.2855455,-1.2855455,-1.2855455,-1.2855455,-1.2855455,-1.2855455,-1.2855455,-1.2855455,-1.2855455,-1.2855455,-1.2855455,-1.2855455,-1.2855455,-1.2855455,-1.2855455,-1.2855455,-1.2855455,-1.2855455,-1.2855455,-1.2855455,-1.2855455,-1.2855455,-1.2855455,-1.2855455,-1.2855455,-1.2855455,-1.2855455,-1.2855455,-1.2855455,-1.2855455,-1.2855455,-1.2855455,-1.2855455,-1.2855455,-1.2855455,-1.2855455,-1.2855455,-1.2855455,-1.2855455,-1.2855455,-1.2855455,-1.2855455,-1.2855455,-1.2855455,-1.2855455,-1.2855455,-1.2855455,-1.2855455,-1.2855455,-1.2855455,-1.2855455,-1.2855455,-1.2855455,-1.2855455,-1.2855455,-1.2855455,-1.2855455,-1.2855455,-1.2855455,-1.2855455,-1.2855455,-1.2855455,-1.2855455,-1.2855455,-1.2855455,-1.2855455,-1.2855455,-1.2855455,-1.2855455,-1.2855455,-1.2855455,-1.2855455,-1.2855455,-1.2855455,-1.2855455,-1.2855455,-1.2855455,-1.2855455,-1.2855455,-1.2855455,-1.2855455,-1.2855455,-1.2855455,-1.2855455,-1.2855455,-1.2855455,-1.2855455,-1.2855455,-1.2855455,-1.2855455,-1.2855455,-1.2855455,-1.2855455,-1.2855455,-1.2855455,-1.2855455,-1.2855455,-1.2855455,-1.2855455,-1.2855455,-1.2855455,-1.2855455,-1.2855455,-1.2855455,-1.2855455,-1.2855455,-1.2855455,-1.2855455,-1.2855455,-1.2855455,-1.2855455,-1.2855455,-1.2855455,-1.2855455,-1.2855455,-1.2855455,-1.2855455,-1.2855455,-1.2855455,-1.2855455,-1.2855455,-1.2855455,-1.2855455,0
0,-1.2855455,-1.2855455,-1.2855455,-1.2855455,-1.2855455,-1.2855455,-1.2855455,-1.2855455,-1.2855455,-1.2855455,-1.2855455,-1.2855455,-1.2855455,-1.2855455,-1.2855455,-1.2855455,-1.2855455,-1.2855455,-1.2855455,-1.2855455,-1.2855455,-1.2855455,-1.2855455,-1.2855455,-1.2855455,-1.2855455,-1.2855455,-1.2855455,-1.2855455,-1.2855455,-1.2855455,-1.2855455,-1.2855455,-1.2855455,-1.2855455,-1.2855455,-1.2855455,-1.2855455,-1.2855455,-1.2855455,-1.2855455,-1.2855455,-1.2855455,-1.2855455,-1.2855455,-1.2855455,-1.2855455,-1.2855455,-1.2855455,-1.2855455,-1.2855455,-1.2855455,-1.2855455,-1.2855455,-1.2855455,-1.2855455,-1.2855455,-1.2855455,-1.2855455,-1.2855455,-1.2855455,-1.2855455,-1.2855455,-1.2855455,-1.2855455,-1.2855455,-1.2855455,-1.2855455,-1.2855455,-1.2855455,-1.2855455,-1.2855455,-1.2855455,-1.2855455,-1.2855455,-1.2855455,-1.2855455,-1.2855455,-1.2855455,-1.2855455,-1.2855455,-1.2855455,-1.2855455,-1.2855455,-1.2855455,-1.2855455,-1.2855455,-1.2855455,-1.2855455,-1.2855455,-1.2855455,-1.2855455,-1.2855455,-1.2855455,-1.2855455,-1.2855455,-1.2855455,-1.2855455,-1.2855455,-1.2855455,-1.2855455,-1.2855455,-1.2855455,-1.2855455,-1.2855455,-1.2855455,-1.2855455,-1.2855455,-1.2855455,-1.2855455,-1.2855455,-1.2855455,-1.2855455,-1.2855455,-1.2855455,-1.2855455,-1.2855455,-1.2855455,-1.2855455,-1.2855455,-1.2855455,-1.2855455,-1.2855455,-1.2855455,-1.2855455,-1.2855455,-1.2855455,-1.2855455,-1.2855455,-1.2855455,-1.2855455,-1.2855455,-1.2855455,-1.2855455,-1.2855455,-1.2855455,-1.2855455,-1.2855455,-1.2855455,-1.2855455,-1.2855455,-1.2855455,-1.2855455,-1.2855455,-1.2855455,-1.2855455,-1.2855455,-1.2855455,-1.2855455,-1.2855455,-1.2855455,-1.2855455,-1.2855455,-1.2855455,-1.2855455,-1.2855455,-1.2855455,-1.2855455,-1.2855455,-1.2855455,-1.2855455,-1.2855455,-1.2855455,-1.2855455,-1.2855455,-1.2855455,-1.2855455,-1.2855455,-1.2855455,-1.2855455,-1.2855455,-1.2855455,-1.2855455,-1.2855455,-1.2855455,-1.2855455,-1.2855455,-1.2855455,-1.2855455,-1.2855455,-1.2855455,-1.2855455,-1.2855455,-1.2855455,-1.2855455,-1.2855455,-1.2855455,-1.2855455,-1.2855455,-1.2855455,-1.2855455,-1.2855455,-1.2855455,-1.2855455,-1.2855455,-1.2855455,0
0,-1.2855455,-1.2855455,-1.2855455,-1.2855455,-1.2855455,-1.2855455,-1.2855455,-1.2855455,-1.2855455,-1.2855455,-1.2855455,-1.2855455,-1.2855455,-1.2855455,-1.2855455,-1.2855455,-1.2855455,-1.2855455,-1.2855455,-1.2855455,-1.2855455,-1.2855455,-1.2855455,-1.2855455,-1.2855455,-1.2855455,-1.2855455,-1.2855455,-1.2855455,-1.2855455,-1.2855455,-1.2855455,-1.2855455,-1.2855455,-1.2855455,-1.2855455,-1.2855455,-1.2855455,-1.2855455,-1.2855455,-1.2855455,-1.2855455,-1.2855455,-1.2855455,-1.2855455,-1.2855455,-1.2855455,-1.2855455,-1.2855455,-1.2855455,-1.2855455,-1.2855455,-1.2855455,-1.2855455,-1.2855455,-1.2855455,-1.2855455,-1.2855455,-1.2855455,-1.2855455,-1.2855455,-1.2855455,-1.2855455,-1.2855455,-1.2855455,-1.2855455,-1.2855455,-1.2855455,-1.2855455,-1.2855455,-1.2855455,-1.2855455,-1.2855455,-1.2855455,-1.2855455,-1.2855455,-1.2855455,-1.2855455,-1.2855455,-1.2855455,-1.2855455,-1.2855455,-1.2855455,-1.2855455,-1.2855455,-1.2855455,-1.2855455,-1.2855455,-1.2855455,-1.2855455,-1.2855455,-1.2855455,-1.2855455,-1.2855455,-1.2855455,-1.2855455,-1.2855455,-1.2855455,-1.2855455,-1.2855455,-1.2855455,-1.2855455,-1.2855455,-1.2855455,-1.2855455,-1.2855455,-1.2855455,-1.2855455,-1.2855455,-1.2855455,-1.2855455,-1.2855455,-1.2855455,-1.2855455,-1.2855455,-1.2855455,-1.2855455,-1.2855455,-1.2855455,-1.2855455,-1.2855455,-1.2855455,-1.2855455,-1.2855455,-1.2855455,-1.2855455,-1.2855455,-1.2855455,-1.2855455,-1.2855455,-1.2855455,-1.2855455,-1.2855455,-1.2855455,-1.2855455,-1.2855455,-1.2855455,-1.2855455,-1.2855455,-1.2855455,-1.2855455,-1.2855455,-1.2855455,-1.2855455,-1.2855455,-1.2855455,-1.2855455,-1.2855455,-1.2855455,-1.2855455,-1.2855455,-1.2855455,-1.2855455,-1.2855455,-1.2855455,-1.2855455,-1.2855455,-1.2855455,-1.2855455,-1.2855455,-1.2855455,-1.2855455,-1.2855455,-1.2855455,-1.2855455,-1.2855455,-1.2855455,-1.2855455,-1.2855455,-1.2855455,-1.2855455,-1.2855455,-1.2855455,-1.2855455,-1.2855455,-1.2855455,-1.2855455,-1.2855455,-1.2855455,-1.2855455,-1.2855455,-1.2855455,-1.2855455,-1.2855455,-1.2855455,-1.2855455,-1.2855455,-1.2855455,-1.2855455,-1.2855455,-1.2855455,-1.2855455,-1.2855455,-1.2855455,-1.2855455,-1.2855455,0
0,-1.2855455,-1.2855455,-1.2855455,-1.2855455,-1.2855455,-1.2855455,-1.2855455,-1.2855455,-1.2855455,-1.2855455,-1.2855455,-1.2855455,-1.2855455,-1.2855455,-1.2855455,-1.2855455,-1.2855455,-1.2855455,-1.2855455,-1.2855455,-1.2855455,-1.2855455,-1.2855455,-1.2855455,-1.2855455,-1.2855455,-1.2855455,-1.2855455,-1.2855455,-1.2855455,-1.2855455,-1.2855455,-1.2855455,-1.2855455,-1.2855455,-1.2855455,-1.2855455,-1.2855455,-1.2855455,-1.2855455,-1.2855455,-1.2855455,-1.2855455,-1.2855455,-1.2855455,-1.2855455,-1.2855455,-1.2855455,-1.2855455,-1.2855455,-1.2855455,-1.2855455,-1.2855455,-1.2855455,-1.2855455,-1.2855455,-1.2855455,-1.2855455,-1.2855455,-1.2855455,-1.2855455,-1.2855455,-1.2855455,-1.2855455,-1.2855455,-1.2855455,-1.2855455,-1.2855455,-1.2855455,-1.2855455,-1.2855455,-1.2855455,-1.2855455,-1.2855455,-1.2855455,-1.2855455,-1.2855455,-1.2855455,-1.2855455,-1.2855455,-1.2855455,-1.2855455,-1.2855455,-1.2855455,-1.2855455,-1.2855455,-1.2855455,-1.2855455,-1.2855455,-1.2855455,-1.2855455,-1.2855455,-1.2855455,-1.2855455,-1.2855455,-1.2855455,-1.2855455,-1.2855455,-1.2855455,-1.2855455,-1.2855455,-1.2855455,-1.2855455,-1.2855455,-1.2855455,-1.2855455,-1.2855455,-1.2855455,-1.2855455,-1.2855455,-1.2855455,-1.2855455,-1.2855455,-1.2855455,-1.2855455,-1.2855455,-1.2855455,-1.2855455,-1.2855455,-1.2855455,-1.2855455,-1.2855455,-1.2855455,-1.2855455,-1.2855455,-1.2855455,-1.2855455,-1.2855455,-1.2855455,-1.2855455,-1.2855455,-1.2855455,-1.2855455,-1.2855455,-1.2855455,-1.2855455,-1.2855455,-1.2855455,-1.2855455,-1.2855455,-1.2855455,-1.2855455,-1.2855455,-1.2855455,-1.2855455,-1.2855455,-1.2855455,-1.2855455,-1.2855455,-1.2855455,-1.2855455,-1.2855455,-1.2855455,-1.2855455,-1.2855455,-1.2855455,-1.2855455,-1.2855455,-1.2855455,-1.2855455,-1.2855455,-1.2855455,-1.2855455,-1.2855455,-1.2855455,-1.2855455,-1.2855455,-1.2855455,-1.2855455,-1.2855455,-1.2855455,-1.2855455,-1.2855455,-1.2855455,-1.2855455,-1.2855455,-1.2855455,-1.2855455,-1.2855455,-1.2855455,-1.2855455,-1.2855455,-1.2855455,-1.2855455,-1.2855455,-1.2855455,-1.2855455,-1.2855455,-1.2855455,-1.2855455,-1.2855455,-1.2855455,-1.2855455,-1.2855455,-1.2855455,-1.2855455,0
0,-1.2855455,-1.2855455,-1.2855455,-1.2855455,-1.2855455,-1.2855455,-1.2855455,-1.2855455,-1.2855455,-1.2855455,-1.2855455,-1.2855455,-1.2855455,-1.2855455,-1.2855455,-1.2855455,-1.2855455,-1.2855455,-1.2855455,-1.2855455,-1.2855455,-1.2855455,-1.2855455,-1.2855455,-1.2855455,-1.2855455,-1.2855455,-1.2855455,-1.2855455,-1.2855455,-1.2855455,-1.2855455,-1.2855455,-1.2855455,-1.2855455,-1.2855455,-1.2855455,-1.2855455,-1.2855455,-1.2855455,-1.2855455,-1.2855455,-1.2855455,-1.2855455,-1.2855455,-1.2855455,-1.2855455,-1.2855455,-1.2855455,-1.2855455,-1.2855455,-1.2855455,-1.2855455,-1.2855455,-1.2855455,-1.2855455,-1.2855455,-1.2855455,-1.2855455,-1.2855455,-1.2855455,-1.2855455,-1.2855455,-1.2855455,-1.2855455,-1.2855455,-1.2855455,-1.2855455,-1.2855455,-1.2855455,-1.2855455,-1.2855455,-1.2855455,-1.2855455,-1.2855455,-1.2855455,-1.2855455,-1.2855455,-1.2855455,-1.2855455,-1.2855455,-1.2855455,-1.2855455,-1.2855455,-1.2855455,-1.2855455,-1.2855455,-1.2855455,-1.2855455,-1.2855455,-1.2855455,-1.2855455,-1.2855455,-1.2855455,-1.2855455,-1.2855455,-1.2855455,-1.2855455,-1.2855455,-1.2855455,-1.2855455,-1.2855455,-1.2855455,-1.2855455,-1.2855455,-1.2855455,-1.2855455,-1.2855455,-1.2855455,-1.2855455,-1.2855455,-1.2855455,-1.2855455,-1.2855455,-1.2855455,-1.2855455,-1.2855455,-1.2855455,-1.2855455,-1.2855455,-1.2855455,-1.2855455,-1.2855455,-1.2855455,-1.2855455,-1.2855455,-1.2855455,-1.2855455,-1.2855455,-1.2855455,-1.2855455,-1.2855455,-1.2855455,-1.2855455,-1.2855455,-1.2855455,-1.2855455,-1.2855455,-1.2855455,-1.2855455,-1.2855455,-1.2855455,-1.2855455,-1.2855455,-1.2855455,-1.2855455,-1.2855455,-1.2855455,-1.2855455,-1.2855455,-1.2855455,-1.2855455,-1.2855455,-1.2855455,-1.2855455,-1.2855455,-1.2855455,-1.2855455,-1.2855455,-1.2855455,-1.2855455,-1.2855455,-1.2855455,-1.2855455,-1.2855455,-1.2855455,-1.2855455,-1.2855455,-1.2855455,-1.2855455,-1.2855455,-1.2855455,-1.2855455,-1.2855455,-1.2855455,-1.2855455,-1.2855455,-1.2855455,-1.2855455,-1.2855455,-1.2855455,-1.2855455,-1.2855455,-1.2855455,-1.2855455,-1.2855455,-1.2855455,-1.2855455,-1.2855455,-1.2855455,-1.2855455,-1.2855455,-1.2855455,-1.2855455,-1.2855455,-1.2855455,0
0,-1.2855455,-1.2855455,-1.2855455,-1.2855455,-1.2855455,-1.2855455,-1.2855455,-1.2855455,-1.2855455,-1.2855455,-1.2855455,-1.2855455,-1.2855455,-1.2855455,-1.2855455,-1.2855455,-1.2855455,-1.2855455,-1.2855455,-1.2855455,-1.2855455,-1.2855455,-1.2855455,-1.2855455,-1.2855455,-1.2855455,-1.2855455,-1.2855455,-1.2855455,-1.2855455,-1.2855455,-1.2855455,-1.2855455,-1.2855455,-1.2855455,-1.2855455,-1.2855455,-1.2855455,-1.2855455,-1.2855455,-1.2855455,-1.2855455,-1.2855455,-1.2855455,-1.2855455,-1.2855455,-1.2855455,-1.2855455,-1.2855455,-1.2855455,-1.2855455,-1.2855455,-1.2855455,-1.2855455,-1.2855455,-1.2855455,-1.2855455,-1.2855455,-1.2855455,-1.2855455,-1.2855455,-1.2855455,-1.2855455,-1.2855455,-1.2855455,-1.2855455,-1.2855455,-1.2855455,-1.2855455,-1.2855455,-1.2855455,-1.2855455,-1.2855455,-1.2855455,-1.2855455,-1.2855455,-1.2855455,-1.2855455,-1.2855455,-1.2855455,-1.2855455,-1.2855455,-1.2855455,-1.2855455,-1.2855455,-1.2855455,-1.2855455,-1.2855455,-1.2855455,-1.2855455,-1.2855455,-1.2855455,-1.2855455,-1.2855455,-1.2855455,-1.2855455,-1.2855455,-1.2855455,-1.2855455,-1.2855455,-1.2855455,-1.2855455,-1.2855455,-1.2855455,-1.2855455,-1.2855455,-1.2855455,-1.2855455,-1.2855455,-1.2855455,-1.2855455,-1.2855455,0,0,0,0,0,0,-0.7775805,-0.7775805,-0.7775805,-0.7775805,-0.7775805,-0.7775805,-0.7775805,-0.7775805,-0.7775805,-0.7775805,-0.7775805,-0.7775805,-0.7775805,-0.7775805,-0.7775805,-0.7775805,-0.7775805,-0.7775805,-0.7775805,-0.7775805,-0.7775805,-0.7775805,-0.7775805,-0.7775805,-0.7775805,-0.7775805,-0.7775805,-0.7775805,-0.7775805,-0.7775805,-0.7775805,-0.7775805,-0.7775805,-0.7775805,-0.7775805,-0.7775805,-0.7775805,-0.7775805,-0.7775805,-0.7775805,-0.7775805,-0.7775805,-0.7775805,-0.7775805,-0.7775805,-0.7775805,-0.7775805,-0.7775805,-0.7775805,-0.7775805,-0.7775805,-0.7775805,-0.7775805,-0.7775805,-0.7775805,-0.7775805,-0.7775805,-0.7775805,-0.7775805,-0.7775805,-0.7775805,-0.7775805,-0.7775805,-0.7775805,-0.7775805,-0.7775805,-0.7775805,-0.7775805,-0.7775805,-0.7775805,-0.7775805,-0.7775805,-0.7775805,-0.7775805,-0.7775805,-0.7775805,-0.7775805,-0.7775805,0
0,-0.7775805,-0.7775805,-0.7775805,-0.7775805,-0.7775805,-0.7775805,-0.7775805,-0.7775805,-0.7775805,-0.7775805,-0.7775805,-0.7775805,-0.7775805,-0.7775805,-0.7775805,-0.7775805,-0.7775805,-0.7775805,-0.7775805,-0.7775805,-0.7775805,-0.7775805,-0.7775805,-0.7775805,-0.7775805,-0.7775805,-0.7775805,-0.7775805,-0.7775805,-0.7775805,-0.7775805,-0.7775805,-0.7775805,-0.7775805,-0.7775805,-0.7775805,-0.7775805,-0.7775805,-0.7775805,-0.7775805,-0.7775805,-0.7775805,-0.7775805,-0.7775805,-0.7775805,-0.7775805,-0.7775805,-0.7775805,-0.7775805,-0.7775805,-0.7775805,-0.7775805,-0.7775805,-0.7775805,-0.7775805,-0.7775805,-0.7775805,-0.7775805,-0.7775805,-0.7775805,-0.7775805,-0.7775805,-0.7775805,-0.7775805,-0.7775805,-0.7775805,-0.7775805,-0.7775805,-0.7775805,-0.7775805,-0.7775805,-0.7775805,-0.7775805,-0.7775805,-0.7775805,-0.7775805,-0.7775805,-0.7775805,-0.7775805,-0.7775805,-0.7775805,-0.7775805,-0.7775805,-0.7775805,-0.7775805,-0.7775805,-0.7775805,-0.7775805,-0.7775805,-0.7775805,-0.7775805,-0.7775805,-0.7775805,-0.7775805,-0.7775805,-0.7775805,-0.7775805,-0.7775805,-0.7775805,-0.7775805,-0.7775805,-0.7775805,-0.7775805,-0.7775805,-0.7775805,-0.7775805,-0.7775805,-0.7775805,-0.7775805,-0.7775805,-0.7775805,-0.7775805,-0.7775805,-0.7775805,-0.7775805,-0.7775805,-0.7775805,-0.7775805,-0.7775805,-0.7775805,-0.7775805,-0.7775805,-0.7775805,-0.7775805,-0.7775805,-0.7775805,-0.7775805,-0.7775805,-0.7775805,-0.7775805,-0.7775805,-0.7775805,-0.7775805,-0.7775805,-0.7775805,-0.7775805,-0.7775805,-0.7775805,-0.7775805,-0.7775805,-0.7775805,-0.7775805,-0.7775805,-0.7775805,-0.7775805,-0.7775805,-0.7775805,-0.7775805,-0.7775805,-0.7775805,-0.7775805,-0.7775805,-0.7775805,-0.7775805,-0.7775805,-0.7775805,-0.7775805,-0.7775805,-0.7775805,-0.7775805,-0.7775805,-0.7775805,-0.7775805,-0.7775805,-0.7775805,-0.7775805,-0.7775805,-0.7775805,-0.7775805,-0.7775805,-0.7775805,-0.7775805,-0.7775805,-0.7775805,-0.7775805,-0.7775805,-0.7775805,-0.7775805,-0.7775805,-0.7775805,-0.7775805,-0.7775805,-0.7775805,-0.7775805,-0.7775805,-0.7775805,-0.7775805,-0.7775805,-0.7775805,-0.7775805,-0.7775805,-0.7775805,-0.7775805,-0.7775805,-0.7775805,-0.7775805,0
0,-0.7775805,-0.7775805,-0.7775805,-0.7775805,-0.7775805,-0.7775805,-0.7775805,-0.7775805,-0.7775805,-0.7775805,-0.7775805,-0.7775805,-0.7775805,-0.7775805,-0.7775805,-0.7775805,-0.7775805,-0.7775805,-0.7775805,-0.7775805,-0.7775805,-0.7775805,-0.7775805,-0.7775805,-0.7775805,-0.7775805,-0.7775805,-0.7775805,-0.7775805,-0.7775805,-0.7775805,-0.7775805,-0.7775805,-0.7775805,-0.7775805,-0.7775805,-0.7775805,-0.7775805,-0.7775805,-0.7775805,-0.7775805,-0.7775805,-0.7775805,-0.7775805,-0.7775805,-0.7775805,-0.7775805,-0.7775805,-0.7775805,-0.7775805,-0.7775805,-0.7775805,-0.7775805,-0.7775805,-0.7775805,-0.7775805,-0.7775805,-0.7775805,-0.7775805,-0.7775805,-0.7775805,-0.7775805,-0.7775805,-0.7775805,-0.7775805,-0.7775805,-0.7775805,-0.7775805,-0.7775805,-0.7775805,-0.7775805,-0.7775805,-0.7775805,-0.7775805,-0.7775805,-0.7775805,-0.7775805,-0.7775805,-0.7775805,-0.7775805,-0.7775805,-0.7775805,-0.7775805,-0.7775805,-0.7775805,-0.7775805,-0.7775805,-0.7775805,-0.7775805,-0.7775805,-0.7775805,-0.7775805,-0.7775805,-0.7775805,-0.7775805,-0.7775805,-0.7775805,-0.7775805,-0.7775805,-0.7775805,-0.7775805,-0.7775805,-0.7775805,-0.7775805,-0.7775805,-0.7775805,-0.7775805,-0.7775805,-0.7775805,-0.7775805,-0.7775805,-0.7775805,-0.7775805,-0.7775805,-0.7775805,-0.7775805,-0.7775805,-0.7775805,-0.7775805,-0.7775805,-0.7775805,-0.7775805,-0.7775805,-0.7775805,-0.7775805,-0.7775805,-0.7775805,-0.7775805,-0.7775805,-0.7775805,-0.7775805,-0.7775805,-0.7775805,-0.7775805,-0.7775805,-0.7775805,-0.7775805,-0.7775805,-0.7775805,-0.7775805,-0.7775805,-0.7775805,-0.7775805,-0.7775805,-0.7775805,-0.7775805,-0.7775805,-0.7775805,-0.7775805,-0.7775805,-0.7775805,-0.7775805,-0.7775805,-0.7775805,-0.7775805,-0.7775805,-0.7775805,-0.7775805,-0.7775805,-0.7775805,-0.7775805,-0.7775805,-0.7775805,-0.7775805,-0.7775805,-0.7775805,-0.7775805,-0.7775805,-0.7775805,-0.7775805,-0.7775805,-0.7775805,-0.7775805,-0.7775805,-0.7775805,-0.7775805,-0.7775805,-0.7775805,-0.7775805,-0.7775805,-0.7775805,-0.7775805,-0.7775805,-0.7775805,-0.7775805,-0.7775805,-0.7775805,-0.7775805,-0.7775805,-0.7775805,-0.7775805,-0.7775805,-0.7775805,-0.7775805,-0.7775805,-0.7775805,0
0,-0.7775805,-0.7775805,-0.7775805,-0.7775805,-0.7775805,-0.7775805,-0.7775805,-0.7775805,-0.7775805,-0.7775805,-0.7775805,-0.7775805,-0.7775805,-0.7775805,-0.7775805,-0.7775805,-0.7775805,-0.7775805,-0.7775805,-0.7775805,-0.7775805,-0.7775805,-0.7775805,-0.7775805,-0.7775805,-0.7775805,-0.7775805,-0.7775805,-0.7775805,-0.7775805,-0.7775805,-0.7775805,-0.7775805,-0.7775805,-0.7775805,-0.7775805,-0.7775805,-0.7775805,-0.7775805,-0.7775805,-0.7775805,-0.7775805,-0.7775805,-0.7775805,-0.7775805,-0.7775805,-0.7775805,-0.7775805,-0.7775805,-0.7775805,-0.7775805,-0.7775805,-0.7775805,-0.7775805,-0.7775805,-0.7775805,-0.7775805,-0.7775805,-0.7775805,-0.7775805,-0.7775805,-0.7775805,-0.7775805,-0.7775805,-0.7775805,-0.7775805,-0.7775805,-0.7775805,-0.7775805,-0.7775805,-0.7775805,-0.7775805,-0.7775805,-0.7775805,-0.7775805,-0.7775805,-0.7775805,-0.7775805,-0.7775805,-0.7775805,-0.7775805,-0.7775805,-0.7775805,-0.7775805,-0.7775805,-0.7775805,-0.7775805,-0.7775805,-0.7775805,-0.7775805,-0.7775805,-0.7775805,-0.7775805,-0.7775805,-0.7775805,-0.7775805,-0.7775805,-0.7775805,-0.7775805,-0.7775805,-0.7775805,-0.7775805,-0.7775805,-0.7775805,-0.7775805,-0.7775805,-0.7775805,-0.7775805,-0.7775805,-0.7775805,-0.7775805,-0.7775805,-0.7775805,-0.7775805,-0.7775805,-0.7775805,-0.7775805,-0.7775805,-0.7775805,-0.7775805,-0.7775805,-0.7775805,-0.7775805,-0.7775805,-0.7775805,-0.7775805,-0.7775805,-0.7775805,-0.7775805,-0.7775805,-0.7775805,-0.7775805,-0.7775805,-0.7775805,-0.7775805,-0.7775805,-0.7775805,-0.7775805,-0.7775805,-0.7775805,-0.7775805,-0.7775805,-0.7775805,-0.7775805,-0.7775805,-0.7775805,-0.7775805,-0.7775805,-0.7775805,-0.7775805,-0.7775805,-0.7775805,-0.7775805,-0.7775805,-0.7775805,-0.7775805,-0.7775805,-0.7775805,-0.7775805,-0.7775805,-0.7775805,-0.7775805,-0.7775805,-0.7775805,-0.7775805,-0.7775805,-0.7775805,-0.7775805,-0.7775805,-0.7775805,-0.7775805,-0.7775805,-0.7775805,-0.7775805,-0.7775805,-0.7775805,-0.7775805,-0.7775805,-0.7775805,-0.7775805,-0.7775805,-0.7775805,-0.7775805,-0.7775805,-0.7775805,-0.7775805,-0.7775805,-0.7775805,-0.7775805,-0.7775805,-0.7775805,-0.7775805,-0.7775805,-0.7775805,-0.7775805,-0.7775805,0
0,-0.7775805,-0.7775805,-0.7775805,-0.7775805,-0.7775805,-0.7775805,-0.7775805,-0.7775805,-0.7775805,-0.7775805,-0.7775805,-0.7775805,-0.7775805,-0.7775805,-0.7775805,-0.7775805,-0.7775805,-0.7775805,-0.7775805,-0.7775805,-0.7775805,-0.7775805,-0.7775805,-0.7775805,-0.7775805,-0.7775805,-0.7775805,-0.7775805,-0.7775805,-0.7775805,-0.7775805,-0.7775805,-0.7775805,-0.7775805,-0.7775805,-0.7775805,-0.7775805,-0.7775805,-0.7775805,-0.7775805,-0.7775805,-0.7775805,-0.7775805,-0.7775805,-0.7775805,-0.7775805,-0.7775805,-0.7775805,-0.7775805,-0.7775805,-0.7775805,-0.7775805,-0.7775805,-0.7775805,-0.7775805,-0.7775805,-0.7775805,-0.7775805,-0.7775805,-0.7775805,-0.7775805,-0.7775805,-0.7775805,-0.7775805,-0.7775805,-0.7775805,-0.7775805,-0.7775805,-0.7775805,-0.7775805,-0.7775805,-0.7775805,-0.7775805,-0.7775805,-0.7775805,-0.7775805,-0.7775805,-0.7775805,-0.7775805,-0.7775805,-0.7775805,-0.7775805,-0.7775805,-0.7775805,-0.7775805,-0.7775805,-0.7775805,-0.7775805,-0.7775805,-0.7775805,-0.7775805,-0.7775805,-0.7775805,-0.7775805,-0.7775805,-0.7775805,-0.7775805,-0.7775805,-0.7775805,-0.7775805,-0.7775805,-0.7775805,-0.7775805,-0.7775805,-0.7775805,-0.7775805,-0.7775805,-0.7775805,-0.7775805,-0.7775805,-0.7775805,-0.7775805,-0.7775805,-0.7775805,-0.7775805,-0.7775805,-0.7775805,-0.7775805,-0.7775805,-0.7775805,-0.7775805,-0.7775805,-0.7775805,-0.7775805,-0.7775805,-0.7775805,-0.7775805,-0.7775805,-0.7775805,-0.7775805,-0.7775805,-0.7775805,-0.7775805,-0.7775805,-0.7775805,-0.7775805,-0.7775805,-0.7775805,-0.7775805,-0.7775805,-0.7775805,-0.7775805,-0.7775805,-0.7775805,-0.7775805,-0.7775805,-0.7775805,-0.7775805,-0.7775805,-0.7775805,-0.7775805,-0.7775805,-0.7775805,-0.7775805,-0.7775805,-0.7775805,-0.7775805,-0.7775805,-0.7775805,-0.7775805,-0.7775805,-0.7775805,-0.7775805,-0.7775805,-0.7775805,-0.7775805,-0.7775805,-0.7775805,-0.7775805,-0.7775805,-0.7775805,-0.7775805,-0.7775805,-0.7775805,-0.7775805,-0.7775805,-0.7775805,-0.7775805,-0.7775805,-0.7775805,-0.7775805,-0.7775805,-0.7775805,-0.7775805,-0.7775805,-0.7775805,-0.7775805,-0.7775805,-0.7775805,-0.7775805,-0.7775805,-0.7775805,-0.7775805,-0.7775805,-0.7775805,-0.7775805,0
0,-0.7775805,-0.7775805,-0.7775805,-0.7775805,-0.7775805,-0.7775805,-0.7775805,-0.7775805,-0.7775805,-0.7775805,-0.7775805,-0.7775805,-0.7775805,-0.7775805,-0.7775805,-0.7775805,-0.7775805,-0.7775805,-0.7775805,-0.7775805,-0.7775805,-0.7775805,-0.7775805,-0.7775805,-0.7775805,-0.7775805,-0.7775805,-0.7775805,-0.7775805,-0.7775805,-0.7775805,-0.7775805,-0.7775805,-0.7775805,-0.7775805,-0.7775805,-0.7775805,-0.7775805,-0.7775805,-0.7775805,-0.7775805,-0.7775805,-0.7775805,-0.7775805,-0.7775805,-0.7775805,-0.7775805,-0.7775805,-0.7775805,-0.7775805,-0.7775805,-0.7775805,-0.7775805,-0.7775805,-0.7775805,-0.7775805,-0.7775805,-0.7775805,-0.7775805,-0.7775805,-0.7775805,-0.7775805,-0.7775805,-0.7775805,-0.7775805,-0.7775805,-0.7775805,0,0.39848,0.39848,0.39848,0.39848,0.39848,0.39848,0.39848,0.39848,0.39848,0.39848,0.39848,0.39848,0.39848,0.39848,0.39848,0.39848,0.39848,0.39848,0.39848,0.39848,0.39848,0.39848,0.39848,0.39848,0.39848,0.39848,0.39848,0.39848,0.39848,0.39848,0.39848,0.39848,0.39848,0.39848,0.39848,0.39848,0.39848,0.39848,0.39848,0.39848,0.39848,0.39848,0.39848,0.39848,0.39848,0.39848,0.39848,0.39848,0.39848,0.39848,0.39848,0.39848,0.39848,0.39848,0.39848,0.39848,0.39848,0.39848,0.39848,0.39848,0.39848,0.39848,0.39848,0.39848,0.39848,0.39848,0.39848,0.39848,0.39848,0.39848,0.39848,0.39848,0.39848,0.39848,0.39848,0.39848,0.39848,0.39848,0.39848,0.39848,0.39848,0.39848,0.39848,0.39848,0.39848,0.39848,0.39848,0.39848,0.39848,0.39848,0.39848,0.39848,0.39848,0.39848,0.39848,0.39848,0.39848,0.39848,0.39848,0.39848,0.39848,0.39848,0.39848,0.39848,0.39848,0.39848,0.39848,0.39848,0.39848,0.39848,0.39848,0.39848,0.39848,0.39848,0.39848,0.39848,0.39848,0.39848,0.39848,0.39848,0.39848,0.39848,0.39848,0.39848,0.39848,0.39848,0.39848,0.39848,0
0,0.39848,0.39848,0.39848,0.39848,0.39848,0.39848,0.39848,0.39848,0.39848,0.39848,0.39848,0.39848,0.39848,0.39848,0.39848,0.39848,0.39848,0.39848,0.39848,0.39848,0.39848,0.39848,0.39848,0.39848,0.39848,0.39848,0.39848,0.39848,0.39848,0.39848,0.39848,0.39848,0.39848,0.39848,0.39848,0.39848,0.39848,0.39848,0.39848,0.39848,0.39848,0.39848,0.39848,0.39848,0.39848,0.39848,0.39848,0.39848,0.39848,0.39848,0.39848,0.39848,0.39848,0.39848,0.39848,0.39848,0.39848,0.39848,0.39848,0.39848,0.39848,0.39848,0.39848,0.39848,0.39848,0.39848,0.39848,0.39848,0.39848,0.39848,0.39848,0.39848,0.39848,0.39848,0.39848,0.39848,0.39848,0.39848,0.39848,0.39848,0.39848,0.39848,0.39848,0.39848,0.39848,0.39848,0.39848,0.39848,0.39848,0.39848,0.39848,0.39848,0.39848,0.39848,0.39848,0.39848,0.39848,0.39848,0.39848,0.39848,0.39848,0.39848,0.39848,0.39848,0.39848,0.39848,0.39848,0.39848,0.39848,0.39848,0.39848,0.39848,0.39848,0.39848,0.39848,0.39848,0.39848,0.39848,0.39848,0.39848,0.39848,0.39848,0.39848,0.39848,0.39848,0.39848,0.39848,0.39848,0.39848,0.39848,0.39848,0.39848,0.39848,0.39848,0.39848,0.39848,0.39848,0.39848,0.39848,0.39848,0.39848,0.39848,0.39848,0.39848,0.39848,0.39848,0.39848,0.39848,0.39848,0.39848,0.39848,0.39848,0.39848,0.39848,0.39848,0.39848,0.39848,0.39848,0.39848,0.39848,0.39848,0.39848,0.39848,0.39848,0.39848,0.39848,0.39848,0.39848,0.39848,0.39848,0.39848,0.39848,0.39848,0.39848,0.39848,0.39848,0.39848,0.39848,0.39848,0.39848,0.39848,0.39848,0.39848,0.39848,0.39848,0.39848,0.39848,0.39848,0.39848,0.39848,0.39848,0.39848,0.39848,0.39848,0.39848,0.39848,0
0,0.39848,0.39848,0.39848,0.39848,0.39848,0.39848,0.39848,0.39848,0.39848,0.39848,0.39848,0.39848,0.39848,0.39848,0.39848,0.39848,0.39848,0.39848,0.39848,0.39848,0.39848,0.39848,0.39848,0.39848,0.39848,0.39848,0.39848,0.39848,0.39848,0.39848,0.39848,0.39848,0.39848,0.39848,0.39848,0.39848,0.39848,0.39848,0.39848,0.39848,0.39848,0.39848,0.39848,0.39848,0.39848,0.39848,0.39848,0.39848,0.39848,0.39848,0.39848,0.39848,0.39848,0.39848,0.39848,0.39848,0.39848,0.39848,0.39848,0.39848,0.39848,0.39848,0.39848,0.39848,0.39848,0.39848,0.39848,0.39848,0.39848,0.39848,0.39848,0.39848,0.39848,0.39848,0.39848,0.39848,0.39848,0.39848,0.39848,0.39848,0.39848,0.39848,0.39848,0.39848,0.39848,0.39848,0.39848,0.39848,0.39848,0.39848,0.39848,0.39848,0.39848,0.39848,0.39848,0.39848,0.39848,0.39848,0.39848,0.39848,0.39848,0.39848,0.39848,0.39848,0.39848,0.39848,0.39848,0.39848,0.39848,0.39848,0.39848,0.39848,0.39848,0.39848,0.39848,0.39848,0.39848,0.39848,0.39848,0.39848,0.39848,0.39848,0.39848,0.39848,0.39848,0.39848,0.39848,0.39848,0.39848,0.39848,0.39848,0.39848,0.39848,0.39848,0.39848,0.39848,0.39848,0.39848,0.39848,0.39848,0.39848,0.39848,0.39848,0.39848,0.39848,0.39848,0.39848,0.39848,0.39848,0.39848,0.39848,0.39848,0.39848,0.39848,0.39848,0.39848,0.39848,0.39848,0.39848,0.39848,0.39848,0.39848,0.39848,0.39848,0.39848,0.39848,0.39848,0.39848,0.39848,0.39848,0.39848,0.39848,0.39848,0.39848,0.39848,0.39848,0.39848,0.39848,0.39848,0.39848,0.39848,0.39848,0.39848,0.39848,0.39848,0.39848,0.39848,0.39848,0.39848,0.39848,0.39848,0.39848,0.39848,0.39848,0.39848,0.39848,0
0,0.39848,0.39848,0.39848,0.39848,0.39848,0.39848,0.39848,0.39848,0.39848,0.39848,0.39848,0.39848,0.39848,0.39848,0.39848,0.39848,0.39848,0.39848,0.39848,0.39848,0.39848,0.39848,0.39848,0.39848,0.39848,0.39848,0.39848,0.39848,0.39848,0.39848,0.39848,0.39848,0.39848,0.39848,0.39848,0.39848,0.39848,0.39848,0.39848,0.39848,0.39848,0.39848,0.39848,0.39848,0.39848,0.39848,0.39848,0.39848,0.39848,0.39848,0.39848,0.39848,0.39848,0.39848,0.39848,0.39848,0.39848,0.39848,0.39848,0.39848,0.39848,0.39848,0.39848,0.39848,0.39848,0.39848,0.39848,0.39848,0.39848,0.39848,0.39848,0.39848,0.39848,0.39848,0.39848,0.39848,0.39848,0.39848,0.39848,0.39848,0.39848,0.39848,0.39848,0.39848,0.39848,0.39848,0.39848,0.39848,0.39848,0.39848,0.39848,0.39848,0.39848,0.39848,0.39848,0.39848,0.39848,0.39848,0.39848,0.39848,0.39848,0.39848,0.39848,0.39848,0.39848,0.39848,0.39848,0.39848,0.39848,0.39848,0.39848,0.39848,0.39848,0.39848,0.39848,0.39848,0.39848,0.39848,0.39848,0.39848,0.39848,0.39848,0.39848,0.39848,0.39848,0.39848,0.39848,0.39848,0.39848,0.39848,0.39848,0.39848,0.39848,0.39848,0.39848,0.39848,0.39848,0.39848,0.39848,0.39848,0.39848,0.39848,0.39848,0.39848,0.39848,0.39848,0.39848,0.39848,0.39848,0.39848,0.39848,0.39848,0.39848,0.39848,0.39848,0.39848,0.39848,0.39848,0.39848,0.39848,0.39848,0.39848,0.39848,0.39848,0.39848,0.39848,0.39848,0.39848,0.39848,0.39848,0.39848,0.39848,0.39848,0.39848,0.39848,0.39848,0.39848,0.39848,0.39848,0.39848,0.39848,0.39848,0.39848,0.39848,0.39848,0.39848,0.39848,0.39848,0.39848,0.39848,0.39848,0.39848,0.39848,0.39848,0.39848,0.39848,0
0,0.39848,0.39848,0.39848,0.39848,0.39848,0.39848,0.39848,0.39848,0.39848,0.39848,0.39848,0.39848,0.39848,0.39848,0.39848,0.39848,0.39848,0.39848,0.39848,0.39848,0.39848,0.39848,0.39848,0.39848,0.39848,0.39848,0.39848,0.39848,0.39848,0.39848,0.39848,0.39848,0.39848,0.39848,0.39848,0.39848,0.39848,0.39848,0.39848,0.39848,0.39848,0.39848,0.39848,0.39848,0.39848,0.39848,0.39848,0.39848,0.39848,0.39848,0.39848,0.39848,0.39848,0.39848,0.39848,0.39848,0.39848,0.39848,0.39848,0.39848,0.39848,0.39848,0.39848,0.39848,0.39848,0.39848,0.39848,0.39848,0.39848,0.39848,0.39848,0.39848,0.39848,0.39848,0.39848,0.39848,0.39848,0.39848,0.39848,0.39848,0.39848,0.39848,0.39848,0.39848,0.39848,0.39848,0.39848,0.39848,0.39848,0.39848,0.39848,0.39848,0.39848,0.39848,0.39848,0.39848,0.39848,0.39848,0.39848,0.39848,0.39848,0.39848,0.39848,0.39848,0.39848,0.39848,0.39848,0.39848,0.39848,0.39848,0.39848,0.39848,0.39848,0.39848,0.39848,0.39848,0.39848,0.39848,0.39848,0.39848,0.39848,0.39848,0.39848,0.39848,0.39848,0.39848,0.39848,0.39848,0.39848,0.39848,0.39848,0.39848,0.39848,0.39848,0.39848,0.39848,0.39848,0.39848,0.39848,0.39848,0.39848,0.39848,0.39848,0.39848,0.39848,0.39848,0.39848,0.39848,0.39848,0.39848,0.39848,0.39848,0.39848,0.39848,0.39848,0.39848,0.39848,0.39848,0.39848,0.39848,0.39848,0.39848,0.39848,0.39848,0.39848,0.39848,0.39848,0.39848,0.39848,0.39848,0.39848,0.39848,0.39848,0.39848,0.39848,0.39848,0.39848,0.39848,0.39848,0.39848,0.39848,0.39848,0.39848,0.39848,0.39848,0.39848,0.39848,0.39848,0.39848,0.39848,0.39848,0.39848,0.39848,0.39848,0.39848,0.39848,0
0,0.39848,0.39848,0.39848,0.39848,0.39848,0.39848,0.39848,0.39848,0.39848,0.39848,0.39848,0.39848,0.39848,0.39848,0.39848,0.39848,0.39848,0.39848,0.39848,0.39848,0.39848,0.39848,0.39848,0.39848,0.39848,0.39848,0.39848,0.39848,0.39848,0.39848,0.39848,0.39848,0.39848,0.39848,0.39848,0.39848,0.39848,0.39848,0.39848,0.39848,0.39848,0.39848,0.39848,0.39848,0.39848,0.39848,0.39848,0.39848,0.39848,0.39848,0.39848,0.39848,0.39848,0.39848,0.39848,0.39848,0.39848,0.39848,0.39848,0.39848,0.39848,0.39848,0.39848,0.39848,0.39848,0.39848,0.39848,0.39848,0.39848,0.39848,0.39848,0.39848,0.39848,0.39848,0.39848,0.39848,0.39848,0.39848,0.39848,0.39848,0.39848,0.39848,0.39848,0.39848,0.39848,0.39848,0.39848,0.39848,0.39848,0.39848,0.39848,0.39848,0.39848,0.39848,0.39848,0.39848,0.39848,0.39848,0.39848,0.39848,0.39848,0.39848,0.39848,0.39848,0.39848,0.39848,0.39848,0.39848,0.39848,0.39848,0.39848,0.39848,0.39848,0.39848,0.39848,0.39848,0.39848,0.39848,0.39848,0.39848,0.39848,0.39848,0.39848,0.39848,0.39848,0.39848,0.39848,0.39848,0.39848,0.39848,0.39848,0.39848,0.39848,0.39848,0.39848,0.39848,0.39848,0.39848,0.39848,0.39848,0.39848,0.39848,0.39848,0.39848,0.39848,0.39848,0.39848,0.39848,0.39848,0.39848,0.39848,0.39848,0.39848,0.39848,0.39848,0.39848,0.39848,0.39848,0.39848,0.39848,0.39848,0.39848,0.39848,0.39848,0.39848,0.39848,0.39848,0.39848,0.39848,0.39848,0.39848,0.39848,0.39848,0.39848,0.39848,0.39848,0.39848,0.39848,0.39848,0.39848,0.39848,0.39848,0.39848,0.39848,0.39848,0.39848,0.39848,0.39848,0.39848,0.39848,0.39848,0.39848,0.39848,0.39848,0.39848,0.39848,0
0,0.39848,0.39848,0.39848,0.39848,0.39848,0.39848,0.39848,0.39848,0.39848,0.39848,0.39848,0.39848,0.39848,0.39848,0.39848,0.39848,0.39848,0.39848,0.39848,0.39848,0.39848,0.39848,0.39848,0.39848,0.39848,0.39848,0.39848,0.39848,0.39848,0.39848,0.39848,0.39848,0.39848,0.39848,0.39848,0.39848,0.39848,0.39848,0.39848,0.39848,0.39848,0.39848,0.39848,0.39848,0.39848,0.39848,0.39848,0.39848,0.39848,0.39848,0.39848,0.39848,0.39848,0.39848,0.39848,0.39848,0.39848,0.39848,0.39848,0.39848,0.39848,0.39848,0.39848,0.39848,0.39848,0.39848,0.39848,0.39848,0.39848,0.39848,0.39848,0.39848,0.39848,0.39848,0.39848,0.39848,0.39848,0.39848,0.39848,0.39848,0.39848,0.39848,0.39848,0.39848,0.39848,0.39848,0.39848,0.39848,0.39848,0.39848,0.39848,0.39848,0.39848,0.39848,0.39848,0.39848,0.39848,0.39848,0.39848,0.39848,0.39848,0.39848,0.39848,0.39848,0.39848,0.39848,0.39848,0.39848,0.39848,0.39848,0.39848,0.39848,0.39848,0.39848,0.39848,0.39848,0.39848,0.39848,0.39848,0.39848,0.39848,0.39848,0.39848,0.39848,0.39848,0.39848,0.39848,0.39848,0.39848,0.39848,0.39848,0.39848,0.39848,0.39848,0.39848,0.39848,0.39848,0.39848,0.39848,0.39848,0.39848,0.39848,0.39848,0.39848,0.39848,0.39848,0.39848,0.39848,0.39848,0.39848,0.39848,0.39848,0.39848,0.39848,0.39848,0.39848,0.39848,0.39848,0.39848,0,0,0,0,0,0,0,0,-0.8018835,-0.8018835,-0.8018835,-0.8018835,-0.8018835,-0.8018835,-0.8018835,-0.8018835,-0.8018835,-0.8018835,-0.8018835,-0.8018835,-0.8018835,-0.8018835,-0.8018835,-0.8018835,-0.8018835,-0.8018835,-0.8018835,-0.8018835,-0.8018835,-0.8018835,-0.8018835,-0.8018835,-0.8018835,-0.8018835,-0.8018835,-0.8018835,-0.8018835,0
0,-0.8018835,-0.8018835,-0.8018835,-0.8018835,-0.8018835,-0.8018835,-0.8018835,-0.8018835,-0.8018835,-0.8018835,-0.8018835,-0.8018835,-0.8018835,-0.8018835,-0.8018835,-0.8018835,-0.8018835,-0.8018835,-0.8018835,-0.8018835,-0.8018835,-0.8018835,-0.8018835,-0.8018835,-0.8018835,-0.8018835,-0.8018835,-0.8018835,-0.8018835,-0.8018835,-0.8018835,-0.8018835,-0.8018835,-0.8018835,-0.8018835,-0.8018835,-0.8018835,-0.8018835,-0.8018835,-0.8018835,-0.8018835,-0.8018835,-0.8018835,-0.8018835,-0.8018835,-0.8018835,-0.8018835,-0.8018835,-0.8018835,-0.8018835,-0.8018835,-0.8018835,-0.8018835,-0.8018835,-0.8018835,-0.8018835,-0.8018835,-0.8018835,-0.8018835,-0.8018835,-0.8018835,-0.8018835,-0.8018835,-0.8018835,-0.8018835,-0.8018835,-0.8018835,-0.8018835,-0.8018835,-0.8018835,-0.8018835,-0.8018835,-0.8018835,-0.8018835,-0.8018835,-0.8018835,-0.8018835,-0.8018835,-0.8018835,-0.8018835,-0.8018835,-0.8018835,-0.8018835,-0.8018835,-0.8018835,-0.8018835,-0.8018835,-0.8018835,-0.8018835,-0.8018835,-0.8018835,-0.8018835,-0.8018835,-0.8018835,-0.8018835,-0.8018835,-0.8018835,-0.8018835,-0.8018835,-0.8018835,-0.8018835,-0.8018835,-0.8018835,-0.8018835,-0.8018835,-0.8018835,-0.8018835,-0.8018835,-0.8018835,-0.8018835,-0.8018835,-0.8018835,-0.8018835,-0.8018835,-0.8018835,-0.8018835,-0.8018835,-0.8018835,-0.8018835,-0.8018835,-0.8018835,-0.8018835,-0.8018835,-0.8018835,-0.8018835,-0.8018835,-0.8018835,-0.8018835,-0.8018835,-0.8018835,-0.8018835,-0.8018835,-0.8018835,-0.8018835,-0.8018835,-0.8018835,-0.8018835,-0.8018835,-0.8018835,-0.8018835,-0.8018835,-0.8018835,-0.8018835,-0.8018835,-0.8018835,-0.8018835,-0.8018835,-0.8018835,-0.8018835,-0.8018835,-0.8018835,-0.8018835,-0.8018835,-0.8018835,-0.8018835,-0.8018835,-0.8018835,-0.8018835,-0.8018835,-0.8018835,-0.8018835,-0.8018835,-0.8018835,-0.8018835,-0.8018835,-0.8018835,-0.8018835,-0.8018835,-0.8018835,-0.8018835,-0.8018835,-0.8018835,-0.8018835,-0.8018835,-0.8018835,-0.8018835,-0.8018835,-0.8018835,-0.8018835,-0.8018835,-0.8018835,-0.8018835,-0.8018835,-0.8018835,-0.8018835,-0.8018835,-0.8018835,-0.8018835,-0.8018835,-0.8018835,-0.8018835,-0.8018835,-0.8018835,-0.8018835,-0.8018835,-0.8018835,0
0,-0.8018835,-0.8018835,-0.8018835,-0.8018835,-0.8018835,-0.8018835,-0.8018835,-0.8018835,-0.8018835,-0.8018835,-0.8018835,-0.8018835,-0.8018835,-0.8018835,-0.8018835,-0.8018835,-0.8018835,-0.8018835,-0.8018835,-0.8018835,-0.8018835,-0.8018835,-0.8018835,-0.8018835,-0.8018835,-0.8018835,-0.8018835,-0.8018835,-0.8018835,-0.8018835,-0.8018835,-0.8018835,-0.8018835,-0.8018835,-0.8018835,-0.8018835,-0.8018835,-0.8018835,-0.8018835,-0.8018835,-0.8018835,-0.8018835,-0.8018835,-0.8018835,-0.8018835,-0.8018835,-0.8018835,-0.8018835,-0.8018835,-0.8018835,-0.8018835,-0.8018835,-0.8018835,-0.8018835,-0.8018835,-0.8018835,-0.8018835,-0.8018835,-0.8018835,-0.8018835,-0.8018835,-0.8018835,-0.8018835,-0.8018835,-0.8018835,-0.8018835,-0.8018835,-0.8018835,-0.8018835,-0.8018835,-0.8018835,-0.8018835,-0.8018835,-0.8018835,-0.8018835,-0.8018835,-0.8018835,-0.8018835,-0.8018835,-0.8018835,-0.8018835,-0.8018835,-0.8018835,-0.8018835,-0.8018835,-0.8018835,-0.8018835,-0.8018835,-0.8018835,-0.8018835,-0.8018835,-0.8018835,-0.8018835,-0.8018835,-0.8018835,-0.8018835,-0.8018835,-0.8018835,-0.8018835,-0.8018835,-0.8018835,-0.8018835,-0.8018835,-0.8018835,-0.8018835,-0.8018835,-0.8018835,-0.8018835,-0.8018835,-0.8018835,-0.8018835,-0.8018835,-0.8018835,-0.8018835,-0.8018835,-0.8018835,-0.8018835,-0.8018835,-0.8018835,-0.8018835,-0.8018835,-0.8018835,-0.8018835,-0.8018835,-0.8018835,-0.8018835,-0.8018835,-0.8018835,-0.8018835,-0.8018835,-0.8018835,-0.8018835,-0.8018835,-0.8018835,-0.8018835,-0.8018835,-0.8018835,-0.8018835,-0.8018835,-0.8018835,-0.8018835,-0.8018835,-0.8018835,-0.8018835,-0.8018835,-0.8018835,-0.8018835,-0.8018835,-0.8018835,-0.8018835,-0.8018835,-0.8018835,-0.8018835,-0.8018835,-0.8018835,-0.8018835,-0.8018835,-0.8018835,-0.8018835,-0.8018835,-0.8018835,-0.8018835,-0.8018835,-0.8018835,-0.8018835,-0.8018835,-0.8018835,-0.8018835,-0.8018835,-0.8018835,-0.8018835,-0.8018835,-0.8018835,-0.8018835,-0.8018835,-0.8018835,-0.8018835,-0.8018835,-0.8018835,-0.8018835,-0.8018835,-0.8018835,-0.8018835,-0.8018835,-0.8018835,-0.8018835,-0.8018835,-0.8018835,-0.8018835,-0.8018835,-0.8018835,-0.8018835,-0.8018835,-0.8018835,-0.8018835,-0.8018835,0
0,-0.8018835,-0.8018835,-0.8018835,-0.8018835,-0.8018835,-0.8018835,-0.8018835,-0.8018835,-0.8018835,-0.8018835,-0.8018835,-0.8018835,-0.8018835,-0.8018835,-0.8018835,-0.8018835,-0.8018835,-0.8018835,-0.8018835,-0.8018835,-0.8018835,-0.8018835,-0.8018835,-0.8018835,-0.8018835,-0.8018835,-0.8018835,-0.8018835,-0.8018835,-0.8018835,-0.8018835,-0.8018835,-0.8018835,-0.8018835,-0.8018835,-0.8018835,-0.8018835,-0.8018835,-0.8018835,-0.8018835,-0.8018835,-0.8018835,-0.8018835,-0.8018835,-0.8018835,-0.8018835,-0.8018835,-0.8018835,-0.8018835,-0.8018835,-0.8018835,-0.8018835,-0.8018835,-0.8018835,-0.8018835,-0.8018835,-0.8018835,-0.8018835,-0.8018835,-0.8018835,-0.8018835,-0.8018835,-0.8018835,-0.8018835,-0.8018835,-0.8018835,-0.8018835,-0.8018835,-0.8018835,-0.8018835,-0.8018835,-0.8018835,-0.8018835,-0.8018835,-0.8018835,-0.8018835,-0.8018835,-0.8018835,-0.8018835,-0.8018835,-0.8018835,-0.8018835,-0.8018835,-0.8018835,-0.8018835,-0.8018835,-0.8018835,-0.8018835,-0.8018835,-0.8018835,-0.8018835,-0.8018835,-0.8018835,-0.8018835,-0.8018835,-0.8018835,-0.8018835,-0.8018835,-0.8018835,-0.8018835,-0.8018835,-0.8018835,-0.8018835,-0.8018835,-0.8018835,-0.8018835,-0.8018835,-0.8018835,-0.8018835,-0.8018835,-0.8018835,-0.8018835,-0.8018835,-0.8018835,-0.8018835,-0.8018835,-0.8018835,-0.8018835,-0.8018835,-0.8018835,-0.8018835,-0.8018835,-0.8018835,-0.8018835,-0.8018835,-0.8018835,-0.8018835,-0.8018835,-0.8018835,-0.8018835,-0.8018835,-0.8018835,-0.8018835,-0.8018835,-0.8018835,-0.8018835,-0.8018835,-0.8018835,-0.8018835,-0.8018835,-0.8018835,-0.8018835,-0.8018835,-0.8018835,-0.8018835,-0.8018835,-0.8018835,-0.8018835,-0.8018835,-0.8018835,-0.8018835,-0.8018835,-0.8018835,-0.8018835,-0.8018835,-0.8018835,-0.8018835,-0.8018835,-0.8018835,-0.8018835,-0.8018835,-0.8018835,-0.8018835,-0.8018835,-0.8018835,-0.8018835,-0.8018835,-0.8018835,-0.8018835,-0.8018835,-0.8018835,-0.8018835,-0.8018835,-0.8018835,-0.8018835,-0.8018835,-0.8018835,-0.8018835,-0.8018835,-0.8018835,-0.8018835,-0.8018835,-0.8018835,-0.8018835,-0.8018835,-0.8018835,-0.8018835,-0.8018835,-0.8018835,-0.8018835,-0.8018835,-0.8018835,-0.8018835,-0.8018835,-0.8018835,-0.8018835,0
0,-0.8018835,-0.8018835,-0.8018835,-0.8018835,-0.8018835,-0.8018835,-0.8018835,-0.8018835,-0.8018835,-0.8018835,-0.8018835,-0.8018835,-0.8018835,-0.8018835,-0.8018835,-0.8018835,-0.8018835,-0.8018835,-0.8018835,-0.8018835,-0.8018835,-0.8018835,-0.8018835,-0.8018835,-0.8018835,-0.8018835,-0.8018835,-0.8018835,-0.8018835,-0.8018835,-0.8018835,-0.8018835,-0.8018835,-0.8018835,-0.8018835,-0.8018835,-0.8018835,-0.8018835,-0.8018835,-0.8018835,-0.8018835,-0.8018835,-0.8018835,-0.8018835,-0.8018835,-0.8018835,-0.8018835,-0.8018835,-0.8018835,-0.8018835,-0.8018835,-0.8018835,-0.8018835,-0.8018835,-0.8018835,-0.8018835,-0.8018835,-0.8018835,-0.8018835,-0.8018835,-0.8018835,-0.8018835,-0.8018835,-0.8018835,-0.8018835,-0.8018835,-0.8018835,-0.8018835,-0.8018835,-0.8018835,-0.8018835,-0.8018835,-0.8018835,-0.8018835,-0.8018835,-0.8018835,-0.8018835,-0.8018835,-0.8018835,-0.8018835,-0.8018835,-0.8018835,-0.8018835,-0.8018835,-0.8018835,-0.8018835,-0.8018835,-0.8018835,-0.8018835,-0.8018835,-0.8018835,-0.8018835,-0.8018835,-0.8018835,-0.8018835,-0.8018835,-0.8018835,-0.8018835,-0.8018835,-0.8018835,-0.8018835,-0.8018835,-0.8018835,-0.8018835,-0.8018835,-0.8018835,-0.8018835,-0.8018835,-0.8018835,-0.8018835,-0.8018835,-0.8018835,-0.8018835,-0.8018835,-0.8018835,-0.8018835,-0.8018835,-0.8018835,-0.8018835,-0.8018835,-0.8018835,-0.8018835,-0.8018835,-0.8018835,-0.8018835,-0.8018835,-0.8018835,-0.8018835,-0.8018835,-0.8018835,-0.8018835,-0.8018835,-0.8018835,-0.8018835,-0.8018835,-0.8018835,-0.8018835,-0.8018835,-0.8018835,-0.8018835,-0.8018835,-0.8018835,-0.8018835,-0.8018835,-0.8018835,-0.8018835,-0.8018835,-0.8018835,-0.8018835,-0.8018835,-0.8018835,-0.8018835,-0.8018835,-0.8018835,-0.8018835,-0.8018835,-0.8018835,-0.8018835,-0.8018835,-0.8018835,-0.8018835,-0.8018835,-0.8018835,-0.8018835,-0.8018835,-0.8018835,-0.8018835,-0.8018835,-0.8018835,-0.8018835,-0.8018835,-0.8018835,-0.8018835,-0.8018835,-0.8018835,-0.8018835,-0.8018835,-0.8018835,-0.8018835,-0.8018835,-0.8018835,-0.8018835,-0.8018835,-0.8018835,-0.8018835,-0.8018835,-0.8018835,-0.8018835,-0.8018835,-0.8018835,-0.8018835,-0.8018835,-0.8018835,-0.8018835,-0.8018835,-0.8018835,0
0,-0.8018835,-0.8018835,-0.8018835,-0.8018835,-0.8018835,-0.8018835,-0.8018835,-0.8018835,-0.8018835,-0.8018835,-0.8018835,-0.8018835,-0.8018835,-0.8018835,-0.8018835,-0.8018835,-0.8018835,-0.8018835,-0.8018835,-0.8018835,-0.8018835,-0.8018835,-0.8018835,-0.8018835,-0.8018835,-0.8018835,-0.8018835,-0.8018835,-0.8018835,-0.8018835,-0.8018835,-0.8018835,-0.8018835,-0.8018835,-0.8018835,-0.8018835,-0.8018835,-0.8018835,-0.8018835,-0.8018835,-0.8018835,-0.8018835,-0.8018835,-0.8018835,-0.8018835,-0.8018835,-0.8018835,-0.8018835,-0.8018835,-0.8018835,-0.8018835,-0.8018835,-0.8018835,-0.8018835,-0.8018835,-0.8018835,-0.8018835,-0.8018835,-0.8018835,-0.8018835,-0.8018835,-0.8018835,-0.8018835,-0.8018835,-0.8018835,-0.8018835,-0.8018835,-0.8018835,-0.8018835,-0.8018835,-0.8018835,-0.8018835,-0.8018835,-0.8018835,-0.8018835,-0.8018835,-0.8018835,-0.8018835,-0.8018835,-0.8018835,-0.8018835,-0.8018835,-0.8018835,-0.8018835,-0.8018835,-0.8018835,-0.8018835,-0.8018835,-0.8018835,-0.8018835,-0.8018835,-0.8018835,-0.8018835,-0.8018835,-0.8018835,-0.8018835,-0.8018835,-0.8018835,-0.8018835,-0.8018835,-0.8018835,-0.8018835,-0.8018835,-0.8018835,-0.8018835,-0.8018835,-0.8018835,-0.8018835,-0.8018835,-0.8018835,-0.8018835,-0.8018835,-0.8018835,-0.8018835,-0.8018835,-0.8018835,-0.8018835,-0.8018835,-0.8018835,-0.8018835,-0.8018835,-0.8018835,-0.8018835,-0.8018835,-0.8018835,-0.8018835,-0.8018835,-0.8018835,-0.8018835,-0.8018835,-0.8018835,-0.8018835,-0.8018835,-0.8018835,-0.8018835,-0.8018835,-0.8018835,-0.8018835,-0.8018835,-0.8018835,-0.8018835,-0.8018835,-0.8018835,-0.8018835,-0.8018835,-0.8018835,-0.8018835,-0.8018835,-0.8018835,-0.8018835,-0.8018835,-0.8018835,-0.8018835,-0.8018835,-0.8018835,-0.8018835,-0.8018835,-0.8018835,-0.8018835,-0.8018835,-0.8018835,-0.8018835,-0.8018835,-0.8018835,-0.8018835,-0.8018835,-0.8018835,-0.8018835,-0.8018835,-0.8018835,-0.8018835,-0.8018835,-0.8018835,-0.8018835,-0.8018835,-0.8018835,-0.8018835,-0.8018835,-0.8018835,-0.8018835,-0.8018835,-0.8018835,-0.8018835,-0.8018835,-0.8018835,-0.8018835,-0.8018835,-0.8018835,-0.8018835,-0.8018835,-0.8018835,-0.8018835,-0.8018835,-0.8018835,-0.8018835,-0.8018835,0
0,-0.8018835,-0.8018835,-0.8018835,-0.8018835,-0.8018835,-0.8018835,-0.8018835,-0.8018835,-0.8018835,-0.8018835,-0.8018835,-0.8018835,-0.8018835,-0.8018835,-0.8018835,-0.8018835,-0.8018835,-0.8018835,-0.8018835,-0.8018835,-0.8018835,-0.8018835,-0.8018835,-0.8018835,-0.8018835,-0.8018835,-0.8018835,-0.8018835,-0.8018835,-0.8018835,-0.8018835,-0.8018835,-0.8018835,-0.8018835,-0.8018835,-0.8018835,-0.8018835,-0.8018835,-0.8018835,-0.8018835,-0.8018835,-0.8018835,-0.8018835,-0.8018835,-0.8018835,-0.8018835,-0.8018835,-0.8018835,-0.8018835,-0.8018835,-0.8018835,-0.8018835,-0.8018835,-0.8018835,-0.8018835,-0.8018835,-0.8018835,-0.8018835,-0.8018835,-0.8018835,-0.8018835,-0.8018835,-0.8018835,-0.8018835,-0.8018835,-0.8018835,-0.8018835,-0.8018835,-0.8018835,-0.8018835,-0.8018835,-0.8018835,-0.8018835,-0.8018835,-0.8018835,-0.8018835,-0.8018835,-0.8018835,-0.8018835,-0.8018835,-0.8018835,-0.8018835,-0.8018835,-0.8018835,-0.8018835,-0.8018835,-0.8018835,-0.8018835,-0.8018835,-0.8018835,-0.8018835,-0.8018835,-0.8018835,-0.8018835,-0.8018835,-0.8018835,-0.8018835,-0.8018835,-0.8018835,-0.8018835,-0.8018835,-0.8018835,-0.8018835,-0.8018835,-0.8018835,-0.8018835,-0.8018835,-0.8018835,-0.8018835,-0.8018835,-0.8018835,-0.8018835,-0.8018835,-0.8018835,-0.8018835,-0.8018835,-0.8018835,-0.8018835,-0.8018835,-0.8018835,-0.8018835,-0.8018835,-0.8018835,-0.8018835,-0.8018835,-0.8018835,-0.8018835,-0.8018835,-0.8018835,-0.8018835,-0.8018835,-0.8018835,-0.8018835,-0.8018835,-0.8018835,-0.8018835,-0.8018835,-0.8018835,-0.8018835,-0.8018835,-0.8018835,-0.8018835,-0.8018835,-0.8018835,-0.8018835,-0.8018835,-0.8018835,-0.8018835,-0.8018835,-0.8018835,-0.8018835,-0.8018835,-0.8018835,-0.8018835,-0.8018835,-0.8018835,-0.8018835,-0.8018835,-0.8018835,-0.8018835,-0.8018835,-0.8018835,-0.8018835,-0.8018835,-0.8018835,-0.8018835,-0.8018835,-0.8018835,-0.8018835,-0.8018835,-0.8018835,-0.8018835,-0.8018835,-0.8018835,-0.8018835,-0.8018835,-0.8018835,-0.8018835,-0.8018835,-0.8018835,-0.8018835,-0.8018835,-0.8018835,-0.8018835,-0.8018835,-0.8018835,-0.8018835,-0.8018835,-0.8018835,-0.8018835,-0.8018835,-0.8018835,-0.8018835,-0.8018835,-0.8018835,-0.8018835,0
0,-0.8018835,-0.8018835,-0.8018835,-0.8018835,-0.8018835,-0.8018835,-0.8018835,-0.8018835,-0.8018835,-0.8018835,-0.8018835,-0.8018835,-0.8018835,-0.8018835,-0.8018835,-0.8018835,-0.8018835,-0.8018835,-0.8018835,-0.8018835,-0.8018835,-0.8018835,-0.8018835,-0.8018835,-0.8018835,-0.8018835,-0.8018835,-0.8018835,-0.8018835,-0.8018835,-0.8018835,-0.8018835,-0.8018835,-0.8018835,-0.8018835,-0.8018835,-0.8018835,-0.8018835,-0.8018835,-0.8018835,-0.8018835,-0.8018835,-0.8018835,-0.8018835,-0.8018835,-0.8018835,-0.8018835,-0.8018835,-0.8018835,-0.8018835,-0.8018835,-0.8018835,-0.8018835,-0.8018835,-0.8018835,-0.8018835,-0.8018835,-0.8018835,-0.8018835,-0.8018835,-0.8018835,-0.8018835,-0.8018835,-0.8018835,-0.8018835,-0.8018835,-0.8018835,-0.8018835,-0.8018835,-0.8018835,-0.8018835,-0.8018835,-0.8018835,-0.8018835,-0.8018835,-0.8018835,-0.8018835,-0.8018835,-0.8018835,-0.8018835,-0.8018835,-0.8018835,-0.8018835,-0.8018835,-0.8018835,-0.8018835,-0.8018835,-0.8018835,-0.8018835,-0.8018835,-0.8018835,-0.8018835,-0.8018835,-0.8018835,-0.8018835,-0.8018835,-0.8018835,-0.8018835,-0.8018835,-0.8018835,-0.8018835,-0.8018835,-0.8018835,-0.8018835,-0.8018835,-0.8018835,-0.8018835,-0.8018835,-0.8018835,-0.8018835,-0.8018835,-0.8018835,-0.8018835,-0.8018835,-0.8018835,-0.8018835,-0.8018835,-0.8018835,-0.8018835,-0.8018835,-0.8018835,-0.8018835,-0.8018835,-0.8018835,-0.8018835,-0.8018835,-0.8018835,-0.8018835,-0.8018835,-0.8018835,-0.8018835,-0.8018835,-0.8018835,-0.8018835,-0.8018835,-0.8018835,0,0,0,0,0,0,0,0,0,0,0,0,0,0,0,0,0,0,0,0,0,0,0,0,0,0,0,0,0,0,0,-0.4159854,-0.4159854,-0.4159854,-0.4159854,-0.4159854,-0.4159854,-0.4159854,-0.4159854,-0.4159854,-0.4159854,-0.4159854,-0.4159854,-0.4159854,-0.4159854,-0.4159854,-0.4159854,-0.4159854,-0.4159854,-0.4159854,-0.4159854,-0.4159854,-0.4159854,-0.4159854,-0.4159854,-0.4159854,-0.4159854,-0.4159854,-0.4159854,-0.4159854,0
0,-0.4159854,-0.4159854,-0.4159854,-0.4159854,-0.4159854,-0.4159854,-0.4159854,-0.4159854,-0.4159854,-0.4159854,-0.4159854,-0.4159854,-0.4159854,-0.4159854,-0.4159854,-0.4159854,-0.4159854,-0.4159854,-0.4159854,-0.4159854,-0.4159854,-0.4159854,-0.4159854,-0.4159854,-0.4159854,-0.4159854,-0.4159854,-0.4159854,-0.4159854,-0.4159854,-0.4159854,-0.4159854,-0.4159854,-0.4159854,-0.4159854,-0.4159854,-0.4159854,-0.4159854,-0.4159854,-0.4159854,-0.4159854,-0.4159854,-0.4159854,-0.4159854,-0.4159854,-0.4159854,-0.4159854,-0.4159854,-0.4159854,-0.4159854,-0.4159854,-0.4159854,-0.4159854,-0.4159854,-0.4159854,-0.4159854,-0.4159854,-0.4159854,-0.4159854,-0.4159854,-0.4159854,-0.4159854,-0.4159854,-0.4159854,-0.4159854,-0.4159854,-0.4159854,-0.4159854,-0.4159854,-0.4159854,-0.4159854,-0.4159854,-0.4159854,-0.4159854,-0.4159854,-0.4159854,-0.4159854,-0.4159854,-0.4159854,-0.4159854,-0.4159854,-0.4159854,-0.4159854,-0.4159854,-0.4159854,-0.4159854,-0.4159854,-0.4159854,-0.4159854,-0.4159854,-0.4159854,-0.4159854,-0.4159854,-0.4159854,-0.4159854,-0.4159854,-0.4159854,-0.4159854,-0.4159854,-0.4159854,-0.4159854,-0.4159854,-0.4159854,-0.4159854,-0.4159854,-0.4159854,-0.4159854,-0.4159854,-0.4159854,-0.4159854,-0.4159854,-0.4159854,-0.4159854,-0.4159854,-0.4159854,-0.4159854,-0.4159854,-0.4159854,-0.4159854,-0.4159854,-0.4159854,-0.4159854,-0.4159854,-0.4159854,-0.4159854,-0.4159854,-0.4159854,-0.4159854,-0.4159854,-0.4159854,-0.4159854,-0.4159854,-0.4159854,-0.4159854,-0.4159854,-0.4159854,-0.4159854,-0.4159854,-0.4159854,-0.4159854,-0.4159854,-0.4159854,-0.4159854,-0.4159854,-0.4159854,-0.4159854,-0.4159854,-0.4159854,-0.4159854,-0.4159854,-0.4159854,-0.4159854,-0.4159854,-0.4159854,-0.4159854,-0.4159854,-0.4159854,-0.4159854,-0.4159854,-0.4159854,-0.4159854,-0.4159854,-0.4159854,-0.4159854,-0.4159854,-0.4159854,-0.4159854,-0.4159854,-0.4159854,-0.4159854,-0.4159854,-0.4159854,-0.4159854,-0.4159854,-0.4159854,-0.4159854,-0.4159854,-0.4159854,-0.4159854,-0.4159854,-0.4159854,-0.4159854,-0.4159854,-0.4159854,-0.4159854,-0.4159854,-0.4159854,-0.4159854,-0.4159854,-0.4159854,-0.4159854,-0.4159854,-0.4159854,-0.4159854,-0.4159854,-0.4159854,0
0,-0.4159854,-0.4159854,-0.4159854,-0.4159854,-0.4159854,-0.4159854,-0.4159854,-0.4159854,-0.4159854,-0.4159854,-0.4159854,-0.4159854,-0.4159854,-0.4159854,-0.4159854,-0.4159854,-0.4159854,-0.4159854,-0.4159854,-0.4159854,-0.4159854,-0.4159854,-0.4159854,-0.4159854,-0.4159854,-0.4159854,-0.4159854,-0.4159854,-0.4159854,-0.4159854,-0.4159854,-0.4159854,-0.4159854,-0.4159854,-0.4159854,-0.4159854,-0.4159854,-0.4159854,-0.4159854,-0.4159854,-0.4159854,-0.4159854,-0.4159854,-0.4159854,-0.4159854,-0.4159854,-0.4159854,-0.4159854,-0.4159854,-0.4159854,-0.4159854,-0.4159854,-0.4159854,-0.4159854,-0.4159854,-0.4159854,-0.4159854,-0.4159854,-0.4159854,-0.4159854,-0.4159854,-0.4159854,-0.4159854,-0.4159854,-0.4159854,-0.4159854,-0.4159854,-0.4159854,-0.4159854,-0.4159854,-0.4159854,-0.4159854,-0.4159854,-0.4159854,-0.4159854,-0.4159854,-0.4159854,-0.4159854,-0.4159854,-0.4159854,-0.4159854,-0.4159854,-0.4159854,-0.4159854,-0.4159854,-0.4159854,-0.4159854,-0.4159854,-0.4159854,-0.4159854,-0.4159854,-0.4159854,-0.4159854,-0.4159854,-0.4159854,-0.4159854,-0.4159854,-0.4159854,-0.4159854,-0.4159854,-0.4159854,-0.4159854,-0.4159854,-0.4159854,-0.4159854,-0.4159854,-0.4159854,-0.4159854,-0.4159854,-0.4159854,-0.4159854,-0.4159854,-0.4159854,-0.4159854,-0.4159854,-0.4159854,-0.4159854,-0.4159854,-0.4159854,-0.4159854,-0.4159854,-0.4159854,-0.4159854,-0.4159854,-0.4159854,-0.4159854,-0.4159854,-0.4159854,-0.4159854,-0.4159854,-0.4159854,-0.4159854,-0.4159854,-0.4159854,-0.4159854,-0.4159854,-0.4159854,-0.4159854,-0.4159854,-0.4159854,-0.4159854,-0.4159854,-0.4159854,-0.4159854,-0.4159854,-0.4159854,-0.4159854,-0.4159854,-0.4159854,-0.4159854,-0.4159854,-0.4159854,-0.4159854,-0.4159854,-0.4159854,-0.4159854,-0.4159854,-0.4159854,-0.4159854,-0.4159854,-0.4159854,-0.4159854,-0.4159854,-0.4159854,-0.4159854,-0.4159854,-0.4159854,-0.4159854,-0.4159854,-0.4159854,-0.4159854,-0.4159854,-0.4159854,-0.4159854,-0.4159854,-0.4159854,-0.4159854,-0.4159854,-0.4159854,-0.4159854,-0.4159854,-0.4159854,-0.4159854,-0.4159854,-0.4159854,-0.4159854,-0.4159854,-0.4159854,-0.4159854,-0.4159854,-0.4159854,-0.4159854,-0.4159854,-0.4159854,-0.4159854,-0.4159854,0
0,-0.4159854,-0.4159854,-0.4159854,-0.4159854,-0.4159854,-0.4159854,-0.4159854,-0.4159854,-0.4159854,-0.4159854,-0.4159854,-0.4159854,-0.4159854,-0.4159854,-0.4159854,-0.4159854,-0.4159854,-0.4159854,-0.4159854,-0.4159854,-0.4159854,-0.4159854,-0.4159854,-0.4159854,-0.4159854,-0.4159854,-0.4159854,-0.4159854,-0.4159854,-0.4159854,-0.4159854,-0.4159854,-0.4159854,-0.4159854,-0.4159854,-0.4159854,-0.4159854,-0.4159854,-0.4159854,-0.4159854,-0.4159854,-0.4159854,-0.4159854,-0.4159854,-0.4159854,-0.4159854,-0.4159854,-0.4159854,-0.4159854,-0.4159854,-0.4159854,-0.4159854,-0.4159854,-0.4159854,-0.4159854,-0.4159854,-0.4159854,-0.4159854,-0.4159854,-0.4159854,-0.4159854,-0.4159854,-0.4159854,-0.4159854,-0.4159854,-0.4159854,-0.4159854,-0.4159854,-0.4159854,-0.4159854,-0.4159854,-0.4159854,-0.4159854,-0.4159854,-0.4159854,-0.4159854,-0.4159854,-0.4159854,-0.4159854,-0.4159854,-0.4159854,-0.4159854,-0.4159854,-0.4159854,-0.4159854,-0.4159854,-0.4159854,-0.4159854,-0.4159854,-0.4159854,-0.4159854,-0.4159854,-0.4159854,-0.4159854,-0.4159854,-0.4159854,-0.4159854,-0.4159854,-0.4159854,-0.4159854,-0.4159854,-0.4159854,-0.4159854,-0.4159854,-0.4159854,-0.4159854,-0.4159854,-0.4159854,-0.4159854,-0.4159854,-0.4159854,-0.4159854,-0.4159854,-0.4159854,-0.4159854,-0.4159854,-0.4159854,-0.4159854,-0.4159854,-0.4159854,-0.4159854,-0.4159854,-0.4159854,-0.4159854,-0.4159854,-0.4159854,-0.4159854,-0.4159854,-0.4159854,-0.4159854,-0.4159854,-0.4159854,-0.4159854,-0.4159854,-0.4159854,-0.4159854,-0.4159854,-0.4159854,-0.4159854,-0.4159854,-0.4159854,-0.4159854,-0.4159854,-0.4159854,-0.4159854,-0.4159854,-0.4159854,-0.4159854,-0.4159854,-0.4159854,-0.4159854,-0.4159854,-0.4159854,-0.4159854,-0.4159854,-0.4159854,-0.4159854,-0.4159854,-0.4159854,-0.4159854,-0.4159854,-0.4159854,-0.4159854,-0.4159854,-0.4159854,-0.4159854,-0.4159854,-0.4159854,-0.4159854,-0.4159854,-0.4159854,-0.4159854,-0.4159854,-0.4159854,-0.4159854,-0.4159854,-0.4159854,-0.4159854,-0.4159854,-0.4159854,-0.4159854,-0.4159854,-0.4159854,-0.4159854,-0.4159854,-0.4159854,-0.4159854,-0.4159854,-0.4159854,-0.4159854,-0.4159854,-0.4159854,-0.4159854,-0.4159854,-0.4159854,-0.4159854,0
0,-0.4159854,-0.4159854,-0.4159854,-0.4159854,-0.4159854,-0.4159854,-0.4159854,-0.4159854,-0.4159854,-0.4159854,-0.4159854,-0.4159854,-0.4159854,-0.4159854,-0.4159854,-0.4159854,-0.4159854,-0.4159854,-0.4159854,-0.4159854,-0.4159854,-0.4159854,-0.4159854,-0.4159854,-0.4159854,-0.4159854,-0.4159854,-0.4159854,-0.4159854,-0.4159854,-0.4159854,-0.4159854,-0.4159854,-0.4159854,-0.4159854,-0.4159854,-0.4159854,-0.4159854,-0.4159854,-0.4159854,-0.4159854,-0.4159854,-0.4159854,-0.4159854,-0.4159854,-0.4159854,-0.4159854,-0.4159854,-0.4159854,-0.4159854,-0.4159854,-0.4159854,-0.4159854,-0.4159854,-0.4159854,-0.4159854,-0.4159854,-0.4159854,-0.4159854,-0.4159854,-0.4159854,-0.4159854,-0.4159854,-0.4159854,-0.4159854,-0.4159854,-0.4159854,-0.4159854,-0.4159854,-0.4159854,-0.4159854,-0.4159854,-0.4159854,-0.4159854,-0.4159854,-0.4159854,-0.4159854,-0.4159854,-0.4159854,-0.4159854,-0.4159854,-0.4159854,-0.4159854,-0.4159854,-0.4159854,-0.4159854,-0.4159854,-0.4159854,-0.4159854,-0.4159854,-0.4159854,-0.4159854,-0.4159854,-0.4159854,-0.4159854,-0.4159854,-0.4159854,-0.4159854,-0.4159854,-0.4159854,-0.4159854,-0.4159854,-0.4159854,-0.4159854,-0.4159854,-0.4159854,-0.4159854,-0.4159854,-0.4159854,-0.4159854,-0.4159854,-0.4159854,-0.4159854,-0.4159854,-0.4159854,-0.4159854,-0.4159854,-0.4159854,-0.4159854,-0.4159854,-0.4159854,-0.4159854,-0.4159854,-0.4159854,-0.4159854,-0.4159854,-0.4159854,-0.4159854,-0.4159854,-0.4159854,-0.4159854,-0.4159854,-0.4159854,-0.4159854,-0.4159854,-0.4159854,-0.4159854,-0.4159854,-0.4159854,-0.4159854,-0.4159854,-0.4159854,-0.4159854,-0.4159854,-0.4159854,-0.4159854,-0.4159854,-0.4159854,-0.4159854,-0.4159854,-0.4159854,-0.4159854,-0.4159854,-0.4159854,-0.4159854,-0.4159854,-0.4159854,-0.4159854,-0.4159854,-0.4159854,-0.4159854,-0.4159854,-0.4159854,-0.4159854,-0.4159854,-0.4159854,-0.4159854,-0.4159854,-0.4159854,-0.4159854,-0.4159854,-0.4159854,-0.4159854,-0.4159854,-0.4159854,-0.4159854,-0.4159854,-0.4159854,-0.4159854,-0.4159854,-0.4159854,-0.4159854,-0.4159854,-0.4159854,-0.4159854,-0.4159854,-0.4159854,-0.4159854,-0.4159854,-0.4159854,-0.4159854,-0.4159854,-0.4159854,-0.4159854,-0.4159854,-0.4159854,0
0,-0.4159854,-0.4159854,-0.4159854,-0.4159854,-0.4159854,-0.4159854,-0.4159854,-0.4159854,-0.4159854,-0.4159854,-0.4159854,-0.4159854,-0.4159854,-0.4159854,-0.4159854,-0.4159854,-0.4159854,-0.4159854,-0.4159854,-0.4159854,-0.4159854,-0.4159854,-0.4159854,-0.4159854,-0.4159854,-0.4159854,-0.4159854,-0.4159854,-0.4159854,-0.4159854,-0.4159854,-0.4159854,-0.4159854,-0.4159854,-0.4159854,-0.4159854,-0.4159854,-0.4159854,-0.4159854,-0.4159854,-0.4159854,-0.4159854,-0.4159854,-0.4159854,-0.4159854,-0.4159854,-0.4159854,-0.4159854,-0.4159854,-0.4159854,-0.4159854,-0.4159854,-0.4159854,-0.4159854,-0.4159854,-0.4159854,-0.4159854,-0.4159854,-0.4159854,-0.4159854,-0.4159854,-0.4159854,-0.4159854,-0.4159854,-0.4159854,-0.4159854,-0.4159854,-0.4159854,-0.4159854,-0.4159854,-0.4159854,-0.4159854,-0.4159854,-0.4159854,-0.4159854,-0.4159854,-0.4159854,-0.4159854,-0.4159854,-0.4159854,-0.4159854,-0.4159854,-0.4159854,-0.4159854,-0.4159854,-0.4159854,-0.4159854,-0.4159854,-0.4159854,-0.4159854,-0.4159854,-0.4159854,-0.4159854,-0.4159854,-0.4159854,-0.4159854,-0.4159854,-0.4159854,-0.4159854,-0.4159854,-0.4159854,-0.4159854,-0.4159854,-0.4159854,-0.4159854,-0.4159854,-0.4159854,-0.4159854,-0.4159854,-0.4159854,-0.4159854,-0.4159854,-0.4159854,-0.4159854,-0.4159854,-0.4159854,-0.4159854,-0.4159854,-0.4159854,-0.4159854,-0.4159854,-0.4159854,-0.4159854,-0.4159854,-0.4159854,-0.4159854,-0.4159854,-0.4159854,-0.4159854,-0.4159854,-0.4159854,-0.4159854,-0.4159854,-0.4159854,-0.4159854,-0.4159854,-0.4159854,-0.4159854,-0.4159854,-0.4159854,-0.4159854,-0.4159854,-0.4159854,-0.4159854,-0.4159854,-0.4159854,-0.4159854,-0.4159854,-0.4159854,-0.4159854,-0.4159854,-0.4159854,-0.4159854,-0.4159854,-0.4159854,-0.4159854,-0.4159854,-0.4159854,-0.4159854,-0.4159854,-0.4159854,-0.4159854,-0.4159854,-0.4159854,-0.4159854,-0.4159854,-0.4159854,-0.4159854,-0.4159854,-0.4159854,-0.4159854,-0.4159854,-0.4159854,-0.4159854,-0.4159854,-0.4159854,-0.4159854,-0.4159854,-0.4159854,-0.4159854,-0.4159854,-0.4159854,-0.4159854,-0.4159854,-0.4159854,-0.4159854,-0.4159854,-0.4159854,-0.4159854,-0.4159854,-0.4159854,-0.4159854,-0.4159854,-0.4159854,-0.4159854,-0.4159854,0
0,-0.4159854,-0.4159854,-0.4159854,-0.4159854,-0.4159854,-0.4159854,-0.4159854,-0.4159854,-0.4159854,-0.4159854,-0.4159854,-0.4159854,-0.4159854,-0.4159854,-0.4159854,-0.4159854,-0.4159854,-0.4159854,-0.4159854,-0.4159854,-0.4159854,-0.4159854,-0.4159854,-0.4159854,-0.4159854,-0.4159854,-0.4159854,-0.4159854,-0.4159854,-0.4159854,-0.4159854,-0.4159854,-0.4159854,-0.4159854,-0.4159854,-0.4159854,-0.4159854,-0.4159854,-0.4159854,-0.4159854,-0.4159854,-0.4159854,-0.4159854,-0.4159854,-0.4159854,-0.4159854,-0.4159854,-0.4159854,-0.4159854,-0.4159854,-0.4159854,-0.4159854,-0.4159854,-0.4159854,-0.4159854,-0.4159854,-0.4159854,-0.4159854,-0.4159854,-0.4159854,-0.4159854,-0.4159854,-0.4159854,-0.4159854,-0.4159854,-0.4159854,-0.4159854,-0.4159854,-0.4159854,-0.4159854,-0.4159854,-0.4159854,-0.4159854,-0.4159854,-0.4159854,-0.4159854,-0.4159854,-0.4159854,-0.4159854,-0.4159854,-0.4159854,-0.4159854,-0.4159854,-0.4159854,-0.4159854,-0.4159854,-0.4159854,-0.4159854,-0.4159854,-0.4159854,-0.4159854,-0.4159854,-0.4159854,-0.4159854,-0.4159854,-0.4159854,-0.4159854,-0.4159854,-0.4159854,-0.4159854,-0.4159854,-0.4159854,-0.4159854,-0.4159854,-0.4159854,-0.4159854,-0.4159854,-0.4159854,-0.4159854,-0.4159854,-0.4159854,-0.4159854,-0.4159854,-0.4159854,-0.4159854,-0.4159854,-0.4159854,-0.4159854,-0.4159854,-0.4159854,-0.4159854,-0.4159854,-0.4159854,-0.4159854,-0.4159854,-0.4159854,-0.4159854,-0.4159854,-0.4159854,-0.4159854,-0.4159854,-0.4159854,-0.4159854,-0.4159854,-0.4159854,-0.4159854,-0.4159854,-0.4159854,-0.4159854,-0.4159854,-0.4159854,-0.4159854,-0.4159854,-0.4159854,-0.4159854,-0.4159854,-0.4159854,-0.4159854,-0.4159854,-0.4159854,-0.4159854,-0.4159854,-0.4159854,-0.4159854,-0.4159854,-0.4159854,-0.4159854,-0.4159854,-0.4159854,-0.4159854,-0.4159854,-0.4159854,-0.4159854,-0.4159854,-0.4159854,-0.4159854,-0.4159854,-0.4159854,-0.4159854,-0.4159854,-0.4159854,-0.4159854,-0.4159854,-0.4159854,-0.4159854,-0.4159854,-0.4159854,-0.4159854,-0.4159854,-0.4159854,-0.4159854,-0.4159854,-0.4159854,-0.4159854,-0.4159854,-0.4159854,-0.4159854,-0.4159854,-0.4159854,-0.4159854,-0.4159854,-0.4159854,-0.4159854,-0.4159854,-0.4159854,-0.4159854,0
0,-0.4159854,-0.4159854,-0.4159854,-0.4159854,-0.4159854,-0.4159854,-0.4159854,-0.4159854,-0.4159854,-0.4159854,-0.4159854,-0.4159854,-0.4159854,-0.4159854,-0.4159854,-0.4159854,-0.4159854,-0.4159854,-0.4159854,-0.4159854,-0.4159854,-0.4159854,-0.4159854,-0.4159854,-0.4159854,-0.4159854,-0.4159854,-0.4159854,-0.4159854,-0.4159854,-0.4159854,-0.4159854,-0.4159854,-0.4159854,-0.4159854,-0.4159854,-0.4159854,-0.4159854,-0.4159854,-0.4159854,-0.4159854,-0.4159854,-0.4159854,-0.4159854,-0.4159854,-0.4159854,-0.4159854,-0.4159854,-0.4159854,-0.4159854,-0.4159854,-0.4159854,-0.4159854,-0.4159854,-0.4159854,-0.4159854,-0.4159854,-0.4159854,-0.4159854,-0.4159854,-0.4159854,-0.4159854,-0.4159854,-0.4159854,-0.4159854,-0.4159854,-0.4159854,-0.4159854,-0.4159854,-0.4159854,-0.4159854,-0.4159854,-0.4159854,-0.4159854,-0.4159854,-0.4159854,-0.4159854,-0.4159854,-0.4159854,-0.4159854,-0.4159854,-0.4159854,-0.4159854,-0.4159854,-0.4159854,-0.4159854,-0.4159854,-0.4159854,-0.4159854,-0.4159854,-0.4159854,-0.4159854,-0.4159854,-0.4159854,-0.4159854,-0.4159854,-0.4159854,-0.4159854,-0.4159854,-0.4159854,-0.4159854,-0.4159854,-0.4159854,-0.4159854,-0.4159854,-0.4159854,-0.4159854,-0.4159854,-0.4159854,-0.4159854,-0.4159854,-0.4159854,-0.4159854,-0.4159854,-0.4159854,-0.4159854,-0.4159854,-0.4159854,-0.4159854,-0.4159854,-0.4159854,-0.4159854,-0.4159854,-0.4159854,-0.4159854,-0.4159854,-0.4159854,-0.4159854,-0.4159854,-0.4159854,-0.4159854,-0.4159854,-0.4159854,-0.4159854,-0.4159854,-0.4159854,-0.4159854,-0.4159854,-0.4159854,-0.4159854,-0.4159854,-0.4159854,-0.4159854,-0.4159854,-0.4159854,-0.4159854,-0.4159854,-0.4159854,-0.4159854,-0.4159854,-0.4159854,-0.4159854,-0.4159854,-0.4159854,-0.4159854,-0.4159854,-0.4159854,-0.4159854,-0.4159854,-0.4159854,-0.4159854,-0.4159854,-0.4159854,-0.4159854,-0.4159854,-0.4159854,-0.4159854,-0.4159854,-0.4159854,-0.4159854,-0.4159854,-0.4159854,-0.4159854,-0.4159854,-0.4159854,-0.4159854,-0.4159854,-0.4159854,-0.4159854,-0.4159854,-0.4159854,-0.4159854,-0.4159854,-0.4159854,-0.4159854,-0.4159854,-0.4159854,-0.4159854,-0.4159854,-0.4159854,-0.4159854,-0.4159854,-0.4159854,-0.4159854,-0.4159854,-0.4159854,0
0,-0.4159854,-0.4159854,-0.4159854,-0.4159854,-0.4159854,-0.4159854,-0.4159854,-0.4159854,-0.4159854,-0.4159854,-0.4159854,-0.4159854,-0.4159854,-0.4159854,-0.4159854,-0.4159854,-0.4159854,-0.4159854,-0.4159854,-0.4159854,-0.4159854,-0.4159854,-0.4159854,-0.4159854,-0.4159854,-0.4159854,-0.4159854,-0.4159854,-0.4159854,-0.4159854,-0.4159854,-0.4159854,-0.4159854,-0.4159854,-0.4159854,-0.4159854,-0.4159854,-0.4159854,-0.4159854,-0.4159854,-0.4159854,-0.4159854,-0.4159854,-0.4159854,-0.4159854,-0.4159854,-0.4159854,-0.4159854,-0.4159854,-0.4159854,-0.4159854,-0.4159854,-0.4159854,-0.4159854,-0.4159854,-0.4159854,-0.4159854,-0.4159854,-0.4159854,-0.4159854,-0.4159854,-0.4159854,-0.4159854,-0.4159854,-0.4159854,-0.4159854,-0.4159854,-0.4159854,-0.4159854,-0.4159854,-0.4159854,-0.4159854,-0.4159854,-0.4159854,-0.4159854,-0.4159854,-0.4159854,-0.4159854,-0.4159854,-0.4159854,-0.4159854,-0.4159854,-0.4159854,-0.4159854,-0.4159854,-0.4159854,-0.4159854,-0.4159854,-0.4159854,-0.4159854,-0.4159854,-0.4159854,-0.4159854,-0.4159854,-0.4159854,0,0,0,0,0,0,0,0,0,0,0,0,0,0,0,0,0,0,0,0,0,0,0,0,0,0,0,0,0,0,0,0,0,0,0,0,0,0,0,0,0,0,0,0,0,0,0,0,0,0,0,0,0,0,0,0,0,0,0,0,0,0,0,0,0,0,0,0,0,0,0,0,0,0,0,0,0,0,0,0,0,0,0,0,0,0,0,0,0,0,0,0,0,0,0,0,0,0,0,0,0,0
0,0,0,0,0,0,0,0,0,0,0,0,0,0,0,0,0,0,0,0,0,0,0,0,0,0,0,0,0,0,0,0,0,0,0,0,0,0,0,0,0,0,0,0,0,0,0,0,0,0,0,0,0,0,0,0,0,0,0,0,0,0,0,0,0,0,0,0,0,0,0,0,0,0,0,0,0,0,0,0,0,0,0,0,0,0,0,0,0,0,0,0,0,0,0,0,0,0,0,0,0,0,0,0,0,0,0,0,0,0,0,0,0,0,0,0,0,0,0,0,0,0,0,0,0,0,0,0,0,0,0,0,0,0,0,0,0,0,0,0,0,0,0,0,0,0,0,0,0,0,0,0,0,0,0,0,0,0,0,0,0,0,0,0,0,0,0,0,0,0,0,0,0,0,0,0,0,0,0,0,0,0,0,0,0,0,0,0,0,0,0,0,0,0,0,0,0,0
0,0,0,0,0,0,0,0,0,0,0,0,0,0,0,0,0,0,0,0,0,0,0,0,0,0,0,0,0,0,0,0,0,0,0,0,0,0,0,0,0,0,0,0,0,0,0,0,0,0,0,0,0,0,0,0,0,0,0,0,0,0,0,0,0,0,0,0,0,0,0,0,0,0,0,0,0,0,0,0,0,0,0,0,0,0,0,0,0,0,0,0,0,0,0,0,0,0,0,0,0,0,0,0,0,0,0,0,0,0,0,0,0,0,0,0,0,0,0,0,0,0,0,0,0,0,0,0,0,0,0,0,0,0,0,0,0,0,0,0,0,0,0,0,0,0,0,0,0,0,0,0,0,0,0,0,0,0,0,0,0,0,0,0,0,0,0,0,0,0,0,0,0,0,0,0,0,0,0,0,0,0,0,0,0,0,0,0,0,0,0,0,0,0,0,0,0,0
0,0,0,0,0,0,0,0,0,0,0,0,0,0,0,0,0,0,0,0,0,0,0,0,0,0,0,0,0,0,0,0,0,0,0,0,0,0,0,0,0,0,0,0,0,0,0,0,0,0,0,0,0,0,0,0,0,0,0,0,0,0,0,0,0,0,0,0,0,0,0,0,0,0,0,0,0,0,0,0,0,0,0,0,0,0,0,0,0,0,0,0,0,0,0,0,0,0,0,0,0,0,0,0,0,0,0,0,0,0,0,0,0,0,0,0,0,0,0,0,0,0,0,0,0,0,0,0,0,0,0,0,0,0,0,0,0,0,0,0,0,0,0,0,0,0,0,0,0,0,0,0,0,0,0,0,0,0,0,0,0,0,0,0,0,0,0,0,0,0,0,0,0,0,0,0,0,0,0,0,0,0,0,0,0,0,0,0,0,0,0,0,0,0,0,0,0,0
0,0,0,0,0,0,0,0,0,0,0,0,0,0,0,0,0,0,0,0,0,0,0,0,0,0,0,0,0,0,0,0,0,0,0,0,0,0,0,0,0,0,0,0,0,0,0,0,0,0,0,0,0,0,0,0,0,0,0,0,0,0,0,0,0,0,0,0,0,0,0,0,0,0,0,0,0,0,0,0,0,0,0,0,0,0,0,0,0,0,0,0,0,0,0,0,0,0,0,0,0,0,0,0,0,0,0,0,0,0,0,0,0,0,0,0,0,0,0,0,0,0,0,0,0,0,0,0,0,0,0,0,0,0,0,0,0,0,0,0,0,0,0,0,0,0,0,0,0,0,0,0,0,0,0,0,0,0,0,0,0,0,0,0,0,0,0,0,0,0,0,0,0,0,0,0,0,0,0,0,0,0,0,0,0,0,0,0,0,0,0,0,0,0,0,0,0,0
0,0,0,0,0,0,0,0,0,0,0,0,0,0,0,0,0,0,0,0,0,0,0,0,0,0,0,0,0,0,0,0,0,0,0,0,0,0,0,0,0,0,0,0,0,0,0,0,0,0,0,0,0,0,0,0,0,0,0,0,0,0,0,0,0,0,0,0,0,0,0,0,0,0,0,0,0,0,0,0,0,0,0,0,0,0,0,0,0,0,0,0,0,0,0,0,0,0,0,0,0,0,0,0,0,0,0,0,0,0,0,0,0,0,0,0,0,0,0,0,0,0,0,0,0,0,0,0,0,0,0,0,0,0,0,0,0,0,0,0,0,0,0,0,0,0,0,0,0,0,0,0,0,0,0,0,0,0,0,0,0,0,0,0,0,0,0,0,0,0,0,0,0,0,0,0,0,0,0,0,0,0,0,0,0,0,0,0,0,0,0,0,0,0,0,0,0,0
0,0,0,0,0,0,0,0,0,0,0,0,0,0,0,0,0,0,0,0,0,0,0,0,0,0,0,0,0,0,0,0,0,0,0,0,0,0,0,0,0,0,0,0,0,0,0,0,0,0,0,0,0,0,0,0,0,0,0,0,0,0,0,0,0,0,0,0,0,0,0,0,0,0,0,0,0,0,0,0,0,0,0,0,0,0,0,0,0,0,0,0,0,0,0,0,0,0,0,0,0,0,0,0,0,0,0,0,0,0,0,0,0,0,0,0,0,0,0,0,0,0,0,0,0,0,0,0,0,0,0,0,0,0,0,0,0,0,0,0,0,0,0,0,0,0,0,0,0,0,0,0,0,0,0,0,0,0,0,0,0,0,0,0,0,0,0,0,0,0,0,0,0,0,0,0,0,0,0,0,0,0,0,0,0,0,0,0,0,0,0,0,0,0,0,0,0,0
0,0,0,0,0,0,0,0,0,0,0,0,0,0,0,0,0,0,0,0,0,0,0,0,0,0,0,0,0,0,0,0,0,0,0,0,0,0,0,0,0,0,0,0,0,0,0,0,0,0,0,0,0,0,0,0,0,0,0,0,0,0,0,0,0,0,0,0,0,0,0,0,0,0,0,0,0,0,0,0,0,0,0,0,0,0,0,0,0,0,0,0,0,0,0,0,0,0,0,0,0,0,0,0,0,0,0,0,0,0,0,0,0,0,0,0,0,0,0,0,0,0,0,0,0,0,0,0,0,0,0,0,0,0,0,0,0,0,0,0,0,0,0,0,0,0,0,0,0,0,0,0,0,0,0,0,0,0,0,0,0,0,0,0,0,0,0,0,0,0,0,0,0,0,0,0,0,0,0,0,0,0,0,0,0,0,0,0,0,0,0,0,0,0,0,0,0,0
0,0,0,0,0,0,0,0,0,0,0,0,0,0,0,0,0,0,0,0,0,0,0,0,0,0,0,0,0,0,0,0,0,0,0,0,0,0,0,0,0,0,0,0,0,0,0,0,0,0,0,0,0,0,0,0,0,0,0,0,0,0,0,0,0,0,0,0,0,0,0,0,0,0,0,0,0,0,0,0,0,0,0,0,0,0,0,0,0,0,0,0,0,0,0,0,0,0,0,0,0,0,0,0,0,0,0,0,0,0,0,0,0,0,0,0,0,0,0,0,0,0,0,0,0,0,0,0,0,0,0,0,0,0,0,0,0,0,0,0,0,0,0,0,0,0,0,0,0,0,0,0,0,0,0,0,0,0,0,0,0,0,0,0,0,0,0,0,0,0,0,0,0,0,0,0,0,0,0,0,0,0,0,0,0,0,0,0,0,0,0,0,0,0,0,0,0,0
0,0,0,0,0,0,0,0,0,0,0,0,0,0,0,0,0,0,0,0,0,0,0,0,0,0,0,0,0,0,0,0,0,0,0,0,0,0,0,0,0,0,0,0,0,0,0,0,0,0,0,0,0,0,0,0,0,0,0,0,0,0,0,0,0,0,0,0,0,0,0,0,0,0,0,0,0,0,0,0,0,0,0,0,0,0,0,0,0,0,0,0,0,0,0,0,0,0,0,0,0,0,0,0,0,0,0,0,0,0,0,0,0,0,0,0,0,0,0,0,0,0,0,0,0,0,0,0,0,0,0,0,0,0,0,0,0,0,0,0,0,0,0,0,0,0,0,0,0,0,0,0,0,0,0,0,0,0,0,0,0,0,0,0,0,0,0,0,0,0,0,0,0,0,0,0,0,0,0,0,0,0,0,0,0,0,0,0,0,0,0,0,0,0,0,0,0,0
0,0,0,0,0,0,0,0,0,0,0,0,0,0,0,0,0,0,0,0,0,0,0,0,0,0,0,0,0,0,0,0,0,0,0,0,0,0,0,0,0,0,0,0,0,0,0,0,0,0,0,0,0,0,0,0,0,0,0,0,0,0,0,0,0,0,0,0,0,0,0,0,0,0,0,0,0,0,0,0,0,0,0,0,0,0,0,0,0,0,0,0,0,0,0,0,0,0,0,0,0,0,0,0,0,0,0,0,0,0,0,0,0,0,0,0,0,0,0,0,0,0,0,0.6523929,0.6523929,0.6523929,0.6523929,0.6523929,0.6523929,0.6523929,0.6523929,0.6523929,0.6523929,0.6523929,0.6523929,0.6523929,0.6523929,0.6523929,0.6523929,0.6523929,0.6523929,0.6523929,0.6523929,0.6523929,0.6523929,0.6523929,0.6523929,0.6523929,0.6523929,0.6523929,0.6523929,0.6523929,0.6523929,0.6523929,0.6523929,0.6523929,0.6523929,0.6523929,0.6523929,0.6523929,0.6523929,0.6523929,0.6523929,0.6523929,0.6523929,0.6523929,0.6523929,0.6523929,0.6523929,0.6523929,0.6523929,0.6523929,0.6523929,0.6523929,0.6523929,0.6523929,0.6523929,0.6523929,0.6523929,0.6523929,0.6523929,0.6523929,0.6523929,0.6523929,0.6523929,0.6523929,0.6523929,0.6523929,0.6523929,0.6523929,0.6523929,0.6523929,0.6523929,0.6523929,0.6523929,0.6523929,0.6523929,0
0,0.6523929,0.6523929,0.6523929,0.6523929,0.6523929,0.6523929,0.6523929,0.6523929,0.6523929,0.6523929,0.6523929,0.6523929,0.6523929,0.6523929,0.6523929,0.6523929,0.6523929,0.6523929,0.6523929,0.6523929,0.6523929,0.6523929,0.6523929,0.6523929,0.6523929,0.6523929,0.6523929,0.6523929,0.6523929,0.6523929,0.6523929,0.6523929,0.6523929,0.6523929,0.6523929,0.6523929,0.6523929,0.6523929,0.6523929,0.6523929,0.6523929,0.6523929,0.6523929,0.6523929,0.6523929,0.6523929,0.6523929,0.6523929,0.6523929,0.6523929,0.6523929,0.6523929,0.6523929,0.6523929,0.6523929,0.6523929,0.6523929,0.6523929,0.6523929,0.6523929,0.6523929,0.6523929,0.6523929,0.6523929,0.6523929,0.6523929,0.6523929,0.6523929,0.6523929,0.6523929,0.6523929,0.6523929,0.6523929,0.6523929,0.6523929,0.6523929,0.6523929,0.6523929,0.6523929,0.6523929,0.6523929,0.6523929,0.6523929,0.6523929,0.6523929,0.6523929,0.6523929,0.6523929,0.6523929,0.6523929,0.6523929,0.6523929,0.6523929,0.6523929,0.6523929,0.6523929,0.6523929,0.6523929,0.6523929,0.6523929,0.6523929,0.6523929,0.6523929,0.6523929,0.6523929,0.6523929,0.6523929,0.6523929,0.6523929,0.6523929,0.6523929,0.6523929,0.6523929,0.6523929,0.6523929,0.6523929,0.6523929,0.6523929,0.6523929,0.6523929,0.6523929,0.6523929,0.6523929,0.6523929,0.6523929,0.6523929,0.6523929,0.6523929,0.6523929,0.6523929,0.6523929,0.6523929,0.6523929,0.6523929,0.6523929,0.6523929,0.6523929,0.6523929,0.6523929,0.6523929,0.6523929,0.6523929,0.6523929,0.6523929,0.6523929,0.6523929,0.6523929,0.6523929,0.6523929,0.6523929,0.6523929,0.6523929,0.6523929,0.6523929,0.6523929,0.6523929,0.6523929,0.6523929,0.6523929,0.6523929,0.6523929,0.6523929,0.6523929,0.6523929,0.6523929,0.6523929,0.6523929,0.6523929,0.6523929,0.6523929,0.6523929,0.6523929,0.6523929,0.6523929,0.6523929,0.6523929,0.6523929,0.6523929,0.6523929,0.6523929,0.6523929,0.6523929,0.6523929,0.6523929,0.6523929,0.6523929,0.6523929,0.6523929,0.6523929,0.6523929,0.6523929,0.6523929,0.6523929,0.6523929,0.6523929,0.6523929,0
0,0.6523929,0.6523929,0.6523929,0.6523929,0.6523929,0.6523929,0.6523929,0.6523929,0.6523929,0.6523929,0.6523929,0.6523929,0.6523929,0.6523929,0.6523929,0.6523929,0.6523929,0.6523929,0.6523929,0.6523929,0.6523929,0.6523929,0.6523929,0.6523929,0.6523929,0.6523929,0.6523929,0.6523929,0.6523929,0.6523929,0.6523929,0.6523929,0.6523929,0.6523929,0.6523929,0.6523929,0.6523929,0.6523929,0.6523929,0.6523929,0.6523929,0.6523929,0.6523929,0.6523929,0.6523929,0.6523929,0.6523929,0.6523929,0.6523929,0.6523929,0.6523929,0.6523929,0.6523929,0.6523929,0.6523929,0.6523929,0.6523929,0.6523929,0.6523929,0.6523929,0.6523929,0.6523929,0.6523929,0.6523929,0.6523929,0.6523929,0.6523929,0.6523929,0.6523929,0.6523929,0.6523929,0.6523929,0.6523929,0.6523929,0.6523929,0.6523929,0.6523929,0.6523929,0.6523929,0.6523929,0.6523929,0.6523929,0.6523929,0.6523929,0.6523929,0.6523929,0.6523929,0.6523929,0.6523929,0.6523929,0.6523929,0.6523929,0.6523929,0.6523929,0.6523929,0.6523929,0.6523929,0.6523929,0.6523929,0.6523929,0.6523929,0.6523929,0.6523929,0.6523929,0.6523929,0.6523929,0.6523929,0.6523929,0.6523929,0.6523929,0.6523929,0.6523929,0.6523929,0.6523929,0.6523929,0.6523929,0.6523929,0.6523929,0.6523929,0.6523929,0.6523929,0.6523929,0.6523929,0.6523929,0.6523929,0.6523929,0.6523929,0.6523929,0.6523929,0.6523929,0.6523929,0.6523929,0.6523929,0.6523929,0.6523929,0.6523929,0.6523929,0.6523929,0.6523929,0.6523929,0.6523929,0.6523929,0.6523929,0.6523929,0.6523929,0.6523929,0.6523929,0.6523929,0.6523929,0.6523929,0.6523929,0.6523929,0.6523929,0.6523929,0.6523929,0.6523929,0.6523929,0.6523929,0.6523929,0.6523929,0.6523929,0.6523929,0.6523929,0.6523929,0.6523929,0.6523929,0.6523929,0.6523929,0.6523929,0.6523929,0.6523929,0.6523929,0.6523929,0.6523929,0.6523929,0.6523929,0.6523929,0.6523929,0.6523929,0.6523929,0.6523929,0.6523929,0.6523929,0.6523929,0.6523929,0.6523929,0.6523929,0.6523929,0.6523929,0.6523929,0.6523929,0.6523929,0.6523929,0.6523929,0.6523929,0.6523929,0
0,0.6523929,0.6523929,0.6523929,0.6523929,0.6523929,0.6523929,0.6523929,0.6523929,0.6523929,0.6523929,0.6523929,0.6523929,0.6523929,0.6523929,0.6523929,0.6523929,0.6523929,0.6523929,0.6523929,0.6523929,0.6523929,0.6523929,0.6523929,0.6523929,0.6523929,0.6523929,0.6523929,0.6523929,0.6523929,0.6523929,0.6523929,0.6523929,0.6523929,0.6523929,0.6523929,0.6523929,0.6523929,0.6523929,0.6523929,0.6523929,0.6523929,0.6523929,0.6523929,0.6523929,0.6523929,0.6523929,0.6523929,0.6523929,0.6523929,0.6523929,0.6523929,0.6523929,0.6523929,0.6523929,0.6523929,0.6523929,0.6523929,0.6523929,0.6523929,0.6523929,0.6523929,0.6523929,0.6523929,0.6523929,0.6523929,0.6523929,0.6523929,0.6523929,0.6523929,0.6523929,0.6523929,0.6523929,0.6523929,0.6523929,0.6523929,0.6523929,0.6523929,0.6523929,0.6523929,0.6523929,0.6523929,0.6523929,0.6523929,0.6523929,0.6523929,0.6523929,0.6523929,0.6523929,0.6523929,0.6523929,0.6523929,0.6523929,0.6523929,0.6523929,0.6523929,0.6523929,0.6523929,0.6523929,0.6523929,0.6523929,0.6523929,0.6523929,0.6523929,0.6523929,0.6523929,0.6523929,0.6523929,0.6523929,0.6523929,0.6523929,0.6523929,0.6523929,0.6523929,0.6523929,0.6523929,0.6523929,0.6523929,0.6523929,0.6523929,0.6523929,0.6523929,0.6523929,0.6523929,0.6523929,0.6523929,0.6523929,0.6523929,0.6523929,0.6523929,0.6523929,0.6523929,0.6523929,0.6523929,0.6523929,0.6523929,0.6523929,0.6523929,0.6523929,0.6523929,0.6523929,0.6523929,0.6523929,0.6523929,0.6523929,0.6523929,0.6523929,0.6523929,0.6523929,0.6523929,0.6523929,0.6523929,0.6523929,0.6523929,0.6523929,0.6523929,0.6523929,0.6523929,0.6523929,0.6523929,0.6523929,0.6523929,0.6523929,0.6523929,0.6523929,0.6523929,0.6523929,0.6523929,0.6523929,0.6523929,0.6523929,0.6523929,0.6523929,0.6523929,0.6523929,0.6523929,0.6523929,0.6523929,0.6523929,0.6523929,0.6523929,0.6523929,0.6523929,0.6523929,0.6523929,0.6523929,0.6523929,0.6523929,0.6523929,0.6523929,0.6523929,0.6523929,0.6523929,0.6523929,0.6523929,0.6523929,0.6523929,0
0,0.6523929,0.6523929,0.6523929,0.6523929,0.6523929,0.6523929,0.6523929,0.6523929,0.6523929,0.6523929,0.6523929,0.6523929,0.6523929,0.6523929,0.6523929,0.6523929,0.6523929,0.6523929,0.6523929,0.6523929,0.6523929,0.6523929,0.6523929,0.6523929,0.6523929,0.6523929,0.6523929,0.6523929,0.6523929,0.6523929,0.6523929,0.6523929,0.6523929,0.6523929,0.6523929,0.6523929,0,0,0,0,0,0,0,0,0,0,0,0,0,0,0,0,0,0,0,0,0,0,0,0,0,0,0,0,0,0,0,0,0,0,0,0,0,0,0,0,0,0,0,0,0,0,0,0,0,0,0,0,0,0,0,0,0,0,0,0,0,0,0,0,0,0,0,0,0,0,0,0,0,0,0,0,0,0,0,0,0,0,0,0,0,0,0,0,0,0,0,0,0,0,0,0,0,0,0,0,0,0,0,0,0,0,0,0,0,0,0,0,0,0,0,0,0,0,0,0,0,0,0,0,0,0,0,0,0,0,0,0,0,0,0,0,0,0,0,0,0,0,0,0,0,0,0,0,0,0,0,0,0,0,0,0,0,0,0,0,0
0,0,0,0,0,0,0,0,0,0,0,0,0,0,0,0,0,0,0,0,0,0,0,0,0,0,0,0,0,0,0,0,0,0,0,0,0,0,0,0,0,0,0,0,0,0,0,0,0,0,0,0,0,0,0,0,0,0,0,0,0,0,0,0,0,0,0,0,0,0,0,0,0,0,0,0,0,0,0,0,0,0,0,0,0,0,0,0,0,0,0,0,0,0,0,0,0,0,0,0,0,0,0,0,0,0,0,0,0,0,0,0,0,0,0,0,0,0,0,0,0,0,0,0,0,0,0,0,0,0,0,0,0,0,0,0,0,0,0,0,0,0,0,0,0,0,0,0,0,0,0,0,0,0,0,0,0,0,0,0,0,0,0,0,0,0,0,0,0,0,0,0,0,0,0,0,0,0,0,0,0,0,0,0,0,0,0,0,0,0,0,0,0,0,0,0,0,0
0,0,0,0,0,0,0,0,0,0,0,0,0,0,0,0,0,0,0,0,0,0,0,0,0,0,0,0,0,0,0,0,0,0,0,0,0,0,0,0,0,0,0,0,0,0,0,0,0,0,0,0,0,0,0,0,0,0,0,0,0,0,0,0,0,0,0,0,0,0,0,0,0,0,0,0,0,0,0,0,0,0,0,0,0,0,0,0,0,0,0,0,0,0,0,0,0,0,0,0,0,0,0,0,0,0,0,0,0,0,0,0,0,0,0,0,0,0,0,0,0,0,0,0,0,0,0,0,0,0,0,0,0,0,0,0,0,0,0,0,0,0,0,0,0,0,0,0,0,0,0,0,0,0,0,0,0,0,0,0,0,0,0,0,0,0,0,0,0,0,0,0,0,0,0,0,0,0,0,0,0,0,0,0,0,0,0,0,0,0,0,0,0,0,0,0,0,0
0,0,0,0,0,0,0,0,0,0,0,0,0,0,0,0,0,0,0,0,0,0,0,0,0,0,0,0,0,0,0,0,0,0,0,0,0,0,0,0,0,0,0,0,0,0,0,0,0,0,0,0,0,0,0,0,0,0,0,0,0,0,0,0,0,0,0,0,0,0,0,0,0,0,0,0,0,0,0,0,0,0,0,0,0,0,0,0,0,0,0,0,0,0,0,0,0,0,0,0,0,0,0,0,0,0,0,0,0,0,0,0,0,0,0,0,0,0,0,0,0,0,0,0,0,0,0,0,0,0,0,0,0,0,0,0,0,0,0,0,0,0,0,0,0,0,0,0,0,0,0,0,0,0,0,0,0,0,0,0,0,0,0,0,0,0,0,0,0,0,0,0,0,0,0,0,0,0,0,0,0,0,0,0,0,0,0,0,0,0,0,0,0,0,0,0,0,0
0,0,0,0,0,0,0,0,0,0,0,0,0,0,0,0,0,0,0,0,0,0,0,0,0,0,0,0,0,0,0,0,0,0,0,0,0,0,0,0,0,0,0,0,0,0,0,0,0,0,0,0,0,0,0,0,0,0,0,0,0,0,0,0,0,0,0,0,0,0,0,0,0,0,0,0,0,0,0,0,0,0,0,0,0,0,0,0,0,0,0,0,0,0,0,0,0,0,0,0,0,0,0,0,0,0,0,0,0,0,0,0,0,0,0,0,0,0,0,0,0,0,0,0,0,0,0,0,0,0,0,0,0,0,0,0,0,0,0,0,0,0,0,0,0,0,0,0,0,0,0,0,0,0,0,0,0,0,0,0,0,0,0,0,0,0,0,0,0,0,0,0,0,0,0,0,0,0,0,0,0,0,0,0,0,0,0,0,0,0,0,0,0,0,0,0,0,0
0,0,0,0,0,0,0,0,0,0,0,0,0,0,0,0,0,0,0,0,0,0,0,0,0,0,0,0,0,0,0,0,0,0,0,0,0,0,0,0,0,0,0,0,0,0,0,0,0,0,0,0,0,0,0,0,0,0,0,0,0,0,0,0,0,0,0,0,0,0,0,0,0,0,0,0,0,0,0,0,0,0,0,0,0,0,0,0,0,0,0,0,0,0,0,0,0,0,0,0,0,0,0,0,0,0,0,0,0,0,0,0,0,0,0,0,0,0,0,0,0,0,0,0,0,0,0,0,0,0,0,0,0,0,0,0,0,0,0,0,0,0,0,0,0,0,0,0,0,0,0,0,0,0,0,0,0,0,0,0,0,0,0,0,0,0,0,0,0,0,0,0,0,0,0,0,0,0,0,0,0,0,0,0,0,0,0,0,0,0,0,0,0,0,0,0,0,0
0,0,0,0,0,0,0,0,0,0,0,0,0,0,0,0,0,0,0,0,0,0,0,0,0,0,0,0,0,0,0,0,0,0,0,0,0,0,0,0,0,0,0,0,0,0,0,0,0,0,0,0,0,0,0,0,0,0,0,0,0,0,0,0,0,0,0,0,0,0,0,0,0,0,0,0,0,0,0,0,0,0,0,0,0,0,0,0,0,0,0,0,0,0,0,0,0,0,0,0,0,0,0,0,0,0,0,0,0,0,0,0,0,0,0,0,0,0,0,0,0,0,0,0,0,0,0,0,0,0,0,0,0,0,0,0,0,0,0,0,0,0,0,0,0,0,0,0,0,0,0,0,0,0,0,0,0,0,0,0,0,0,0,0,0,0,0,0,0,0,0,0,0,0,0,0,0,0,0,0,0,0,0,0,0,0,0,0,0,0,0,0,0,0,0,0,0,0
0,0,0,0,0,0,0,0,0,0,0,0,0,0,0,0,0,0,0,0,0,0,0,0,0,0,0,0,0,0,0,0,0,0,0,0,0,0,0,0,0,0,0,0,0,0,0,0,0,0,0,0,0,0,0,0,0,0,0,0,0,0,0,0,0,0,0,0,0,0,0,0,0,0,0,0,0,0,0,0,0,0,0,0,0,0,0,0,0,0,0,0,0,0,0,0,0,0,0,0,0,0,0,0,0,0,0,0,0,0,0,0,0,0,0,0,0,0,0,0,0,0,0,0,0,0,0,0,0,0,0,0,0,0,0,0,0,0,0,0,0,0,0,0,0,0,0,0,0,0,0,0,0,0,0,0,0,0,0,0,0,0,0,0,0,0,0,0,0,0,0,0,0,0,0,0,0,0,0,0,0,0,0,0,0,0,0,0,0,0,0,0,0,0,0,0,0,0
0,0,0,0,0,0,0,0,0,0,0,0,0,0,0,0,0,0,0,0,0,0,0,0,0,0,0,0,0,0,0,0,0,0,0,0,0,0,0,0,0,0,0,0,0,0,0,0,0,0,0,0,0,0,0,0,0,0,0,0,0,0,0,0,0,0,0,0,0,0,0,0,0,0,0,0,0,0,0,0,0,0,0,0,0,0,0,0,0,0,0,0,0,0,0,0,0,0,0,0,0,0,0,0,0,0,0,0,0,0,0,0,0,0,0,0,0,0,0,0,0,0,0,0,0,0,0,0,0,0,0,0,0,0,0,0,0,0,0,0,0,0,0,0,0,0,0,0,0,0,0,0,0,0,0,0,0,0,0,0,0,0,0,0,0,0,0,0,0,0,0,0,0,0,0,0,0,0,0,0,0,0,0,0,0,0,0,0,0,0,0,0,0,0,0,0,0,0
0,0,0,0,0,0,0,0,0,0,0,0,0,0,0,0,0,0,0,0,0,0,0,0,0,0,0,0,0,0,0,0,0,0,0,0,0,0,0,0,0,0,0,0,0,0,0,0,0,0,0,0,0,0,0,0,0,0,0,0,0,0,0,0,0,0,0,0,0,0,0,0,0,0,0,0,0,0,0,0,0,0,0,0,0,0,0,0,0,0,0,0,0,0,0,0,0,0,0,0,0,0,0,0,0,0,0,0,0,0,0,0,0,0,0,0,0,0,0,0,0,0,0,0,0,0,0,0,0,0,0,0,0,0,0,0,0,0,0,0,0,0,0,0,0,0,0,0,0,0,0,0,0,0,0,0,0,0,0,0,0,0,0,0,0,0,0,0,0,0,0,0,0,0,0,0,0,0,0,0,0,0,0,0,0,0,0,0,0,0,0,0,0,0,0,0,0,0
0,0,0,0,0,0,0,0,0,0,0,0,0,0,0,0,0,0,0,0,0,0,0,0,0,0,0,0,0,0,0,0,0,0,0,0,0,0,0,0,0,0,0,0,0,0,0,0,0,0,0,0,0,0,0,0,0,0,0,0,0,0,0,0,0,0,0,0,0,0,0,0,0,0,0,0,0,0,0,0,0,0,0,0,0,0,0,0,0,0,0,0,0,0,0,0,0,0,0,0,0,0,0,0,0,0,0,0,0,0,0,0,0,0,0,0,0,0,0,0,0,0,0,0,0,0,0,0,0,0,0,0,0,0,0,0,0,0,0,0,0,0,0,0,0,0,0,0,0,0,0,0,0,0,0,0,0,0,0,0,0,0,0,0,0,0,0,0,0,0,0,0,0,0,0,0,0,0,0,0,0,0,0,0,0,0,0,0,0,0,0,0,0,0,0,0,0,0
0,0,0,0,0,0,0,0,0,0,0,0,0,0,0,0,0,0,0,0,0,0,0,0,0,0,0,0,0,0,0,0,0,0,0,0,0,0,0,0,0,0,0,0,0,0,0,0,0,0,0,0,0,0,0,0,0,0,0,0,0,0,0,0,0,0,0,0,0,0,0,0,0,0,0,0,0,0,0,0,0,0,0,0,0,0,0,0,0,0,0,0,0,0,0,0,0,0,0,0,0,0,0,0,0,0,0,0,0,0,0,0,0,0,0,0,0,0,0,0,0,0,0,0,0,0,0,0,0,0,0,0,0,0,0,0,0,0,0,0,0,0,0,0,0,0,0,0,0,0,0,0,0,0,0,0,0,0,0,0,0,0,0,0,0,0,0,0,0,0,0,0,0,0,0,0,0,0,0,0,0,0,0,0,0,0,0,0,0,0,0,0,0,0,0,0,0,0
0,0,0,0,0,0,0,0,0,0,0,0,0,0,0,0,0,0,0,0,0,0,0,0,0,0,0,0,0,0,0,0,0,0,0,0,0,0,0,0,0,0,0,0,0,0,0,0,0,0,0,0,0,0,0,0,0,0,0,0,0,0,0,0,0,0,0,0,0,0,0,0,0,0,0,0,0,0,0,0,0,0,0,0,0,0,0,0,0,0,0,0,0,0,0,0,0,0,0,0,0,0,0,0,0,0,0,0,0,0,0,0,0,0,0,0,0,0,0,0,0,0,0,0,0,0,0,0,0,0,0,0,0,0,0,0,0,0,0,0,0,0,0,0,0,0,0,0,0,0,0,0,0,0,0,0,0,0,0,0,0,0,0,0,0,0,0,0,0,0,0,0,0,0,0,0,0,0,0,0,0,0,0,0,0,0,0,0,0,0,0,0,0,0,0,0,0,0
0,0,0,0,0,0,0,0,0,0,0,0,0,0,0,0,0,0,0,0,0,0,0,0,0,0,0,0,0,0,0,0,0,0,0,0,0,0,0,0,0,0,0,0,0,0,0,0,0,0,0,0,0,0,0,0,0,0,0,0,0,0,0,0,0,0,0,0,0,0,0,0,0,0,0,0,0,0,0,0,0,0,0,0,0,0,0,0,0,0,0,0,0,0,0,0,0,0,0,0,0,0,0,0,0,0,0,0,0,0,0,0,0,0,0,0,0,0,0,0,0,0,0,0,0,0,0,0,0,0,0,0,0,0,0,0,0,0,0,0,0,0,0,0,0,0,0,0,0,0,0,0,0,0,0,0,0,0,0,0,0,0,0,0,0,0,0,0,0,0,0,0,0,0,0,0,0,0,0,0,0,0,0,0,0,0,0,0,0,0,0,0,0,0,0,0,0,0
0,0,0,0,0,0,0,0,0,0,0,0,0,0,0,0,0,0,0,0,0,0,0,0,0,0,0,0,0,0,0,0,0,0,0,0,0,0,0,0,0,0,0,0,0,0,0,0,0,0,0,0,0,0,0,0,0,0,0,0,0,0,0,0,0,0,0,0,0,0,0,0,0,0,0,0,0,0,0,0,0,0,0,0,0,0,0,0,0,0,0,0,0,0,0,0,0,0,0,0,0,0,0,0,0,0,0,0,0,0,0,0,0,0,0,0,0,0,0,0,0,0,0,0,0,0,0,0,0,0,0,0,0,0,0,0,0,0,0,0,0,0,0,0,0,0,0,0,0,0,0,0,0,0,0,0,0,0,0,0,0,0,0,0,0,0,0,0,0,0,0,0,0,0,0,0,0,0,0,0,0,0,0,0,0,0,0,0,0,0,0,0,0,0,0,0,0,0
0,0,0,0,0,0,0,0,0,0,0,0,0,0,0,0,0,0,0,0,0,0,0,0,0,0,0,0,0,0,0,0,0,0,0,0,0,0,0,0,0,0,0,0,0,0,0,0,0,0,0,0,0,0,0,0,0,0,0,0,0,0,0,0,0,0,0,0,0,0,0,0,0,0,0,0,0,0,0,0,0,0,0,0,0,0,0,0,0,0,0,0,0,0,0,0,0,0,0,0,0,0,0,0,0,0,0,0,0,0,0,0,0,0,0,0,0,0,0,0,0,0,0,0,0,0,0,0,0,0,0,0,0,0,0,0,0,0,0,0,0,0,0,0,0,0,0,0,0,0,0,0,0,0,0,0,0,0,0,0,0,0,0,0,0,0,0,0,0,0,0,0,0,0,0,0,0,0,0,0,0,0,0,0,0,0,0,0,0,0,0,0,0,0,0,0,0,0
0,0,0,0,0,0,0,0,0,0,0,0,0,0,0,0,0,0,0,0,0,0,0,0,0,0,0,0,0,0,0,0,0,0,0,0,0,0,0,0,0,0,0,0,0,0,0,0,0,0,0,0,0,0,0,0,0,0,0,0,0,0,0,0,0,0,0,0,0,0,0,0,0,0,0,0,0,0,0,0,0,0,0,0,0,0,0,0,0,0,0,0,0,0,0,0,0,0,0,0,0,0,0,0,0,0,0,0,0,0,0,0,0,0,0,0,0,0,0,0,0,0,0,0,0,0,0,0,0,0,0,0,0,0,0,0,0,0,0,0,0,0,0,0,0,0,0,0,0,0,0,0,0,0,0,0,0,0,0,0,0,0,0,0,0,0,0,0,0,0,0,0,0,0,0,0,0,0,0,0,0,0,0,0,0,0,0,0,0,0,0,0,0,0,0,0,0,0
0,0,0,0,0,0,0,0,0,0,0,0,0,0,0,0,0,0,0,0,0,0,0,0,0,0,0,0,0,0,0,0,0,0,0,0,0,0,0,0,0,0,0,0,0,0,0,0,0,0,0,0,0,0,0,0,0,0,0,0,0,0,0,0,0,0,0,0,0,0,0,0,0,0,0,0,0,0,0,0,0,0,0,0,0,0,0,0,0,0,0,0,0,0,0,0,0,0,0,0,0,0,0,0,0,0,0,0,0,0,0,0,0,0,0,0,0,0,0,0,0,0,0,0,0,0,0,0,0,0,0,0,0,0,0,0,0,0,0,0,0,0,0,0,0,0,0,0,0,0,0,0,0,0,0,0,0,0,0,0,0,0,0,0,0,0,0,0,0,0,0,0,0,0,0,0,0,0,0,0,0,0,0,0,0,0,0,0,0,0,0,0,0,0,0,0,0,0
0,0,0,0,0,0,0,0,0,0,0,0,0,0,0,0,0,0,0,0,0,0,0,0,0,0,0,0,0,0,0,0,0,0,0,0,0,0,0,0,0,0,0,0,0,0,0,0,0,0,0,0,0,0,0,0,0,0,0,0,0,0,0,0,0,0,0,0,0,0,0,0,0,0,0,0,0,0,0,0,0,0,0,0,0,0,0,0,0,0,0,0,0,0,0,0,0,0,0,0,0,0,0,0,0,0,0,0,0,0,0,0,0,0,0,0,0,0,0,0,0,0,0,0,0,0,0,0,0,0,0,0,0,0,0,0,0,0,0,0,0,0,0,0,0,0,0,0,0,0,0,0,0,0,0,0,0,0,0,0,0,0,0,0,0,0,0,0,0,0,0,0,0,0,0,0,0,0,0,0,0,0,0,0,0,0,0,0,0,0,0,0,0,0,0,0,0,0
0,0,0,0,0,0,0,0,0,0,0,0,0,0,0,0,0,0,0,0,0,0,0,0,0,0,0,0,0,0,0,0,0,0,0,0,0,0,0,0,0,0,0,0,0,0,0,0,0,0,0,0,0,0,0,0,0,0,0,0,0,0,0,0,0,0,0,0,0,0,0,0,0,0,0,0,0,0,0,0,0,0,0,0,0,0,0,0,0,0,0,0,0,0,0,0,0,0,0,0,0,0,0,0,0,0,0,0,0,0,0,0,0,0,0,0,0,0,0,0,0,0,0,0,0,0,0,0,0,0,0,0,0,0,0,0,0,0,0,0,0,0,0,0,0,0,0,0,0,0,0,0,0,0,0,0,0,0,0,0,0,0,0,0,0,0,0,0,0,0,0,0,0,0,0,0,0,0,0,0,0,0,0,0,0,0,0,0,0,0,0,0,0,0,0,0,0,0
0,0,0,0,0,0,0,0,0,0,0,0,0,0,0,0,0,0,0,0,0,0,0,0,0,0,0,0,0,0,0,0,0,0,0,0,0,0,0,0,0,0,0,0,0,0,0,0,0,0,0,0,0,0,0,0,0,0,0,0,0,0,0,0,0,0,0,0,0,0,0,0,0,0,0,0,0,0,0,0,0,0,0,0,0,0,0,0,0,0,0,0,0,0,0,0,0,0,0,0,0,0,0,0,0,0,0,0,0,0,0,0,0,0,0,0,0,0,0,0,0,0,0,0,0,0,0,0,0,0,0,0,0,0,0,0,0,0,0,0,0,0,0,0,0,0,0,0,0,0,0,0,0,0,0,0,0,0,0,0,0,0,0,0,0,0,0,0,0,0,0,0,0,0,0,0,0,0,0,0,0,0,0,0,0,0,0,0,0,0,0,0,0,0,0,0,0,0
0,0,0,0,0,0,0,0,0,0,0,0,0,0,0,0,0,0,0,0,0,0,0,0,0,0,0,0,0,0,0,0,0,0,0,0,0,0,0,0,0,0,0,0,0,0,0,0,0,0,0,0,0,0,0,0,0,0,0,0,0,0,0,0,0,0,0,0,0,0,0,0,0,0,0,0,0,0,0,0,0,0,0,0,0,0,0,0,0,0,0,0,0,0,0,0,0,0,0,0,0,0,0,0,0,0,0,0,0,0,0,0,0,0,0,0,0,0,0,0,0,0,0,0,0,0,0,0,0,0,0,0,0,0,0,0,0,0,0,0,0,0,0,0,0,0,0,0,0,0,0,0,0,0,0,0,0,0,0,0,0,0,0,0,0,0,0,0,0,0,0,0,0,0,0,0,0,0,0,0,0,0,0,0,0,0,0,0,0,0,0,0,0,0,0,0,0,0
0,0,0,0,0,0,0,0,0,0,0,0,0,0,0,0,0,0,0,0,0,0,0,0,0,0,0,0,0,0,0,0,0,0,0,0,0,0,0,0,0,0,0,0,0,0,0,0,0,0,0,0,0,0,0,0,0,0,0,0,0,0,0,0,0,0,0,0,0,0,0,0,0,0,0,0,0,0,0,0,0,0,0,0,0,0,0,0,0,0,0,0,0,0,0,0,0,0,0,0,0,0,0,0,0,0,0,0,0,0,0,0,0,0,0,0,0,0,0,0,0,0,0,0,0,0,0,0,0,0,0,0,0,0,0,0,0,0,0,0,0,0,0,0,0,0,0,0,0,0,0,0,0,0,0,0,0,0,0,0,0,0,0,0,0,0,0,0,0,0,0,0,0,0,0,0,0,0,0,0,0,0,0,0,0,0,0,0,0,0,0,0,0,0,0,0,0,0
0,0,0,0,0,0,0,0,0,0,0,0,0,0,0,0,0,0,0,0,0,0,0,0,0,0,0,0,0,0,0,0,0,0,0,0,0,0,0,0,0,0,0,0,0,0,0,0,0,0,0,0,0,0,0,0,0,0,0,0,0,0,0,0,0,0,0,0,0,0,0,0,0,0,0,0,0,0,0,0,0,0,0,0,0,0,0,0,0,0,0,0,0,0,0,0,0,0,0,0,0,0,0,0,0,0,0,0,0,0,0,0,0,0,0,0,0,0,0,0,0,0,0,0,0,0,0,0,0,0,0,0,0,0,0,0,0,0,0,0,0,0,0,0,0,0,0,0,0,0,0,0,0,0,0,0,0,0,0,0,0,0,0,0,0,0,0,0,0,0,0,0,0,0,0,0,0,0,0,0,0,0,0,0,0,0,0,0,0,0,0,0,0,0,0,0,0,0
0,0,0,0,0,0,0,0,0,0,0,0,0,0,0,0,0,0,0,0,0,0,0,0,0,0,0,0,0,0,0,0,0,0,0,0,0,0,0,0,0,0,0,0,0,0,0,0,0,0,0,0,0,0,0,0,0,0,0,0,0,0,0,0,0,0,0,0,0,0,0,0,0,0,0,0,0,0,0,0,0,0,0,0,0,0,0,0,0,0,0,0,0,0,0,0,0,0,0,0,0,0,0,0,0,0,0,0,0,0,0,0,0,0,0,0,0,0,0,0,0,0,0,0,0,0,0,0,0,0,0,0,0,0,0,0,0,0,0,0,0,0,0,0,0,0,0,0,0,0,0,0,0,0,0,0,0,0,0,0,0,0,0,0,0,0,0,0,0,0,0,0,0,0,0,0,0,0,0,0,0,0,0,0,0,0,0,0,0,0,0,0,0,0,0,0,0,0
0,0,0,0,0,0,0,0,0,0,0,0,0,0,0,0,0,0,0,0,0,0,0,0,0,0,0,0,0,0,0,0,0,0,0,0,0,0,0,0,0,0,0,0,0,0,0,0,0,0,0,0,0,0,0,0,0,0,0,0,0,0,0,0,0,0,0,0,0,0,0,0,0,0,0,0,0,0,0,0,0,0,0,0,0,0,0,0,0,0,0,0,0,0,0,0,0,0,0,0,0,0,0,0,0,0,0,0,0,0,0,0,0,0,0,0,0,0,0,0,0,0,0,0,0,0,0,0,0,0,0,0,0,0,0,0,0,0,0,0,0,0,0,0,0,0,0,0,0,0,0,0,0,0,0,0,0,0,0,0,0,0,0,0,0,0,0,0,0,0,0,0,0,0,0,0,0,0,0,0,0,0,0,0,0,0,0,0,0,0,0,0,0,0,0,0,0,0
0,0,0,0,0,0,0,0,0,0,0,0,0,0,0,0,0,0,0,0,0,0,0,0,0,0,0,0,0,0,0,0,0,0,0,0,0,0,0,0,0,0,0,0,0,0,0,0,0,0,0,0,0,0,0,0,0,0,0,0,0,0,0,0,0,0,0,0,0,0,0,0,0,0,0,0,0,0,0,0,0,0,0,0,0,0,0,0,0,0,0,0,0,0,0,0,0,0,0,0,0,0,0,0,0,0,0,0,0,0,0,0,0,0,0,0,0,0,0,0,0,0,0,0,0,0,0,0,0,0,0,0,0,0,0,0,0,0,0,0,0,0,0,0,0,0,0,0,0,0,0,0,0,0,0,0,0,0,0,0,0,0,0,0,0,0,0,0,0,0,0,0,0,0,0,0,0,0,0,0,0,0,0,0,0,0,0,0,0,0,0,0,0,0,0,0,0,0
0,0,0,0,0,0,0,0,0,0,0,0,0,0,0,0,0,0,0,0,0,0,0,0,0,0,0,0,0,0,0,0,0,0,0,0,0,0,0,0,0,0,0,0,0,0,0,0,0,0,0,0,0,0,0,0,0,0,0,0,0,0,0,0,0,0,0,0,0,0,0,0,0,0,0,0,0,0,0,0,0,0,0,0,0,0,0,0,0,0,0,0,0,0,0,0,0,0,0,0,0,0,0,0,0,0,0,0,0,0,0,0,0,0,0,0,0,0,0,0,0,0,0,0,0,0,0,0,0,0,0,0,0,0,0,0,0,0,0,0,0,0,0,0,0,0,0,0,0,0,0,0,0,0,0,0,0,0,0,0,0,0,0,0,0,0,0,0,0,0,0,0,0,0,0,0,0,0,0,0,0,0,0,0,0,0,0,0,0,0,0,0,0,0,0,0,0,0
0,0,0,0,0,0,0,0,0,0,0,0,0,0,0,0,0,0,0,0,0,0,0,0,0,0,0,0,0,0,0,0,0,0,0,0,0,0,0,0,0,0,0,0,0,0,0,0,0,0,0,0,0,0,0,0,0,0,0,0,0,0,0,0,0,0,0,0,0,0,0,0,0,0,0,0,0,0,0,0,0,0,0,0,0,0,0,0,0,0,0,0,0,0,0,0,0,0,0,0,0,0,0,0,0,0,0,0,0,0,0,0,0,0,0,0,0,0,0,0,0,0,0,0,0,0,0,0,0,0,0,0,0,0,0,0,0,0,0,0,0,0,0,0,0,0,0,0,0,0,0,0,0,0,0,0,0,0,0,0,0,0,0,0,0,0,0,0,0,0,0,0,0,0,0,0,0,0,0,0,0,0,0,0,0,0,0,0,0,0,0,0,0,0,0,0,0,0
0,0,0,0,0,0,0,0,0,0,0,0,0,0,0,0,0,0,0,0,0,0,0,0,0,0,0,0,0,0,0,0,0,0,0,0,0,0,0,0,0,0,0,0,0,0,0,0,0,0,0,0,0,0,0,0,0,0,0,0,0,0,0,0,0,0,0,0,0,0,0,0,0,0,0,0,0,0,0,0,0,0,0,0,0,0,0,0,0,0,0,0,0,0,0,0,0,0,0,0,0,0,0,0,0,0,0,0,0,0,0,0,0,0,0,0,0,0,0,0,0,0,0,0,0,0,0,0,0,0,0,0,0,0,0,0,0,0,0,0,0,0,0,0,0,0,0,0,0,0,0,0,0,0,0,0,0,0.5623512,0.5623512,0.5623512,0.5623512,0.5623512,0.5623512,0.5623512,0.5623512,0.5623512,0.5623512,0.5623512,0.5623512,0.5623512,0.5623512,0.5623512,0.5623512,0.5623512,0.5623512,0.5623512,0.5623512,0.5623512,0.5623512,0.5623512,0.5623512,0.5623512,0.5623512,0.5623512,0.5623512,0.5623512,0.5623512,0.5623512,0.5623512,0.5623512,0.5623512,0.5623512,0.5623512,0.5623512,0.5623512,0.5623512,0.5623512,0
0,0.5623512,0.5623512,0.5623512,0.5623512,0.5623512,0.5623512,0.5623512,0.5623512,0.5623512,0.5623512,0.5623512,0.5623512,0.5623512,0.5623512,0.5623512,0.5623512,0.5623512,0.5623512,0.5623512,0.5623512,0.5623512,0.5623512,0.5623512,0.5623512,0.5623512,0.5623512,0.5623512,0.5623512,0.5623512,0.5623512,0.5623512,0.5623512,0.5623512,0.5623512,0.5623512,0.5623512,0.5623512,0.5623512,0.5623512,0.5623512,0.5623512,0.5623512,0.5623512,0.5623512,0.5623512,0.5623512,0.5623512,0.5623512,0.5623512,0.5623512,0.5623512,0.5623512,0.5623512,0.5623512,0.5623512,0.5623512,0.5623512,0.5623512,0.5623512,0.5623512,0.5623512,0.5623512,0.5623512,0.5623512,0.5623512,0.5623512,0.5623512,0.5623512,0.5623512,0.5623512,0.5623512,0.5623512,0.5623512,0.5623512,0.5623512,0.5623512,0.5623512,0.5623512,0.5623512,0.5623512,0.5623512,0.5623512,0.5623512,0.5623512,0.5623512,0.5623512,0.5623512,0.5623512,0.5623512,0.5623512,0.5623512,0.5623512,0.5623512,0.5623512,0.5623512,0.5623512,0.5623512,0.5623512,0.5623512,0.5623512,0.5623512,0.5623512,0.5623512,0.5623512,0.5623512,0.5623512,0.5623512,0.5623512,0.5623512,0.5623512,0.5623512,0.5623512,0.5623512,0.5623512,0.5623512,0.5623512,0.5623512,0.5623512,0.5623512,0.5623512,0.5623512,0.5623512,0.5623512,0.5623512,0.5623512,0.5623512,0.5623512,0.5623512,0.5623512,0.5623512,0.5623512,0.5623512,0.5623512,0.5623512,0.5623512,0.5623512,0.5623512,0.5623512,0.5623512,0.5623512,0.5623512,0.5623512,0.5623512,0.5623512,0.5623512,0.5623512,0.5623512,0.5623512,0.5623512,0.5623512,0.5623512,0.5623512,0.5623512,0.5623512,0.5623512,0.5623512,0.5623512,0.5623512,0.5623512,0.5623512,0.5623512,0.5623512,0.5623512,0.5623512,0.5623512,0.5623512,0.5623512,0.5623512,0.5623512,0.5623512,0.5623512,0.5623512,0.5623512,0.5623512,0.5623512,0.5623512,0.5623512,0.5623512,0.5623512,0.5623512,0.5623512,0.5623512,0.5623512,0.5623512,0.5623512,0.5623512,0.5623512,0.5623512,0.5623512,0.5623512,0.5623512,0.5623512,0.5623512,0.5623512,0.5623512,0.5623512,0
0,0.5623512,0.5623512,0.5623512,0.5623512,0.5623512,0.5623512,0.5623512,0.5623512,0.5623512,0.5623512,0.5623512,0.5623512,0.5623512,0.5623512,0.5623512,0.5623512,0.5623512,0.5623512,0.5623512,0.5623512,0.5623512,0.5623512,0.5623512,0.5623512,0.5623512,0.5623512,0.5623512,0.5623512,0.5623512,0.5623512,0.5623512,0.5623512,0.5623512,0.5623512,0.5623512,0.5623512,0.5623512,0.5623512,0.5623512,0.5623512,0.5623512,0.5623512,0.5623512,0.5623512,0.5623512,0.5623512,0.5623512,0.5623512,0.5623512,0.5623512,0.5623512,0.5623512,0.5623512,0.5623512,0.5623512,0.5623512,0.5623512,0.5623512,0.5623512,0.5623512,0.5623512,0.5623512,0.5623512,0.5623512,0.5623512,0.5623512,0.5623512,0.5623512,0.5623512,0.5623512,0.5623512,0.5623512,0.5623512,0.5623512,0.5623512,0.5623512,0.5623512,0.5623512,0.5623512,0.5623512,0.5623512,0.5623512,0.5623512,0.5623512,0.5623512,0.5623512,0.5623512,0.5623512,0.5623512,0.5623512,0.5623512,0.5623512,0.5623512,0.5623512,0.5623512,0.5623512,0.5623512,0.5623512,0.5623512,0.5623512,0.5623512,0.5623512,0.5623512,0.5623512,0.5623512,0.5623512,0.5623512,0.5623512,0.5623512,0.5623512,0.5623512,0.5623512,0.5623512,0.5623512,0.5623512,0.5623512,0.5623512,0.5623512,0.5623512,0.5623512,0.5623512,0.5623512,0.5623512,0.5623512,0.5623512,0.5623512,0.5623512,0.5623512,0.5623512,0.5623512,0.5623512,0.5623512,0.5623512,0.5623512,0.5623512,0.5623512,0.5623512,0.5623512,0.5623512,0.5623512,0.5623512,0.5623512,0.5623512,0.5623512,0.5623512,0.5623512,0.5623512,0.5623512,0.5623512,0.5623512,0.5623512,0.5623512,0.5623512,0.5623512,0.5623512,0.5623512,0.5623512,0.5623512,0.5623512,0.5623512,0.5623512,0.5623512,0.5623512,0.5623512,0.5623512,0.5623512,0.5623512,0.5623512,0.5623512,0.5623512,0.5623512,0.5623512,0.5623512,0.5623512,0.5623512,0.5623512,0.5623512,0.5623512,0.5623512,0.5623512,0.5623512,0.5623512,0.5623512,0.5623512,0.5623512,0.5623512,0.5623512,0.5623512,0.5623512,0.5623512,0.5623512,0.5623512,0.5623512,0.5623512,0.5623512,0.5623512,0
0,0.5623512,0.5623512,0.5623512,0.5623512,0.5623512,0.5623512,0.5623512,0.5623512,0.5623512,0.5623512,0.5623512,0.5623512,0.5623512,0.5623512,0.5623512,0.5623512,0.5623512,0.5623512,0.5623512,0.5623512,0.5623512,0.5623512,0.5623512,0.5623512,0.5623512,0.5623512,0.5623512,0.5623512,0.5623512,0.5623512,0.5623512,0.5623512,0.5623512,0.5623512,0.5623512,0.5623512,0.5623512,0.5623512,0.5623512,0.5623512,0.5623512,0.5623512,0.5623512,0.5623512,0.5623512,0.5623512,0.5623512,0.5623512,0.5623512,0.5623512,0.5623512,0.5623512,0.5623512,0.5623512,0.5623512,0.5623512,0.5623512,0.5623512,0.5623512,0.5623512,0.5623512,0.5623512,0.5623512,0.5623512,0.5623512,0.5623512,0.5623512,0.5623512,0.5623512,0.5623512,0.5623512,0.5623512,0.5623512,0.5623512,0.5623512,0.5623512,0.5623512,0.5623512,0.5623512,0.5623512,0.5623512,0.5623512,0.5623512,0.5623512,0.5623512,0.5623512,0.5623512,0.5623512,0.5623512,0.5623512,0.5623512,0.5623512,0.5623512,0.5623512,0.5623512,0.5623512,0.5623512,0.5623512,0.5623512,0.5623512,0.5623512,0.5623512,0.5623512,0.5623512,0.5623512,0.5623512,0.5623512,0.5623512,0.5623512,0.5623512,0.5623512,0.5623512,0.5623512,0.5623512,0.5623512,0.5623512,0.5623512,0.5623512,0.5623512,0.5623512,0.5623512,0.5623512,0.5623512,0.5623512,0.5623512,0.5623512,0.5623512,0.5623512,0.5623512,0.5623512,0.5623512,0.5623512,0.5623512,0.5623512,0.5623512,0.5623512,0.5623512,0.5623512,0.5623512,0.5623512,0.5623512,0.5623512,0.5623512,0.5623512,0.5623512,0.5623512,0.5623512,0.5623512,0.5623512,0,0,0,0,0,0,0,0,0,0,0,0,0,0,0,0,0,0,0,0,0,0,0,0,0,0,0,0,0,0,0,0,0,0,0,0,0,0,0,0,0,0,0,0,0,0,0,0
0,0,0,0,0,0,0,0,0,0,0,0,0,0,0,0,0,0,0,0,0,0,0,0,0,0,0,0,0,0,0,0,0,0,0,0,0,0,0,0,0,0,0,0,0,0,0,0,0,0,0,0,0,0,0,0,0,0,0,0,0,0,0,0,0,0,0,0,0,0,0,0,0,0,0,0,0,0,0,0,0,0,0,0,0,0,0,0,0,0,0,0,0,0,0,0,0,0,0,0,0,0,0,0,0,0,0,0,0,0,0,0,0,0,0,0,0,0,0,0,0,0,0,0,0,0,0,0,0,0,0,0,0,0,0,0,0,0,0,0,0,0,0,0,0,0,0,0,0,0,0,0,0,0,0,0,0,0,0,0,0,0,0,0,0,0,0,0,0,0,0,0,0,0,0,0,0,0,0,0,0,0,0,0,0,0,0,0,0,0,0,0,0,0,0,0,0,0
0,0,0,0,0,0,0,0,0,0,0,0,0,0,0,0,0,0,0,0,0,0,0,0,0,0,0,0,0,0,0,0,0,0,0,0,0,0,0,0,0,0,0,0,0,0,0,0,0,0,0,0,0,0,0,0,0,0,0,0,0,0,0,0,0,0,0,0,0,0,0,0,0,0,0,0,0,0,0,0,0,0,0,0,0,0,0,0,0,0,0,0,0,0,0,0,0,0,0,0,0,0,0,0,0,0,0,0,0,0,0,0,0,0,0,0,0,0,0,0,0,0,0,0,0,0,0,0,0,0,0,0,0,0,0,0,0,0,0,0,0,0,0,0,0,0,0,0,0,0,0,0,0,0,0,0,0,0,0,0,0,0,0,0,0,0,0,0,0,0,0,0,0,0,0,0,0,0,0,0,0,0,0,0,0,0,0,0,0,0,0,0,0,0,0,0,0,0
0,0,0,0,0,0,0,0,0,0,0,0,0,0,0,0,0,0,0,0,0,0,0,0,0,0,0,0,0,0,0,0,0,0,0,0,0,0,0,0,0,0,0,0,0,0,0,0,0,0,0,0,0,0,0,0,0,0,0,0,0,0,0,0,0,0,0,0,0,0,0,0,0,0,0,0,0,0,0,0,0,0,0,0,0,0,0,0,0,0,0,0,0,0,0,0,0,0,0,0,0,0,0,0,0,0,0,0,0,0,0,0,0,0,0,0,0,0,0,0,0,0,0,0,0,0,0,0,0,0,0,0,0,0,0,0,0,0,0,0,0,0,0,0,0,0,0,0,0,0,0,0,0,0,0,0,0,0,0,0,0,0,0,0,0,0,0,0,0,0,0,0,0,0,0,0,0,0,0,0,0,0,0,0,0,0,0,0,0,0,0,0,0,0,0,0,0,0
0,0,0,0,0,0,0,0,0,0,0,0,0,0,0,0,0,0,0,0,0,0,0,0,0,0,0,0,0,0,0,0,0,0,0,0,0,0,0,0,0,0,0,0,0,0,0,0,0,0,0,0,0,0,0,0,0,0,0,0,0,0,0,0,0,0,0,0,0,0,0,0,0,0,0,0,0,0,0,0,0,0,0,0,0,0,0,0,0,0,0,0,0,0,0,0,0,0,0,0,0,0,0,0,0,0,0,0,0,0,0,0,0,0,0,0,0,0,0,0,0,0,0,0,0,0,0,0,0,0,0,0,0,0,0,0,0,0,0,0,0,0,0,0,0,0,0,0,0,0,0,0,0,0,0,0,0,0,0,0,0,0,0,0,0,0,0,0,0,0,0,0,0,0,0,0,0,0,0,0,0,0,0,0,0,0,0,0,0,0,0,0,0,0,0,0,0,0
0,0,0,0,0,0,0,0,0,0,0,0,0,0,0,0,0,0,0,0,0,0,0,0,0,0,0,0,0,0,0,0,0,0,0,0,0,0,0,0,0,0,0,0,0,0,0,0,0,0,0,0,0,0,0,0,0,0,0,0,0,0,0,0,0,0,0,0,0,0,0,0,0,0,0,0,0,0,0,0,0,0,0,0,0,0,0,0,0,0,0,0,0,0,0,0,0,0,0,0,0,0,0,0,0,0,0,0,0,0,0,0,0,0,0,0,0,0,0,0,0,0,0,0,0,0,0,0,0,0,0,0,0,0,0,0,0,0,0,0,0,0,0,0,0,0,0,0,0,0,0,0,0,0,0,0,0,0,0,0,0,0,0,0,0,0,0,0,0,0,0,0,0,0,0,0,0,0,0,0,0,0,0,0,0,0,0,0,0,0,0,0,0,0,0,0,0,0
0,0,0,0,0,0,0,0,0,0,0,0,0,0,0,0,0,0,0,0,0,0,0,0,0,0,0,0,0,0,0,0,0,0,0,0,0,0,0,0,0,0,0,0,0,0,0,0,0,0,0,0,0,0,0,0,0,0,0,0,0,0,0,0,0,0,0,0,0,0,0,0,0,0,0,0,0,0,0,0,0,0,0,0,0,0,0,0,0,0,0,0,0,0,0,0,0,0,0,0,0,0,0,0,0,0,0,0,0,0,0,0,0,0,0,0,0,0,0,0,0,0,0,0,0,0,0,0,0,0,0,0,0,0,0,0,0,0,0,0,0,0,0,0,0,0,0,0,0,0,0,0,0,0,0,0,0,0,0,0,0,0,0,0,0,0,0,0,0,0,0,0,0,0,0,0,0,0,0,0,0,0,0,0,0,0,0,0,0,0,0,0,0,0,0,0,0,0
0,0,0,0,0,0,0,0,0,0,0,0,0,0,0,0,0,0,0,0,0,0,0,0,0,0,0,0,0,0,0,0,0,0,0,0,0,0,0,0,0,0,0,0,0,0,0,0,0,0,0,0,0,0,0,0,0,0,0,0,0,0,0,0,0,0,0,0,0,0,0,0,0,0,0,0,0,0,0,0,0,0,0,0,0,0,0,0,0,0,0,0,0,0,0,0,0,0,0,0,0,0,0,0,0,0,0,0,0,0,0,0,0,0,0,0,0,0,0,0,0,0,0,0,0,0,0,0,0,0,0,0,0,0,0,0,0,0,0,0,0,0,0,0,0,0,0,0,0,0,0,0,0,0,0,0,0,0,0,0,0,0,0,0,0,0,0,0,0,0,0,0,0,0,0,0,0,0,0,0,0,0,0,0,0,0,0,0,0,0,0,0,0,0,0,0,0,0
0,0,0,0,0,0,0,0,0,0,0,0,0,0,0,0,0,0,0,0,0,0,0,0,0,0,0,0,0,0,0,0,0,0,0,0,0,0,0,0,0,0,0,0,0,0,0,0,0,0,0,0,0,0,0,0,0,0,0,0,0,0,0,0,0,0,0,0,0,0,0,0,0,0,0,0,0,0,0,0,0,0,0,0,0,0,0,0,0,0,0,0,0,0,0,0,0,0,0,0,0,0,0,0,0,0,0,0,0,0,0,0,0,0,0,0,0,0,0,0,0,0,0,0,0,0,0,0,0,0,0,0,0,0,0,0,0,0,0,0,0,0,0,0,0,0,0,0,0,0,0,0,0,0,0,0,0,0,0,0,0,0,0,0,0,0,0,0,0,0,0,0,0,0,0,0,0,0,0,0,0,0,0,0,0,0,0,0,0,0,0,0,0,0,0,0,0,0
0,0,0,0,0,0,0,0,0,0,0,0,0,0,0,0,0,0,0,0,0,0,0,0,0,0,0,0,0,0,0,0,0,0,0,0,0,0,0,0,0,0,0,0,0,0,0,0,0,0,0,0,0,0,0,0,0,0,0,0,0,0,0,0,0,0,0,0,0,0,0,0,0,0,0,0,0,0,0,0,0,0,0,0,0,0,0,0,0,0,0,0,0,0,0,0,0,0,0,0,0,0,0,0,0,0,0,0,0,0,0,0,0,0,0,0,0,0,0,0,0,0,0,0,0,0,0,0,0,0,0,0,0,0,0,0,0,0,0,0,0,0,0,0,0,0,0,0,0,0,0,0,0,0,0,0,0,0,0,0,0,0,0,0,0,0,0,0,0,0,0,0,0,0,0,0,0,0,0,0,0,0,0,0,0,0,0,0,0,0,0,0,0,0,0,0,0,0
0,0,0,0,0,0,0,0,0,0,0,0,0,0,0,0,0,0,0,0,0,0,0,0,0,0,0,0,0,0,0,0,0,0,0,0,0,0,0,0,0,0,0,0,0,0,0,0,0,0,0,0,0,0,0,0,0,0,0,0,0,0,0,0,0,0,0,0,0,0,0,0,0,0,0,0,0,0,0,0,0,0,0,0,0,0,0,0,0,0,0,0,0,0,0,0,0,0,0,0,0,0,0,0,0,0,0,0,0,0,0,0,0,0,0,0,0,0,0,0,0,0,0,0,0,0,0,0,0,0,0,0,0,0,0,0,0,0,0,0,0,0,0,0,0,0,0,0,0,0,0,0,0,0,0,0,0,0,0,0,0,0,0,0,0,0,0,0,0,0,0,0,0,0,0,0,0,0,0,0,0,0,0,0,0,0,0,0,0,0,0,0,0,0,0,0,0,0
0,0,0,0,0,0,0,0,0,0,0,0,0,0,0,0,0,0,0,0,0,0,0,0,0,0,0,0,0,0,0,0,0,0,0,0,0,0,0,0,0,0,0,0,0,0,0,0,0,0,0,0,0,0,0,0,0,0,0,0,0,0,0,0,0,0,0,0,0,0,0,0,0,0,0,0,0,0,0,0,0,0,0,0,0,0,0,0,0,0,0,0,0,0,0,0,0,0,0,0,0,0,0,0,0,0,0,0,0,0,0,0,0,0,0,0,0,0,0,0,0,0,0,0,0,0,0,0,0,0,0,0,0,0,0,0,0,0,0,0,0,0,0,0,0,0,0,0,0,0,0,0,0,0,0,0,0,0,0,0,0,0,0,0,0,0,0,0,0,0,0,0,0,0,0,0,0,0,0,0,0,0,0,0,0,0,0,0,0,0,0,0,0,0,0,0,0,0
0,0,0,0,0,0,0,0,0,0,0,0,0,0,0,0,0,0,0,0,0,0,0,0,0,0,0,0,0,0,0,0,0,0,0,0,0,0,0,0,0,0,0,0,0,0,0,0,0,0,0,0,0,0,0,0,0,0,0,0,0,0,0,0,0,0,0,0,0,0,0,0,0,0,0,0,0,0,0,0,0,0,0,0,0,0,0,0,0,0,0,0,0,0,0,0,0,0,0,0,0,0,0,0,0,0,0,0,0,0,0,0,0,0,0,0,0,0,0,0,0,0,0,0,0,0,0,0,0,0,0,0,0,0,0,0,0,0,0,0,0,0,0,0,0,0,0,0,0,0,0,0,0,0,0,0,0,0,0,0,0,0,0,0,0,0,0,0,0,0,0,0,0,0,0,0,0,0,0,0,0,0,0,0,0,0,0,0,0,0,0,0,0,0,0,0,0,0
0,0,0,0,0,0,0,0,0,0,0,0,0,0,0,0,0,0,0,0,0,0,0,0,0,0,0,0,0,0,0,0,0,0,0,0,0,0,0,0,0,0,0,0,0,0,0,0,0,0,0,0,0,0,0,0,0,0,0,0,0,0,0,0,0,0,0,0,0,0,0,0,0,0,0,0,0,0,0,0,0,0,0,0,0,0,0,0,0,0,0,0,0,0,0,0,0,0,0,0,0,0,0,0,0,0,0,0,0,0,0,0,0,0,0,0,0,0,0,0,0,0,0,0,0,0,0,0,0,0,0,0,0,0,0,0,0,0,0,0,0,0,0,0,0,0,0,0,0,0,0,0,0,0,0,0,0,0,0,0,0,0,0,0,0,0,0,0,0,0,0,0,0,0,0,0,0,0,0,0,0,0,0,0,0,0,0,0,0,0,0,0,0,0,0,0,0,0
0,0,0,0,0,0,0,0,0,0,0,0,0,0,0,0,0,0,0,0,0,0,0,0,0,0,0,0,0,0,0,0,0,0,0,0,0,0,0,0,0,0,0,0,0,0,0,0,0,0,0,0,0,0,0,0,0,0,0,0,0,0,0,0,0,0,0,0,0,0,0,0,0,0,0,0,0,0,0,0,0,0,0,0,0,0,0,0,0,0,0,0,0,0,0,0,0,0,0,0,0,0,0,0,0,0,0,0,0,0,0,0,0,0,0,0,0,0,0,0,0,0,0,0,0,0,0,0,0,0,0,0,0,0,0,0,0,0,0,0,0,0,0,0,0,0,0,0,0,0,0,0,0,0,0,0,0,0,0,0,0,0,0,0,0,0,0,0,0,0,0,0,0,0,0,0,0,0,0,0,0,0,0,0,0,0,0,0,0,0,0,0,0,0,0,0,0,0
0,0,0,0,0,0,0,0,0,0,0,0,0,0,0,0,0,0,0,0,0,0,0,0,0,0,0,0,0,0,0,0,0,0,0,0,0,0,0,0,0,0,0,0,0,0,0,0,0,0,0,0,0,0,0,0,0,0,0,0,0,0,0,0,0,0,0,0,0,0,0,0,0,0,0,0,0,0,0,0,0,0,0,0,0,0,0,0,0,0,0,0,0,0,0,0,0,0,0,0,0,0,0,0,0,0,0,0,0,0,0,0,0,0,0,0,0,0,0,0,0,0,0,0,0,0,0,0,0,0,0,0,0,0,0,0,0,0,0,0,0,0,0,0,0,0,0,0,0,0,0,0,0,0,0,0,0,0,0,0,0,0,0,0,0,0,0,0,0,0,0,0,0,0,0,0,0,0,0,0,0,0,0,0,0,0,0,0,0,0,0,0,0,0,0,0,0,0
0,0,0,0,0,0,0,0,0,0,0,0,0,0,0,0,0,0,0,0,0,0,0,0,0,0,0,0,0,0,0,0,0,0,0,0,0,0,0,0,0,0,0,0,0,0,0,0,0,0,0,0,0,0,0,0,0,0,0,0,0,0,0,0,0,0,0,0,0,0,0,0,0,0,0,0,0,0,0,0,0,0,0,0,0,0,0,0,0,0,0,0,0,0,0,0,0,0,0,0,0,0,0,0,0,0,0,0,0,0,0,0,0,0,0,0,0,0,0,0,0,0,0,0,0,0,0,0,0,0,0,0,0,0,0,0,0,0,0,0,0,0,0,0,0,0,0,0,0,0,0,0,0,0,0,0,0,0,0,0,0,0,0,0,0,0,0,0,0,0,0,0,0,0,0,0,0,0,0,0,0,0,0,0,0,0,0,0,0,0,0,0,0,0,0,0,0,0
0,0,0,0,0,0,0,0,0,0,0,0,0,0,0,0,0,0,0,0,0,0,0,0,0,0,0,0,0,0,0,0,0,0,0,0,0,0,0,0,0,0,0,0,0,0,0,0,0,0,0,0,0,0,0,0,0,0,0,0,0,0,0,0,0,0,0,0,0,0,0,0,0,0,0,0,0,0,0,0,0,0,0,0,0,0,0,0,0,0,0,0,0,0,0,0,0,0,0,0,0,0,0,0,0,0,0,0,0,0,0,0,0,0,0,0,0,0,0,0,0,0,0,0,0,0,0,0,0,0,0,0,0,0,0,0,0,0,0,0,0,0,0,0,0,0,0,0,0,0,0,0,0,0,0,0,0,0,0,0,0,0,0,0,0,0,0,0,0,0,0,0,0,0,0,0,0,0,0,0,0,0,0,0,0,0,0,0,0,0,0,0,0,0,0,0,0,0
0,0,0,0,0,0,0,0,0,0,0,0,0,0,0,0,0,0,0,0,0,0,0,0,0,0,0,0,0,0,0,0,0,0,0,0,0,0,0,0,0,0,0,0,0,0,0,0,0,0,0,0,0,0,0,0,0,0,0,0,0,0,0,0,0,0,0,0,0,0,0,0,0,0,0,0,0,0,0,0,0,0,0,0,0,0,0,0,0,0,0,0,0,0,0,0,0,0,0,0,0,0,0,0,0,0,0,0,0,0,0,0,0,0,0,0,0,0,0,0,0,0,0,0,0,0,0,0,0,0,0,0,0,0,0,0,0,0,0,0,0,0,0,0,0,0,0,0,0,0,0,0,0,0,0,0,0,0,0,0,0,0,0,0,0,0,0,0,0,0,0,0,0,0,0,0,0,0,0,0,0,0,0,0,0,0,0,0,0,0,0,0,0,0,0,0,0,0
0,0,0,0,0,0,0,0,0,0,0,0,0,0,0,0,0,0,0,0,0,0,0,0,0,0,0,0,0,0,0,0,0,0,0,0,0,0,0,0,0,0,0,0,0,0,0,0,0,0,0,0,0,0,0,0,0,0,0,0,0,0,0,0,0,0,0,0,0,0,0,0,0,0,0,0,0,0,0,0,0,0,0,0,0,0,0,0,0,0,0,0,0,0,0,0,0,0,0,0,0,0,0,0,0,0,0,0,0,0,0,0,0,0,0,0,0,0,0,0,0,0,0,0,0,0,0,0,0,0,0,0,0,0,0,0,0,0,0,0,0,0,0,0,0,0,0,0,0,0,0,0,0,0,0,0,0,0,0,0,0,0,0,0,0,0,0,0,0,0,0,0,0,0,0,0,0,0,0,0,0,0,0,0,0,0,0,0,0,0,0,0,0,0,0,0,0,0
0,0,0,0,0,0,0,0,0,0,0,0,0,0,0,0,0,0,0,0,0,0,0,0,0,0,0,0,0,0,0,0,0,0,0,0,0,0,0,0,0,0,0,0,0,0,0,0,0,0,0,0,0,0,0,0,0,0,0,0,0,0,0,0,0,0,0,0,0,0,0,0,0,0,0,0,0,0,0,0,0,0,0,0,0,0,0,0,0,0,0,0,0,0,0,0,0,0,0,0,0,0,0,0,0,0,0,0,0,0,0,0,0,0,0,0,0,0,0,0,0,0,0,0,0,0,0,0,0,0,0,0,0,0,0,0,0,0,0,0,0,0,0,0,0,0,0,0,0,0,0,0,0,0,0,0,0,0,0,0,0,0,0,0,0,0,0,0,0,0,0,0,0,0,0,0,0,0,0,0,0,0,0,0,0,0,0,0,0,0,0,0,0,0,0,0,0,0
0,0,0,0,0,0,0,0,0,0,0,0,0,0,0,0,0,0,0,0,0,0,0,0,0,0,0,0,0,0,0,0,0,0,0,0,0,0,0,0,0,0,0,0,0,0,0,0,0,0,0,0,0,0,0,0,0,0,0,0,0,0,0,0,0,0,0,0,0,0,0,0,0,0,0,0,0,0,0,0,0,0,0,0,0,0,0,0,0,0,0,0,0,0,0,0,0,0,0,0,0,0,0,0,0,0,0,0,0,0,0,0,0,0,0,0,0,0,0,0,0,0,0,0,0,0,0,0,0,0,0,0,0,0,0,0,0,0,0,0,0,0,0,0,0,0,0,0,0,0,0,0,0,0,0,0,0,0,0,0,0,0,0,0,0,0,0,0,0,0,0,0,0,0,0,0,0,0,0,0,0,0,0,0,0,0,0,0,0,0,0,0,0,0,0,0,0,0
0,0,0,0,0,0,0,0,0,0,0,0,0,0,0,0,0,0,0,0,0,0,0,0,0,0,0,0,0,0,0,0,0,0,0,0,0,0,0,0,0,0,0,0,0,0,0,0,0,0,0,0,0,0,0,0,0,0,0,0,0,0,0,0,0,0,0,0,0,0,0,0,0,0,0,0,0,0,0,0,0,0,0,0,0,0,0,0,0,0,0,0,0,0,0,0,0,0,0,0,0,0,0,0,0,0,0,0,0,0,0,0,0,0,0,0,0,0,0,0,0,0,0,0,0,0,0,0,0,0,0,0,0,0,0,0,0,0,0,0,0,0,0,0,0,0,0,0,0,0,0,0,0,0,0,0,0,0,0,0,0,0,0,0,0,0,0,0,0,0,0,0,0,0,0,0,0,0,0,0,0,0,0,0,0,0,0,0,0,0,0,0,0,0,0,0,0,0
0,0,0,0,0,0,0,0,0,0,0,0,0,0,0,0,0,0,0,0,0,0,0,0,0,0,0,0,0,0,0,0,0,0,0,0,0,0,0,0,0,0,0,0,0,0,0,0,0,0,0,0,0,0,0,0,0,0,0,0,0,0,0,0,0,0,0,0,0,0,0,0,0,0,0,0,0,0,0,0,0,0,0,0,0,0,0,0,0,0,0,0,0,0,0,0,0,0,0,0,0,0,0,0,0,0,0,0,0,0,0,0,0,0,0,0,0,0,0,0,0,0,0,0,0,0,0,0,0,0,0,0,0,0,0,0,0,0,0,0,0,0,0,0,0,0,0,0,0,0,0,0,0,0,0,0,0,0,0,0,0,0,0,0,0,0,0,0,0,0,0,0,0,0,0,0,0,0,0,0,0,0,0,0,0,0,0,0,0,0,0,0,0,0,0,0,0,0
0,0,0,0,0,0,0,0,0,0,0,0,0,0,0,0,0,0,0,0,0,0,0,0,0,0,0,0,0,0,0,0,0,0,0,0,0,0,0,0,0,0,0,0,0,0,0,0,0,0,0,0,0,0,0,0,0,0,0,0,0,0,0,0,0,0,0,0,0,0,0,0,0,0,0,0,0,0,0,0,0,0,0,0,0,0,0,0,0,0,0,0,0,0,0,0,0,0,0,0,0,0,0,0,0,0,0,0,0,0,0,0,0,0,0,0,0,0,0,0,0,0,0,0,0,0,0,0,0,0,0,0,0,0,0,0,0,0,0,0,0,0,0,0,0,0,0,0,0,0,0,0,0,0,0,0,0,0,0,0,0,0,0,0,0,0,0,0,0,0,0,0,0,0,0,0,0,0,0,0,0,0,0,0,0,0,0,0,0,0,0,0,0,0,0,0,0,0
0,0,0,0,0,0,0,0,0,0,0,0,0,0,0,0,0,0,0,0,0,0,0,0,0,0,0,0,0,0,0,0,0,0,0,0,0,0,0,0,0,0,0,0,0,0,0,0,0,0,0,0,0,0,0,0,0,0,0,0,0,0,0,0,0,0,0,0,0,0,0,0,0,0,0,0,0,0,0,0,0,0,0,0,0,0,0,0,0,0,0,0,0,0,0,0,0,0,0,0,0,0,0,0,0,0,0,0,0,0,0,0,0,0,0,0,0,0,0,0,0,0,0,0,0,0,0,0,0,0,0,0,0,0,0,0,0,0,0,0,0,0,0,0,0,0,0,0,0,0,0,0,0,0,0,0,0,0,0,0,0,0,0,0,0,0,0,0,0,0,0,0,0,0,0,0,0,0,0,0,0,0,0,0,0,0,0,0,0,0,0,0,0,0,0,0,0,0
0,0,0,0,0,0,0,0,0,0,0,0,0,0,0,0,0,0,0,0,0,0,0,0,0,0,0,0,0,0,0,0,0,0,0,0,0,0,0,0,0,0,0,0,0,0,0,0,0,0,0,0,0,0,0,0,0,0,0,0,0,0,0,0,0,0,0,0,0,0,0,0,0,0,0,0,0,0,0,0,0,0,0,0,0,0,0,0,0,0,0,0,0,0,0,0,0,0,0,0,0,0,0,0,0,0,0,0,0,0,0,0,0,0,0,0,0,0,0,0,0,0,0,0,0,0,0,0,0,0,0,0,0,0,0,0,0,0,0,0,0,0,0,0,0,0,0,0,0,0,0,0,0,0,0,0,0,0,0,0,0,0,0,0,0,0,0,0,0,0,0,0,0,0,0,0,0,0,0,0,0,0,0,0,0,0,0,0,0,0,0,0,0,0,0,0,0,0
0,0,0,0,0,0,0,0,0,0,0,0,0,0,0,0,0,0,0,0,0,0,0,0,0,0,0,0,0,0,0,0,0,0,0,0,0,0,0,0,0,0,0,0,0,0,0,0,0,0,0,0,0,0,0,0,0,0,0,0,0,0,0,0,0,0,0,0,0,0,0,0,0,0,0,0,0,0,0,0,0,0,0,0,0,0,0,0,0,0,0,0,0,0,0,0,0,0,0,0,0,0,0,0,0,0,0,0,0,0,0,0,0,0,0,0,0,0,0,0,0,0,0,0,0,0,0,0,0,0,0,0,0,0,0,0,0,0,0,0,0,0,0,0,0,0,0,0,0,0,0,0,0,0,0,0,0,0,0,0,0,0,0,0,0,0,0,0,0,0,0,0,0,0,0,0,0,0,0,0,0,0,0,0,0,0,0,0,0,0,0,0,0,0,0,0,0,0
0,0,0,0,0,0,0,0,0,0,0,0,0,0,0,0,0,0,0,0,0,0,0,0,0,0,0,0,0,0,0,0,0,0,0,0,0,0,0,0,0,0,0,0,0,0,0,0,0,0,0,0,0,0,0,0,0,0,0,0,0,0,0,0,0,0,0,0,0,0,0,0,0,0,0,0,0,0,0,0,0,0,0,0,0,0,0,0,0,0,0,0,0,0,0,0,0,0,0,0,0,0,0,0,0,0,0,0,0,0,0,0,0,0,0,0,0,0,0,0,0,0,0,0,0,0,0,0,0,0,0,0,0,0,0,0,0,0,0,0,0,0,0,0,0,0,0,0,0,0,0,0,0,0,0,0,0,0,0,0,0,0,0,0,0,0,0,0,0,0,0,0,0,0,0,0,0,0,0,0,0,0,0,0,0,0,0,0,0,0,0,0,0,0,0,0,0,0
0,0,0,0,0,0,0,0,0,0,0,0,0,0,0,0,0,0,0,0,0,0,0,0,0,0,0,0,0,0,0,0,0,0,0,0,0,0,0,0,0,0,0,0,0,0,0,0,0,0,0,0,0,0,0,0,0,0,0,0,0,0,0,0,0,0,0,0,0,0,0,0,0,0,0,0,0,0,0,0,0,0,0,0,0,0,0,0,0,0,0,0,0,0,0,0,0,0,0,0,0,0,0,0,0,0,0,0,0,0,0,0,0,0,0,0,0,0,0,0,0,0,0,0,0,0,0,0,0,0,0,0,0,0,0,0,0,0,0,0,0,0,0,0,0,0,0,0,0,0,0,0,0,0,0,0,0,0,0,0,0,0,0,0,0,0,0,0,0,0,0,0,0,0,0,0,0,0,0,0,0,0,0,0,0,0,0,0,0,0,0,0,0,0,0,0,0,0
0,0,0,0,0,0,0,0,0,0,0,0,0,0,0,0,0,0,0,0,0,0,0,0,0,0,0,0,0,0,0,0,0,0,0,0,0,0,0,0,0,0,0,0,0,0,0,0,0,0,0,0,0,0,0,0,0,0,0,0,0,0,0,0,0,0,0,0,0,0,0,0,0,0,0,0,0,0,0,0,0,0,0,0,0,0,0,0,0,0,0,0,0,0,0,0,0,0,0,0,0,0,0,0,0,0,0,0,0,0,0,0,0,0,0,0,0,0,0,0,0,0,0,0,0,0,0,0,0,0,0,0,0,0,0,0,0,0,0,0,0,0,0,0,0,0,0,0,0,0,0,0,0,0,0,0,0,0,0,0,0,0,0,0,0,0,0,0,0,0,0,0,0,0,0,0,0,0,0,0,0,0,0,0,0,0,0,0,0,0,0,0,0,0,0,0,0,0
0,0,0,0,0,0,0,0,0,0,0,0,0,0,0,0,0,0,0,0,0,0,0,0,0,0,0,0,0,0,0,0,0,0,0,0,0,0,0,0,0,0,0,0,0,0,0,0,0,0,0,0,0,0,0,0,0,0,0,0,0,0,0,0,0,0,0,0,0,0,0,0,0,0,0,0,0,0,0,0,0,0,0,0,0,0,0,0,0,0,0,0,0,0,0,0,0,0,0,0,0,0,0,0,0,0,0,0,0,0,0,0,0,0,0,0,0,0,0,0,0,0,0,0,0,0,0,0,0,0,0,0,0,0,0,0,0,0,0,0,0,0,0,0,0,0,0,0,0,0,0,0,0,0,0,0,0,0,0,0,0,0,0,0,0,0,0,0,0,0,0,0,0,0,0,0,0,0,0,0,0,0,0,0,0,0,0,0,0,0,0,0,0,0,0,0,0,0
0,0,0,0,0,0,0,0,0,0,0,0,0,0,0,0,0,0,0,0,0,0,0,0,0,0,0,0,0,0,0,0,0,0,0,0,0,0,0,0,0,0,0,0,0,0,0,0,0,0,0,0,0,0,0,0,0,0,0,0,0,0,0,0,0,0,0,0,0,0,0,0,0,0,0,0,0,0,0,0,0,0,0,0,0,0,0,0,0,0,0,0,0,0,0,0,0,0,0,0,0,0,0,0,0,0,0,0,0,0,0,0,0,0,0,0,0,0,0,0,0,0,0,0,0,0,0,0,0,0,0,0,0,0,0,0,0,0,0,0,0,0,0,0,0,0,0,0,0,0,0,0,0,0,0,0,0,0,0,0,0,0,0,0,0,0,0,0,0,0,0,0,0,0,0,0,0,0,0,0,0,0,0,0,0,0,0,0,0,0,0,0,0,0,0,0,0,0
0,0,0,0,0,0,0,0,0,0,0,0,0,0,0,0,0,0,0,0,0,0,0,0,0,0,0,0,0,0,0,0,0,0,0,0,0,0,0,0,0,0,0,0,0,0,0,0,0,0,0,0,0,0,0,0,0,0,0,0,0,0,0,0,0,0,0,0,0,0,0,0,0,0,0,0,0,0,0,0,0,0,0,0,0,0,0,0,0,0,0,0,0,0,0,0,0,0,0,0,0,0,0,0,0,0,0,0,0,0,0,0,0,0,0,0,0,0,0,0,0,0,0,0,0,0,0,0,0,0,0,0,0,0,0,0,0,0,0,0,0,0,0,0,0,0,0,0,0,0,0,0,0,0,0,0,0,0,0,0,0,0,0,0,0,0,0,0,0,0,0,0,0,0,0,0,0,0,0,0,0,0,0,0,0,0,0,0,0,0,0,0,0,0,0,0,0,0
0,0,0,0,0,0,0,0,0,0,0,0,0,0,0,0,0,0,0,0,0,0,0,0,0,0,0,0,0,0,0,0,0,0,0,0,0,0,0,0,0,0,0,0,0,0,0,0,0,0,0,0,0,0,0,0,0,0,0,0,0,0,0,0,0,0,0,0,0,0,0,0,0,0,0,0,0,0,0,0,0,0,0,0,0,0,0,0,0,0,0,0,0,0,0,0,0,0,0,0,0,0,0,0,0,0,0,0,0,0,0,0,0,0,0,0,0,0,0,0,0,0,0,0,0,0,0,0,0,0,0,0,0,0,0,0,0,0,0,0,0,0,0,0,0,0,0,0,0,0,0,0,0,0,0,0,0,0,0,0,0,0,0,0,0,0,0,0,0,0,0,0,0,0,0,0,0,0,0,0,0,0,0,0,0,0,0,0,0,0,0,0,0,0,0,0,0,0
0,0,0,0,0,0,0,0,0,0,0,0,0,0,0,0,0,0,0,0,0,0,0,0,0,0,0,0,0,0,0,0,0,0,0,0,0,0,0,0,0,0,0,0,0,0,0,0,0,0,0,0,0,0,0,0,0,0,0,0,0,0,0,0,0,0,0,0,0,0,0,0,0,0,0,0,0,0,0,0,0,0,0,0,0,0,0,0,0,0,0,0,0,0,0,0,0,0,0,0,0,0,0,0,0,0,0,0,0,0,0,0,0,0,0,0,0,0,0,0,0,0,0,0,0,0,0,0,0,0,0,0,0,0,0,0,0,0,0,0,0,0,0,0,0,0,0,0,0,0,0,0,0,0,0,0,0,0,0,0,0,0,0,0,0,0,0,0,0,0,0,0,0,0,0,0,0,0,0,0,0,0,0,0,0,0,0,0,0,0,0,0,0,0,0,0,0,0
0,0,0,0,0,0,0,0,0,0,0,0,0,0,0,0,0,0,0,0,0,0,0,0,0,0,0,0,0,0,0,0,0,0,0,0,0,0,0,0,0,0,0,0,0,0,0,0,0,0,0,0,0,0,0,0,0,0,0,0,0,0,0,0,0,0,0,0,0,0,0,0,0,0,0,0,0,0,0,0,0,0,0,0,0,0,0,0,0,0,0,0,0,0,0,0,0,0,0,0,0,0,0,0,0,0,0,0,0,0,0,0,0,0,0,0,0,0,0,0,0,0,0,0,0,0,0,0,0,0,0,0,0,0,0,0,0,0,0,0,0,0,0,0,0,0,0,0,0,0,0,0,0,0,0,0,0,0,0,0,0,0,0,0,0,0,0,0,0,0,0,0,0,0,0,0,0,0,0,0,0,0,0,0,0,0,0,0,0,0,0,0,0,0,0,0,0,0
0,0,0,0,0,0,0,0,0,0,0,0,0,0,0,0,0,0,0,0,0,0,0,0,0,0,0,0,0,0,0,0,0,0,0,0,0,0,0,0,0,0,0,0,0,0,0,0,0,0,0,0,0,0,0,0,0,0,0,0,0,0,0,0,0,0,0,0,0,0,0,0,0,0,0,0,0,0,0,0,0,0,0,0,0,0,0,0,0,0,0,0,0,0,0,0,0,0,0,0,0,0,0,0,0,0,0,0,0,0,0,0,0,0,0,0,0,0,0,0,0,0,0,0,0,0,0,0,0,0,0,0,0,0,0,0,0,0,0,0,0,0,0,0,0,0,0,0,0,0,0,0,0,0,0,0,0,0,0,0,0,0,0,0,0,0,0,0,0,0,0,0,0,0,0,0,0,0,0,0,0,0,0,0,0,0,0,0,0,0,0,0,0,0,0,0,0,0
0,0,0,0,0,0,0,0,0,0,0,0,0,0,0,0,0,0,0,0,0,0,0,0,0,0,0,0,0,0,0,0,0,0,0,0,0,0,0,0,0,0,0,0,0,0,0,0,0,0,0,0,0,0,0,0,0,0,0,0,0,0,0,0,0,0,0,0,0,0,0,0,0,0,0,0,0,0,0,0,0,0,0,0,0,0,0,0,0,0,0,0,0,0,0,0,0,0,0,0,0,0,0,0,0,0,0,0,0,0,0,0,0,0,0,0,0,0,0,0,0,0,0,0,0,0,0,0,0,0,0,0,0,0,0,0,0,0,0,0,0,0,0,0,0,0,0,0,0,0,0,0,0,0,0,0,0,0,0,0,0,0,0,0,0,0,0,0,0,0,0,0,0,0,0,0,0,0,0,0,0,0,0,0,0,0,0,0,0,0,0,0,0,0,0,0,0,0
0,0,0,0,0,0,0,0,0,0,0,0,0,0,0,0,0,0,0,0,0,0,0,0,0,0,0,0,0,0,0,0,0,0,0,0,0,0,0,0,0,0,0,0,0,0,0,0,0,0,0,0,0,0,0,0,0,0,0,0,0,0,0,0,0,0,0,0,0,0,0,0,0,0,0,0,0,0,0,0,0,0,0,0,0,0,0,0,0,0,0,0,0,0,0,0,0,0,0,0,0,0,0,0,0,0,0,0,0,0,0,0,0,0,0,0,0,0,0,0,0,0,0,0,0,0,0,0,0,0,0,0,0,0,0,0,0,0,0,0,0,0,0,0,0,0,0,0,0,0,0,0,0,0,0,0,0,0,0,0,0,0,0,0,0,0,0,0,0,0,0,0,0,0,0,0,0,0,0,0,0,0,0,0,0,0,0,0,0,0,0,0,0,0,0,0,0,0
0,0,0,0,0,0,0,0,0,0,0,0,0,0,0,0,0,0,0,0,0,0,0,0,0,0,0,0,0,0,0,0,0,0,0,0,0,0,0,0,0,0,0,0,0,0,0,0,0,0,0,0,0,0,0,0,0,0,0,0,0,0,0,0,0,0,0,0,0,0,0,0,0,0,0,0,0,0,0,0,0,0,0,0,0,0,0,0,0,0,0,0,0,0,0,0,0,0,0,0,0,0,0,0,0,0,0,0,0,0,0,0,0,0,0,0,0,0,0,0,0,0,0,0,0,0,0,0,0,0,0,0,0,0,0,0,0,0,0,0,0,0,0,0,0,0,0,0,0,0,0,0,0,0,0,0,0,0,0,0,0,0,0,0,0,0,0,0,0,0,0,0,0,0,0,0,0,0,0,0,0,0,0,0,0,0,0,0,0,0,0,0,0,0,0,0,0,0
0,0,0,0,0,0,0,0,0,0,0,0,0,0,0,0,0,0,0,0,0,0,0,0,0,0,0,0,0,0,0,0,0,0,0,0,0,0,0,0,0,0,0,0,0,0,0,0,0,0,0,0,0,0,0,0,0,0,0,0,0,0,0,0,0,0,0,0,0,0,0,0,0,0,0,0,0,0,0,0,0,0,0,0,0,0,0,0,0,0,0,0,0,0,0,0,0,0,0,0,0,0,0,0,0,0,0,0,0,0,0,0,0,0,0,0,0,0,0,0,0,0,0,0,0,0,0,0,0,0,0,0,0,0,0,0,0,0,0,0,0,0,0,0,0,0,0,0,0,0,0,0,0,0,0,0,0,0,0,0,0,0,0,0,0,0,0,0,0,0,0,0,0,0,0,0,0,0,0,0,0,0,0,0,0,0,0,0,0,0,0,0,0,0,0,0,0,0
0,0,0,0,0,0,0,0,0,0,0,0,0,0,0,0,0,0,0,0,0,0,0,0,0,0,0,0,0,0,0,0,0,0,0,0,0,0,0,0,0,0,0,0,0,0,0,0,0,0,0,0,0,0,0,0,0,0,0,0,0,0,0,0,0,0,0,0,0,0,0,0,0,0,0,0,0,0,0,0,0,0,0,0,0,0,0,0,0,0,0,0,0,0,0,0,0,0,0,0,0,0,0,0,0,0,0,0,0,0,0,0,0,0,0,0,0,0,0,0,0,0,0,0,0,0,0,0,0,0,0,0,0,0,0,0,0,0,0,0,0,0,0,0,0,0,0,0,0,0,0,0,0,0,0,0,0,0,0,0,0,0,0,0,0,0,0,0,0,0,0,0,0,0,0,0,0,0,0,0,0,0,0,0,0,0,0,0,0,0,0,0,0,0,0,0,0,0
0,0,0,0,0,0,0,0,0,0,0,0,0,0,0,0,0,0,0,0,0,0,0,0,0,0,0,0,0,0,0,0,0,0,0,0,0,0,0,0,0,0,0,0,0,0,0,0,0,0,0,0,0,0,0,0,0,0,0,0,0,0,0,0,0,0,0,0,0,0,0,0,0,0,0,0,0,0,0,0,0,0,0,0,0,0,0,0,0,0,0,0,0,0,0,0,0,0,0,0,0,0,0,0,0,0,0,0,0,0,0,0,0,0,0,0,0,0,0,0,0,0,0,0,0,0,0,0,0,0,0,0,0,0,0,0,0,0,0,0,0,0,0,0,0,0,0,0,0,0,0,0,0,0,0,0,0,0,0,0,0,0,0,0,0,0,0,0,0,0,0,0,0,0,0,0,0,0,0,0,0,0,0,0,0,0,0,0,0,0,0,0,0,0,0,0,0,0
0,0,0,0,0,0,0,0,0,0,0,0,0,0,0,0,0,0,0,0,0,0,0,0,0,0,0,0,0,0,0,0,0,0,0,0,0,0,0,0,0,0,0,0,0,0,0,0,0,0,0,0,0,0,0,0,0,0,0,0,0,0,0,0,0,0,0,0,0,0,0,0,0,0,0,0,0,0,0,0,0,0,0,0,0,0,0,0,0,0,0,0,0,0,0,0,0,0,0,0,0,0,0,0,0,0,0,0,0,0,0,0,0,0,0,0,0,0,0,0,0,0,0,0,0,0,0,0,0,0,0,0,0,0,0,0,0,0,0,0,0,0,0,0,0,0,0,0,0,0,0,0,0,0,0,0,0,0,0,0,0,0,0,0,0,0,0,0,0,0,0,0,0,0,0,0,0,0,0,0,0,0,0,0,0,0,0,0,0,0,0,0,0,0,0,0,0,0
0,0,0,0,0,0,0,0,0,0,0,0,0,0,0,0,0,0,0,0,0,0,0,0,0,0,0,0,0,0,0,0,0,0,0,0,0,0,0,0,0,0,0,0,0,0,0,0,0,0,0,0,0,0,0,0,0,0,0,0,0,0,0,0,0,0,0,0,0,0,0,0,0,0,0,0,0,0,0,0,0,0,0,0,0,0,0,0,0,0,0,0,0,0,0,0,0,0,0,0,0,0,0,0,0,0,0,0,0,0,0,0,0,0,0,0,0,0,0,0,0,0,0,0,0,0,0,0,0,0,0,0,0,0,0,0,0,0,0,0,0,0,0,0,0,0,0,0,0,0,0,0,0,0,0,0,0,0,0,0,0,0,0,0,0,0,0,0,0,0,0,0,0,0,0,0,0,0,0,0,0,0,0,0,0,0,0,0,0,0,0,0,0,0,0,0,0,0
0,0,0,0,0,0,0,0,0,0,0,0,0,0,0,0,0,0,0,0,0,0,0,0,0,0,0,0,0,0,0,0,0,0,0,0,0,0,0,0,0,0,0,0,0,0,0,0,0,0,0,0,0,0,0,0,0,0,0,0,0,0,0,0,0,0,0,0,0,0,0,0,0,0,0,0,0,0,0,0,0,0,0,0,0,0,0,0,0,0,0,0,0,0,0,0,0,0,0,0,0,0,0,0,0,0,0,0,0,0,0,0,0,0,0,0,0,0,0,0,0,0,0,0,0,0,0,0,0,0,0,0,0,0,0,0,0,0,0,0,0,0,0,0,0,0,0,0,0,0,0,0,0,0,0,0,0,0,0,0,0,0,0,0,0,0,0,0,0,0,0,0,0,0,0,0,0,0,0,0,0,0,0,0,0,0,0,0,0,0,0,0,0,0,0,0,0,0
0,0,0,0,0,0,0,0,0,0,0,0,0,0,0,0,0,0,0,0,0,0,0,0,0,0,0,0,0,0,0,0,0,0,0,0,0,0,0,0,0,0,0,0,0,0,0,0,0,0,0,0,0,0,0,0,0,0,0,0,0,0,0,0,0,0,0,0,0,0,0,0,0,0,0,0,0,0,0,0,0,0,0,0,0,0,0,0,0,0,0,0,0,0,0,0,0,0,0,0,0,0,0,0,0,0,0,0,0,0,0,0,0,0,0,0,0,0,0,0,0,0,0,0,0,0,0,0,0,0,0,0,0,0,0,0,0,0,0,0,0,0,0,0,0,0,0,0,0,0,0,0,0,0,0,0,0,0,0,0,0,0,0,0,0,0,0,0,0,0,0,0,0,0,0,0,0,0,0,0,0,0,0,0,0,0,0,0,0,0,0,0,0,0,0,0,0,0
0,0,0,0,0,0,0,0,0,0,0,0,0,0,0,0,0,0,0,0,0,0,0,0,0,0,0,0,0,0,0,0,0,0,0,0,0,0,0,0,0,0,0,0,0,0,0,0,0,0,0,0,0,0,0,0,0,0,0,0,0,0,0,0,0,0,0,0,0,0,0,0,0,0,0,0,0,0,0,0,0,0,0,0,0,0,0,0,0,0,0,0,0,0,0,0,0,0,0,0,0,0,0,0,0,0,0,0,0,0,0,0,0,0,0,0,0,0,0,0,0,0,0,0,0,0,0,0,0,0,0,0,0,0,0,0,0,0,0,0,0,0,0,0,0,0,0,0,0,0,0,0,0,0,0,0,0,0,0,0,0,0,0,0,0,0,0,0,0,0,0,0,0,0,0,0,0,0,0,0,0,0,0,0,0,0,0,0,0,0,0,0,0,0,0,0,0,0
0,0,0,0,0,0,0,0,0,0,0,0,0,0,0,0,0,0,0,0,0,0,0,0,0,0,0,0,0,0,0,0,0,0,0,0,0,0,0,0,0,0,0,0,0,0,0,0,0,0,0,0,0,0,0,0,0,0,0,0,0,0,0,0,0,0,0,0,0,0,0,0,0,0,0,0,0,0,0,0,0,0,0,0,0,0,0,0,0,0,0,0,0,0,0,0,0,0,0,0,0,0,0,0,0,0,0,0,0,0,0,0,0,0,0,0,0,0,0,0,0,0,0,0,0,0,0,0,0,0,0,0,0,0,0,0,0,0,0,0,0,0,0,0,0,0,0,0,0,0,0,0,0,0,0,0,0,0,0,0,0,0,0,0,0,0,0,0,0,0,0,0,0,0,0,0,0,0,0,0,0,0,0,0,0,0,0,0,0,0,0,0,0,0,0,0,0,0
0,0,0,0,0,0,0,0,0,0,0,0,0,0,0,0,0,0,0,0,0,0,0,0,0,0,0,0,0,0,0,0,0,0,0,0,0,0,0,0,0,0,0,0,0,0,0,0,0,0,0,0,0,0,0,0,0,0,0,0,0,0,0,0,0,0,0,0,0,0,0,0,0,0,0,0,0,0,0,0,0,0,0,0,0,0,0,0,0,0,0,0,0,0,0,0,0,0,0,0,0,0,0,0,0,0,0,0,0,0,0,0,0,0,0,0,0,0,0,0,0,0,0,0,0,0,0,0,0,0,0,0,0,0,0,0,0,0,0,0,0,0,0,0,0,0,0,0,0,0,0,0,0,0,0,0,0,0,0,0,0,0,0,0,0,0,0,0,0,0,0,0,0,0,0,0,0,0,0,0,0,0,0,0,0,0,0,0,0,0,0,0,0,0,0,0,0,0
0,0,0,0,0,0,0,0,0,0,0,0,0,0,0,0,0,0,0,0,0,0,0,0,0,0,0,0,0,0,0,0,0,0,0,0,0,0,0,0,0,0,0,0,0,0,0,0,0,0,0,0,0,0,0,0,0,0,0,0,0,0,0,0,0,0,0,0,0,0,0,0,0,0,0,0,0,0,0,0,0,0,0,0,0,0,0,0,0,0,0,0,0,0,0,0,0,0,0,0,0,0,0,0,0,0,0,0,0,0,0,0,0,0,0,0,0,0,0,0,0,0,0,0,0,0,0,0,0,0,0,0,0,0,0,0,0,0,0,0,0,0,0,0,0,0,0,0,0,0,0,0,0,0,0,0,0,0,0,0,0,0,0,0,0,0,0,0,0,0,0,0,0,0,0,0,0,0,0,0,0,0,0,0,0,0,0,0,0,0,0,0,0,0,0,0,0,0
0,0,0,0,0,0,0,0,0,0,0,0,0,0,0,0,0,0,0,0,0,0,0,0,0,0,0,0,0,0,0,0,0,0,0,0,0,0,0,0,0,0,0,0,0,0,0,0,0,0,0,0,0,0,0,0,0,0,0,0,0,0,0,0,0,0,0,0,0,0,0,0,0,0,0,0,0,0,0,0,0,0,0,0,0,0,0,0,0,0,0,0,0,0,0,0,0,0,0,0,0,0,0,0,0,0,0,0,0,0,0,0,0,0,0,0,0,0,0,0,0,0,0,0,0,0,0,0,0,0,0,0,0,0,0,0,0,0,0,0,0,0,0,0,0,0,0,0,0,0,0,0,0,0,0,0,0,0,0,0,0,0,0,0,0,0,0,0,0,0,0,0,0,0,0,0,0,0,0,0,0,0,0,0,0,0,0,0,0,0,0,0,0,0,0,0,0,0
0,0,0,0,0,0,0,0,0,0,0,0,0,0,0,0,0,0,0,0,0,0,0,0,0,0,0,0,0,0,0,0,0,0,0,0,0,0,0,0,0,0,0,0,0,0,0,0,0,0,0,0,0,0,0,0,0,0,0,0,0,0,0,0,0,0,0,0,0,0,0,0,0,0,0,0,0,0,0,0,0,0,0,0,0,0,0,0,0,0,0,0,0,0,0,0,0,0,0,0,0,0,0,0,0,0,0,0,0,0,0,0,0,0,0,0,0,0,0,0,0,0,0,0,0,0,0,0,0,0,0,0,0,0,0,0,0,0,0,0,0,0,0,0,0,0,0,0,0,0,0,0,0,0,0,0,0,0,0,0,0,0,0,0,0,0,0,0,0,0,0,0,0,0,0,0,0,0,0,0,0,0,0,0,0,0,0,0,0,0,0,0,0,0,0,0,0,0
0,0,0,0,0,0,0,0,0,0,0,0,0,0,0,0,0,0,0,0,0,0,0,0,0,0,0,0,0,0,0,0,0,0,0,0,0,0,0,0,0,0,0,0,0,0,0,0,0,0,0,0,0,0,0,0,0,0,0,0,0,0,0,0,0,0,0,0,0,0,0,0,0,0,0,0,0,0,0,0,0,0,0,0,0,0,0,0,0,0,0,0,0,0,0,0,0,0,0,0,0,0,0,0,0,0,0,0,0,0,0,0,0,0,0,0,0,0,0,0,0,0,0,0,0,0,0,0,0,0,0,0,0,0,0,0,0,0,0,0,0,0,0,0,0,0,0,0,0,0,0,0,0,0,0,0,0,0,0,0,0,0,0,0,0,0,0,0,0,0,0,0,0,0,0,0,0,0,0,0,0,0,0,0,0,0,0,0,0,0,0,0,0,0,0,0,0,0
0,0,0,0,0,0,0,0,0,0,0,0,0,0,0,0,0,0,0,0,0,0,0,0,0,0,0,0,0,0,0,0,0,0,0,0,0,0,0,0,0,0,0,0,0,0,0,0,0,0,0,0,0,0,0,0,0,0,0,0,0,0,0,0,0,0,0,0,0,0,0,0,0,0,0,0,0,0,0,0,0,0,0,0,0,0,0,0,0,0,0,0,0,0,0,0,0,0,0,0,0,0,0,0,0,0,0,0,0,0,0,0,0,0,0,0,0,0,0,0,0,0,0,0,0,0,0,0,0,0,0,0,0,0,0,0,0,0,0,0,0,0,0,0,0,0,0,0,0,0,0,0,0,0,0,0,0,0,0,0,0,0,0,0,0,0,0,0,0,0,0,0,0,0,0,0,0,0,0,0,0,0,0,0,0,0,0,0,0,0,0,0,0,0,0,0,0,0
0,0,0,0,0,0,0,0,0,0,0,0,0,0,0,0,0,0,0,0,0,0,0,0,0,0,0,0,0,0,0,0,0,0,0,0,0,0,0,0,0,0,0,0,0,0,0,0,0,0,0,0,0,0,0,0,0,0,0,0,0,0,0,0,0,0,0,0,0,0,0,0,0,0,0,0,0,0,0,0,0,0,0,0,0,0,0,0,0,0,0,0,0,0,0,0,0,0,0,0,0,0,0,0,0,0,0,0,0,0,0,0,0,0,0,0,0,0,0,0,0,0,0,0,0,0,0,0,0,0,0,0,0,0,0,0,0,0,0,0,0,0,0,0,0,0,0,0,0,0,0,0,0,0,0,0,0,0,0,0,0,0,0,0,0,0,0,0,0,0,0,0,0,0,0,0,0,0,0,0,0,0,0,0,0,0,0,0,0,0,0,0,0,0,0,0,0,0
0,0,0,0,0,0,0,0,0,0,0,0,0,0,0,0,0,0,0,0,0,0,0,0,0,0,0,0,0,0,0,0,0,0,0,0,0,0,0,0,0,0,0,0,0,0,0,0,0,0,0,0,0,0,0,0,0,0,0,0,0,0,0,0,0,0,0,0,0,0,0,0,0,0,0,0,0,0,0,0,0,0,0,0,0,0,0,0,0,0,0,0,0,0,0,0,0,0,0,0,0,0,0,0,0,0,0,0,0,0,0,0,0,0,0,0,0,0,0,0,0,0,0,0,0,0,0,0,0,0,0,0,0,0,0,0,0,0,0,0,0,0,0,0,0,0,0,0,0,0,0,0,0,0,0,0,0,0,0,0,0,0,0,0,0,0,0,0,0,0,0,0,0,0,0,0,0,0,0,0,0,0,0,0,0,0,0,0,0,0,0,0,0,0,0,0,0,0
0,0,0,0,0,0,0,0,0,0,0,0,0,0,0,0,0,0,0,0,0,0,0,0,0,0,0,0,0,0,0,0,0,0,0,0,0,0,0,0,0,0,0,0,0,0,0,0,0,0,0,0,0,0,0,0,0,0,0,0,0,0,0,0,0,0,0,0,0,0,0,0,0,0,0,0,0,0,0,0,0,0,0,0,0,0,0,0,0,0,0,0,0,0,0,0,0,0,0,0,0,0,0,0,0,0,0,0,0,0,0,0,0,0,0,0,0,0,0,0,0,0,0,0,0,0,0,0,0,0,0,0,0,0,0,0,0,0,0,0,0,0,0,0,0,0,0,0,0,0,0,0,0,0,0,0,0,0,0,0,0,0,0,0,0,0,0,0,0,0,0,0,0,0,0,0,0,0,0,0,0,0,0,0,0,0,0,0,0,0,0,0,0,0,0,0,0,0
0,0,0,0,0,0,0,0,0,0,0,0,0,0,0,0,0,0,0,0,0,0,0,0,0,0,0,0,0,0,0,0,0,0,0,0,0,0,0,0,0,0,0,0,0,0,0,0,0,0,0,0,0,0,0,0,0,0,0,0,0,0,0,0,0,0,0,0,0,0,0,0,0,0,0,0,0,0,0,0,0,0,0,0,0,0,0,0,0,0,0,0,0,0,0,0,0,0,0,0,0,0,0,0,0,0,0,0,0,0,0,0,0,0,0,0,0,0,0,0,0,0,0,0,0,0,0,0,0,0,0,0,0,0,0,0,0,0,0,0,0,0,0,0,0,0,0,0,0,0,0,0,0,0,0,0,0,0,0,0,0,0,0,0,0,0,0,0,0,0,0,0,0,0,0,0,0,0,0,0,0,0,0,0,0,0,0,0,0,0,0,0,0,0,0,0,0,0
0,0,0,0,0,0,0,0,0,0,0,0,0,0,0,0,0,0,0,0,0,0,0,0,0,0,0,0,0,0,0,0,0,0,0,0,0,0,0,0,0,0,0,0,0,0,0,0,0,0,0,0,0,0,0,0,0,0,0,0,0,0,0,0,0,0,0,0,0,0,0,0,0,0,0,0,0,0,0,0,0,0,0,0,0,0,0,0,0,0,0,0,0,0,0,0,0,0,0,0,0,0,0,0,0,0,0,0,0,0,0,0,0,0,0,0,0,0,0,0,0,0,0,0,0,0,0,0,0,0,0,0,0,0,0,0,0,0,0,0,0,0,0,0,0,0,0,0,0,0,0,0,0,0,0,0,0,0,0,0,0,0,0,0,0,0,0,0,0,0,0,0,0,0,0,0,0,0,0,0,0,0,0,0,0,0,0,0,0,0,0,0,0,0,0,0,0,0
0,0,0,0,0,0,0,0,0,0,0,0,0,0,0,0,0,0,0,0,0,0,0,0,0,0,0,0,0,0,0,0,0,0,0,0,0,0,0,0,0,0,0,0,0,0,0,0,0,0,0,0,0,0,0,0,0,0,0,0,0,0,0,0,0,0,0,0,0,0,0,0,0,0,0,0,0,0,0,0,0,0,0,0,0,0,0,0,0,0,0,0,0,0,0,0,0,0,0,0,0,0,0,0,0,0,0,0,0,0,0,0,0,0,0,0,0,0,0,0,0,0,0,0,0,0,0,0,0,0,0,0,0,0,0,0,0,0,0,0,0,0,0,0,0,0,0,0,0,0,0,0,0,0,0,0,0,0,0,0,0,0,0,0,0,0,0,0,0,0,0,0,0,0,0,0,0,0,0,0,0,0,0,0,0,0,0,0,0,0,0,0,0,0,0,0,0,0
0,0,0,0,0,0,0,0,0,0,0,0,0,0,0,0,0,0,0,0,0,0,0,0,0,0,0,0,0,0,0,0,0,0,0,0,0,0,0,0,0,0,0,0,0,0,0,0,0,0,0,0,0,0,0,0,0,0,0,0,0,0,0,0,0,0,0,0,0,0,0,0,0,0,0,0,0,0,0,0,0,0,0,0,0,0,0,0,0,0,0,0,0,0,0,0,0,0,0,0,0,0,0,0,0,0,0,0,0,0,0,0,0,0,0,0,0,0,0,0,0,0,0,0,0,0,0,0,0,0,0,0,0,0,0,0,0,0,0,0,0,0,0,0,0,0,0,0,0,0,0,0,0,0,0,0,0,0,0,0,0,0,0,0,0,0,0,0,0,0,0,0,0,0,0,0,0,0,0,0,0,0,0,0,0,0,0,0,0,0,0,0,0,0,0,0,0,0
0,0,0,0,0,0,0,0,0,0,0,0,0,0,0,0,0,0,0,0,0,0,0,0,0,0,0,0,0,0,0,0,0,0,0,0,0,0,0,0,0,0,0,0,0,0,0,0,0,0,0,0,0,0,0,0,0,0,0,0,0,0,0,0,0,0,0,0,0,0,0,0,0,0,0,0,0,0,0,0,0,0,0,0,0,0,0,0,0,0,0,0,0,0,0,0,0,0,0,0,0,0,0,0,0,0,0,0,0,0,0,0,0,0,0,0,0,0,0,0,0,0,0,0,0,0,0,0,0,0,0,0,0,0,0,0,0,0,0,0,0,0,0,0,0,0,0,0,0,0,0,0,0,0,0,0,0,0,0,0,0,0,0,0,0,0,0,0,0,0,0,0,0,0,0,0,0,0,0,0,0,0,0,0,0,0,0,0,0,0,0,0,0,0,0,0,0,0
0,0,0,0,0,0,0,0,0,0,0,0,0,0,0,0,0,0,0,0,0,0,0,0,0,0,0,0,0,0,0,0,0,0,0,0,0,0,0,0,0,0,0,0,0,0,0,0,0,0,0,0,0,0,0,0,0,0,0,0,0,0,0,0,0,0,0,0,0,0,0,0,0,0,0,0,0,0,0,0,0,0,0,0,0,0,0,0,0,0,0,0,0,0,0,0,0,0,0,0,0,0,0,0,0,0,0,0,0,0,0,0,0,0,0,0,0,0,0,0,0,0,0,0,0,0,0,0,0,0,0,0,0,0,0,0,0,0,0,0,0,0,0,0,0,0,0,0,0,0,0,0,0,0,0,0,0,0,0,0,0,0,0,0,0,0,0,0,0,0,0,0,0,0,0,0,0,0,0,0,0,0,0,0,0,0,0,0,0,0,0,0,0,0,0,0,0,0
0,0,0,0,0,0,0,0,0,0,0,0,0,0,0,0,0,0,0,0,0,0,0,0,0,0,0,0,0,0,0,0,0,0,0,0,0,0,0,0,0,0,0,0,0,0,0,0,0,0,0,0,0,0,0,0,0,0,0,0,0,0,0,0,0,0,0,0,0,0,0,0,0,0,0,0,0,0,0,0,0,0,0,0,0,0,0,0,0,0,0,0,0,0,0,0,0,0,0,0,0,0,0,0,0,0,0,0,0,0,0,0,0,0,0,0,0,0,0,0,0,0,0,0,0,0,0,0,0,0,0,0,0,0,0,0,0,0,0,0,0,0,0,0,0,0,0,0,0,0,0,0,0,0,0,0,0,0,0,0,0,0,0,0,0,0,0,0,0,0,0,0,0,0,0,0,0,0,0,0,0,0,0,0,0,0,0,0,0,0,0,0,0,0,0,0,0,0
0,0,0,0,0,0,0,0,0,0,0,0,0,0,0,0,0,0,0,0,0,0,0,0,0,0,0,0,0,0,0,0,0,0,0,0,0,0,0,0,0,0,0,0,0,0,0,0,0,0,0,0,0,0,0,0,0,0,0,0,0,0,0,0,0,0,0,0,0,0,0,0,0,0,0,0,0,0,0,0,0,0,0,0,0,0,0,0,0,0,0,0,0,0,0,0,0,0,0,0,0,0,0,0,0,0,0,0,0,0,0,0,0,0,0,0,0,0,0,0,0,0,0,0,0,0,0,0,0,0,0,0,0,0,0,0,0,0,0,0,0,0,0,0,0,0,0,0,0,0,0,0,0,0,0,0,0,0,0,0,0,0,0,0,0,0,0,0,0,0,0,0,0,0,0,0,0,0,0,0,0,0,0,0,0,0,0,0,0,0,0,0,0,0,0,0,0,0
0,0,0,0,0,0,0,0,0,0,0,0,0,0,0,0,0,0,0,0,0,0,0,0,0,0,0,0,0,0,0,0,0,0,0,0,0,0,0,0,0,0,0,0,0,0,0,0,0,0,0,0,0,0,0,0,0,0,0,0,0,0,0,0,0,0,0,0,0,0,0,0,0,0,0,0,0,0,0,0,0,0,0,0,0,0,0,0,0,0,0,0,0,0,0,0,0,0,0,0,0,0,0,0,0,0,0,0,0,0,0,0,0,0,0,0,0,0,0,0,0,0,0,0,0,0,0,0,0,0,0,0,0,0,0,0,0,0,0,0,0,0,0,0,0,0,0,0,0,0,0,0,0,0,0,0,0,0,0,0,0,0,0,0,0,0,0,0,0,0,0,0,0,0,0,0,0,0,0,0,0,0,0,0,0,0,0,0,0,0,0,0,0,0,0,0,0,0
0,0,0,0,0,0,0,0,0,0,0,0,0,0,0,0,0,0,0,0,0,0,0,0,0,0,0,0,0,0,0,0,0,0,0,0,0,0,0,0,0,0,0,0,0,0,0,0,0,0,0,0,0,0,0,0,0,0,0,0,0,0,0,0,0,0,0,0,0,0,0,0,0,0,0,0,0,0,0,0,0,0,0,0,0,0,0,0,0,0,0,0,0,0,0,0,0,0,0,0,0,0,0,0,0,0,0,0,0,0,0,0,0,0,0,0,0,0,0,0,0,0,0,0,0,0,0,0,0,0,0,0,0,0,0,0,0,0,0,0,0,0,0,0,0,0,0,0,0,0,0,0,0,0,0,0,0,0,0,0,0,0,0,0,0,0,0,0,0,0,0,0,0,0,0,0,0,0,0,0,0,0,0,0,0,0,0,0,0,0,0,0,0,0,0,0,0,0
0,0,0,0,0,0,0,0,0,0,0,0,0,0,0,0,0,0,0,0,0,0,0,0,0,0,0,0,0,0,0,0,0,0,0,0,0,0,0,0,0,0,0,0,0,0,0,0,0,0,0,0,0,0,0,0,0,0,0,0,0,0,0,0,0,0,0,0,0,0,0,0,0,0,0,0,0,0,0,0,0,0,0,0,0,0,0,0,0,0,0,0,0,0,0,0,0,0,0,0,0,0,0,0,0,0,0,0,0,0,0,0,0,0,0,0,0,0,0,0,0,0,0,0,0,0,0,0,0,0,0,0,0,0,0,0,0,0,0,0,0,0,0,0,0,0,0,0,0,0,0,0,0,0,0,0,0,0,0,0,0,0,0,0,0,0,0,0,0,0,0,0,0,0,0,0,0,0,0,0,0,0,0,0,0,0,0,0,0,0,0,0,0,0,0,0,0,0
0,0,0,0,0,0,0,0,0,0,0,0,0,0,0,0,0,0,0,0,0,0,0,0,0,0,0,0,0,0,0,0,0,0,0,0,0,0,0,0,0,0,0,0,0,0,0,0,0,0,0,0,0,0,0,0,0,0,0,0,0,0,0,0,0,0,0,0,0,0,0,0,0,0,0,0,0,0,0,0,0,0,0,0,0,0,0,0,0,0,0,0,0,0,0,0,0,0,0,0,0,0,0,0,0,0,0,0,0,0,0,0,0,0,0,0,0,0,0,0,0,0,0,0,0,0,0,0,0,0,0,0,0,0,0,0,0,0,0,0,0,0,0,0,0,0,0,0,0,0,0,0,0,0,0,0,0,0,0,0,0,0,0,0,0,0,0,0,0,0,0,0,0,0,0,0,0,0,0,0,0,0,0,0,0,0,0,0,0,0,0,0,0,0,0,0,0,0
0,0,0,0,0,0,0,0,0,0,0,0,0,0,0,0,0,0,0,0,0,0,0,0,0,0,0,0,0,0,0,0,0,0,0,0,0,0,0,0,0,0,0,0,0,0,0,0,0,0,0,0,0,0,0,0,0,0,0,0,0,0,0,0,0,0,0,0,0,0,0,0,0,0,0,0,0,0,0,0,0,0,0,0,0,0,0,0,0,0,0,0,0,0,0,0,0,0,0,0,0,0,0,0,0,0,0,0,0,0,0,0,0,0,0,0,0,0,0,0,0,0,0,0,0,0,0,0,0,0,0,0,0,0,0,0,0,0,0,0,0,0,0,0,0,0,0,0,0,0,0,0,0,0,0,0,0,0,0,0,0,0,0,0,0,0,0,0,0,0,0,0,0,0,0,0,0,0,0,0,0,0,0,0,0,0,0,0,0,0,0,0,0,0,0,0,0,0
0,0,0,0,0,0,0,0,0,0,0,0,0,0,0,0,0,0,0,0,0,0,0,0,0,0,0,0,0,0,0,0,0,0,0,0,0,0,0,0,0,0,0,0,0,0,0,0,0,0,0,0,0,0,0,0,0,0,0,0,0,0,0,0,0,0,0,0,0,0,0,0,0,0,0,0,0,0,0,0,0,0,0,0,0,0,0,0,0,0,0,0,0,0,0,0,0,0,0,0,0,0,0,0,0,0,0,0,0,0,0,0,0,0,0,0,0,0,0,0,0,0,0,0,0,0,0,0,0,0,0,0,0,0,0,0,0,0,0,0,0,0,0,0,0,0,0,0,0,0,0,0,0,0,0,0,0,0,0,0,0,0,0,0,0,0,0,0,0,0,0,0,0,0,0,0,0,0,0,0,0,0,0,0,0,0,0,0,0,0,0,0,0,0,0,0,0,0
0,0,0,0,0,0,0,0,0,0,0,0,0,0,0,0,0,0,0,0,0,0,0,0,0,0,0,0,0,0,0,0,0,0,0,0,0,0,0,0,0,0,0,0,0,0,0,0,0,0,0,0,0,0,0,0,0,0,0,0,0,0,0,0,0,0,0,0,0,0,0,0,0,0,0,0,0,0,0,0,0,0,0,0,0,0,0,0,0,0,0,0,0,0,0,0,0,0,0,0,0,0,0,0,0,0,0,0,0,0,0,0,0,0,0,0,0,0,0,0,0,0,0,0,0,0,0,0,0,0,0,0,0,0,0,0,0,0,0,0,0,0,0,0,0,0,0,0,0,0,0,0,0,0,0,0,0,0,0,0,0,0,0,0,0,0,0,0,0,0,0,0,0,0,0,0,0,0,0,0,0,0,0,0,0,0,0,0,0,0,0,0,0,0,0,0,0,0
0,0,0,0,0,0,0,0,0,0,0,0,0,0,0,0,0,0,0,0,0,0,0,0,0,0,0,0,0,0,0,0,0,0,0,0,0,0,0,0,0,0,0,0,0,0,0,0,0,0,0,0,0,0,0,0,0,0,0,0,0,0,0,0,0,0,0,0,0,0,0,0,0,0,0,0,0,0,0,0,0,0,0,0,0,0,0,0,0,0,0,0,0,0,0,0,0,0,0,0,0,0,0,0,0,0,0,0,0,0,0,0,0,0,0,0,0,0,0,0,0,0,0,0,0,0,0,0,0,0,0,0,0,0,0,0,0,0,0,0,0,0,0,0,0,0,0,0,0,0,0,0,0,0,0,0,0,0,0,0,0,0,0,0,0,0,0,0,0,0,0,0,0,0,0,0,0,0,0,0,0,0,0,0,0,0,0,0,0,0,0,0,0,0,0,0,0,0
0,0,0,0,0,0,0,0,0,0,0,0,0,0,0,0,0,0,0,0,0,0,0,0,0,0,0,0,0,0,0,0,0,0,0,0,0,0,0,0,0,0,0,0,0,0,0,0,0,0,0,0,0,0,0,0,0,0,0,0,0,0,0,0,0,0,0,0,0,0,0,0,0,0,0,0,0,0,0,0,0,0,0,0,0,0,0,0,0,0,0,0,0,0,0,0,0,0,0,0,0,0,0,0,0,0,0,0,0,0,0,0,0,0,0,0,0,0,0,0,0,0,0,0,0,0,0,0,0,0,0,0,0,0,0,0,0,0,0,0,0,0,0,0,0,0,0,0,0,0,0,0,0,0,0,0,0,0,0,0,0,0,0,0,0,0,0,0,0,0,0,0,0,0,0,0,0,0,0,0,0,0,0,0,0,0,0,0,0,0,0,0,0,0,0,0,0,0
0,0,0,0,0,0,0,0,0,0,0,0,0,0,0,0,0,0,0,0,0,0,0,0,0,0,0,0,0,0,0,0,0,0,0,0,0,0,0,0,0,0,0,0,0,0,0,0,0,0,0,0,0,0,0,0,0,0,0,0,0,0,0,0,0,0,0,0,0,0,0,0,0,0,0,0,0,0,0,0,0,0,0,0,0,0,0,0,0,0,0,0,0,0,0,0,0,0,0,0,0,0,0,0,0,0,0,0,0,0,0,0,0,0,0,0,0,0,0,0,0,0,0,0,0,0,0,0,0,0,0,0,0,0,0,0,0,0,0,0,0,0,0,0,0,0,0,0,0,0,0,0,0,0,0,0,0,0,0,0,0,0,0,0,0,0,0,0,0,0,0,0,0,0,0,0,0,0,0,0,0,0,0,0,0,0,0,0,0,0,0,0,0,0,0,0,0,0
0,0,0,0,0,0,0,0,0,0,0,0,0,0,0,0,0,0,0,0,0,0,0,0,0,0,0,0,0,0,0,0,0,0,0,0,0,0,0,0,0,0,0,0,0,0,0,0,0,0,0,0,0,0,0,0,0,0,0,0,0,0,0,0,0,0,0,0,0,0,0,0,0,0,0,0,0,0,0,0,0,0,0,0,0,0,0,0,0,0,0,0,0,0,0,0,0,0,0,0,0,0,0,0,0,0,0,0,0,0,0,0,0,0,0,0,0,0,0,0,0,0,0,0,0,0,0,0,0,0,0,0,0,0,0,0,0,0,0,0,0,0,0,0,0,0,0,0,0,0,0,0,0,0,0,0,0,0,0,0,0,0,0,0,0,0,0,0,0,0,0,0,0,0,0,0,0,0,0,0,0,0,0,0,0,0,0,0,0,0,0,0,0,0,0,0,0,0
