0,0,0,0,0,0,0,0,0,0,0,0,0,0,0,0,0,0,0,0,0,0,0,0,0,0,0,0,0,0,0,0,0,0,0,0,0,0,0,0,0,0,0,0,0,0,0,0,0,0,0,0,0,0,0,0,0,0,0,0,0,0,0,0,0,0,0,0,0,0,0,0,0,0,0,0,0,0,0,0,0,0,0,0,0,0,0,0,0,0,0,0,0,0,0,0,0,0,0,0,0,0,0,0,0,0,0,0,0,0,0,0,0,0,0,0,0,0,0,0,0,0,0,0,0,0,0,0,0,0,0,0,0,0,0,0,0,0,0,0,0,0,0,0,0,0,0,0,0,0,0,0,0,0,0,0,0,0,0,0,0,0,0,0,0,0,0,0,0,0,0,0,0,0,0,0,0,0,0,0,0,0,0,0,0,0,0,0,0,0,0,0,0,0,0,0,0,0
0,0,0,0,0,0,0,0,0,0,0,0,0,0,0,0,0,0,0,0,0,0,0,0,0,0,0,0,0,0,0,0,0,0,0,0,0,0,0,0,0,0,0,0,0,0,0,0,0,0,0,0,0,0,0,0,0,0,0,0,0,0,0,0,0,0,0,0,0,0,0,0,0,0,0,0,0,0,0,0,0,0,0,0,0,0,0,0,0,0,0,0,0,0,0,0,0,0,0,0,0,0,0,0,0,0,0,0,0,0,0,0,0,0,0,0,0,0,0,0,0,0,0,0,0,0,0,0,0,0,0,0,0,0,0,0,0,0,0,0,0,0,0,0,0,0,0,0,0,0,0,0,0,0,0,0,0,0,0,0,0,0,0,0,0,0,0,0,0,0,0,0,0,0,0,0,0,0,0,0,0,0,0,0,0,0,0,0,0,0,0,0,0,0,0,0,0,0
0,0,0,0,0,0,0,0,0,0,0,0,0,0,0,0,0,0,0,0,0,0,0,0,0,0,0,0,0,0,0,0,0,0,0,0,0,0,0,0,0,0,0,0,0,0,0,0,0,0,0,0,0,0,0,0,0,0,0,0,0,0,0,0,0,0,0,0,0,0,0,0,0,0,0,0,0,0,0,0,0,0,0,0,0,0,0,0,0,0,0,0,0,0,0,0,0,0,0,0,0,0,0,0,0,0,0,0,0,0,0,0,0,0,0,0,0,0,0,0,0,0,0,0,0,0,0,0,0,0,0,0,0,0,0,0,0,0,0,0,0,0,0,0,0,0,0,0,0,0,0,0,0,0,0,0,0,0,0,0,0,0,0,0,0,0,0,0,0,0,0,0,0,0,0,0,0,0,0,0,0,0,0,0,0,0,0,0,0,0,0,0,0,0,0,0,0,0
0,0,0,0,0,0,0,0,0,0,0,0,0,0,0,0,0,0,0,0,0,0,0,0,0,0,0,0,0,0,0,0,0,0,0,0,0,0,0,0,0,0,0,0,0,0,0,0,0,0,0,0,0,0,0,0,0,0,0,0,0,0,0,0,0,0,0,0,0,0,0,0,0,0,0,0,0,0,0,0,0,0,0,0,0,0,0,0,0,0,0,0,0,0,0,0,0,0,0,0,0,0,0,0,0,0,0,0,0,0,0,0,0,0,0,0,0,0,0,0,0,0,0,0,0,0,0,0,0,0,0,0,0,0,0,0,0,0,0,0,0,0,0,0,0,0,0,0,0,0,0,0,0,0,0,0,0,0,0,0,0,0,0,0,0,0,0,0,0,0,0,0,0,0,0,0,0,0,0,0,0,0,0,0,0,0,0,0,0,0,0,0,0,0,0,0,0,0
0,0,0,0,0,0,0,0,0,0,0,0,0,0,0,0,0,0,0,0,0,0,0,0,0,0,0,0,0,0,0,0,0,0,0,0,0,0,0,0,0,0,0,0,0,0,0,0,0,0,0,0,0,0,0,0,0,0,0,0,0,0,0,0,0,0,0,0,0,0,0,0,0,0,0,0,0,0,0,0,0,0,0,0,0,0,0,0,0,0,0,0,0,0,0,0,0,0,0,0,0,0,0,0,0,0,0,0,0,0,0,0,0,0,0,0,0,0,0,0,0,0,0,0,0,0,0,0,0,0,0,0,0,0,0,0,0,0,0,0,0,0,0,0,0,0,0,0,0,0,0,0,0,0,0,0,0,0,0,0,0,0,0,0,0,0,0,0,0,0,0,0,0,0,0,0,0,0,0,0,0,0,0,0,0,0,0,0,0,0,0,0,0,0,0,0,0,0
0,0,0,0,0,0,0,0,0,0,0,0,0,0,0,0,0,0,0,0,0,0,0,0,0,0,0,0,0,0,0,0,0,0,0,0,0,0,0,0,0,0,0,0,0,0,0,0,0,0,0,0,0,0,0,0,0,0,0,0,0,0,0,0,0,0,0,0,0,0,0,0,0,0,0,0,0,0,0,0,0,0,0,0,0,0,0,0,0,0,0,0,0,0,0,0,0,0,0,0,0,0,0,0,0,0,0,0,0,0,0,0,0,0,0,0,0,0,0,0,0,0,0,0,0,0,0,0,0,0,0,0,0,0,0,0,0,0,0,0,0,0,0,0,0,0,0,0,0,0,0,0,0,0,0,0,0,0,0,0,0,0,0,0,0,0,0,0,0,0,0,0,0,0,0,0,0,0,0,0,0,0,0,0,0,0,0,0,0,0,0,0,0,0,0,0,0,0
0,0,0,0,0,0,0,0,0,0,0,0,0,0,0,0,0,0,0,0,0,0,0,0,0,0,0,0,0,0,0,0,0,0,0,0,0,0,0,0,0,0,0,0,0,0,0,0,0,0,0,0,0,0,0,0,0,0,0,0,0,0,0,0,0,0,0,0,0,0,0,0,0,0,0,0,0,0,0,0,0,0,0,0,0,0,0,0,0,0,0,0,0,0,0,0,0,0,0,0,0,0,0,0,0,0,0,0,0,0,0,0,0,0,0,0,0,0,0,0,0,0,0,0,0,0,0,0,0,0,0,0,0,0,0,0,0,0,0,0,0,0,0,0,0,0,0,0,0,0,0,0,0,0,0,0,0,0,0,0,0,0,0,0,0,0,0,0,0,0,0,0,0,0,0,0,0,0,0,0,0,0,0,0,0,0,0,0,0,0,0,0,0,0,0,0,0,0
0,0,0,0,0,0,0,0,0,0,0,0,0,0,0,0,0,0,0,0,0,0,0,0,0,0,0,0,0,0,0,0,0,0,0,0,0,0,0,0,0,0,0,0,0,0,0,0,0,0,0,0,0,0,0,0,0,0,0,0,0,0,0,0,0,0,0,0,0,0,0,0,0,0,0,0,0,0,0,0,0,0,0,0,0,0,0,0,0,0,0,0,0,0,0,0,0,0,0,0,0,0,0,0,0,0,0,0,0,0,0,0,0,0,0,0,0,0,0,0,0,0,0,0,0,0,0,0,0,0,0,0,0,0,0,0,0,0,0,0,0,0,0,0,0,0,0,0,0,0,0,0,0,0,0,0,0,0,0,0,0,0,0,0,0,0,0,0,0,0,0,0,0,0,0,0,0,0,0,0,0,0,0,0,0,0,0,0,0,0,0,0,0,0,0,0,0,0
0,0,0,0,0,0,0,0,0,0,0,0,0,0,0,0,0,0,0,0,0,0,0,0,0,0,0,0,0,0,0,0,0,0,0,0,0,0,0,0,0,0,0,0,0,0,0,0,0,0,0,0,0,0,0,0,0,0,0,0,0,0,0,0,0,0,0,0,0,0,0,0,0,0,0,0,0,0,0,0,0,0,0,0,0,0,0,0,0,0,0,0,0,0,0,0,0,0,0,0,0,0,0,0,0,0,0,0,0,0,0,0,0,0,0,0,0,0,0,0,0,0,0,0,0,0,0,0,0,0,0,0,0,0,0,0,0,0,0,0,0,0,0,0,0,0,0,0,0,0,0,0,0,0,0,0,0,0,0,0,0,0,0,0,0,0,0,0,0,0,0,0,0,0,0,0,0,0,0,0,0,0,0,0,0,0,0,0,0,0,0,0,0,0,0,0,0,0
0,0,0,0,0,0,0,0,0,0,0,0,0,0,0,0,0,0,0,0,0,0,0,0,0,0,0,0,0,0,0,0,0,0,0,0,0,0,0,0,0,0,0,0,0,0,0,0,0,0,0,0,0,0,0,0,0,0,0,0,0,0,0,0,0,0,0,0,0,0,0,0,0,0,0,0,0,0,0,0,0,0,0,0,0,0,0,0,0,0,0,0,0,0,0,0,0,0,0,0,0,0,0,0,0,0,0,0,0,0,0,0,0,0,0,0,0,0,0,0,0,0,0,0,0,0,0,0,0,0,0,0,0,0,0,0,0,0,0,0,0,0,0,0,0,0,0,0,0,0,0,0,0,0,0,0,0,0,0,0,0,0,0,0,0,0,0,0,0,0,0,0,0,0,0,0,0,0,0,0,0,0,0,0,0,0,0,0,0,0,0,0,0,0,0,0,0,0
0,0,0,0,0,0,0,0,0,0,0,0,0,0,0,0,0,0,0,0,0,0,0,0,0,0,0,0,0,0,0,0,0,0,0,0,0,0,0,0,0,0,0,0,0,0,0,0,0,0,0,0,0,0,0,0,0,0,0,0,0,0,0,0,0,0,0,0,0,0,0,0,0,0,0,0,0,0,0,0,0,0,0,0,0,0,0,0,0,0,0,0,0,0,0,0,0,0,0,0,0,0,0,0,0,0,0,0,0,0,0,0,0,0,0,0,0,0,0,0,0,0,0,0,0,0,0,0,0,0,0,0,0,0,0,0,0,0,0,0,0,0,0,0,0,0,0,0,0,0,0,0,0,0,0,0,0,0,0,0,0,0,0,0,0,0,0,0,0,0,0,0,0,0,0,0,0,0,0,0,0,0,0,0,0,0,0,0,0,0,0,0,0,0,0,0,0,0
0,0,0,0,0,0,0,0,0,0,0,0,0,0,0,0,0,0,0,0,0,0,0,0,0,0,0,0,0,0,0,0,0,0,0,0,0,0,0,0,0,0,0,0,0,0,0,0,0,0,0,0,0,0,0,0,0,0,0,0,0,0,0,0,0,0,0,0,0,0,0,0,0,0,0,0,0,0,0,0,0,0,0,0,0,0,0,0,0,0,0,0,0,0,0,0,0,0,0,0,0,0,0,0,0,0,0,0,0,0,0,0,0,0,0,0,0,0,0,0,0,0,0,0,0,0,0,0,0,0,0,0,0,0,0,0,0,0,0,0,0,0,0,0,0,0,0,0,0,0,0,0,0,0,0,0,0,0,0,0,0,0,0,0,0,0,0,0,0,0,0,0,0,0,0,0,0,0,0,0,0,0,0,0,0,0,0,0,0,0,0,0,0,0,0,0,0,0
0,0,0,0,0,0,0,0,0,0,0,0,0,0,0,0,0,0,0,0,0,0,0,0,0,0,0,0,0,0,0,0,0,0,0,0,0,0,0,0,0,0,0,0,0,0,0,0,0,0,0,0,0,0,0,0,0,0,0,0,0,0,0,0,0,0,0,0,0,0,0,0,0,0,0,0,0,0,0,0,0,0,0,0,0,0,0,0,0,0,0,0,0,0,0,0,0,0,0,0,0,0,0,0,0,0,0,0,0,0,0,0,0,0,0,0,0,0,0,0,0,0,0,0,0,0,0,0,0,0,0,0,0,0,0,0,0,0,0,0,0,0,0,0,0,0,0,0,0,0,0,0,0,0,0,0,0,0,0,0,0,0,0,0,0,0,0,0,0,0,0,0,0,0,0,0,0,0,0,0,0,0,0,0,0,0,0,0,0,0,0,0,0,0,0,0,0,0
0,0,0,0,0,0,0,0,0,0,0,0,0,0,0,0,0,0,0,0,0,0,0,0,0,0,0,0,0,0,0,0,0,0,0,0,0,0,0,0,0,0,0,0,0,0,0,0,0,0,0,0,0,0,0,0,0,0,0,0,0,0,0,0,0,0,0,0,0,0,0,0,0,0,0,0,0,0,0,0,0,0,0,0,0,0,0,0,0,0,0,0,0,0,0,0,0,0,0,0,0,0,0,0,0,0,0,0,0,0,0,0,0,0,0,0,0,0,0,0,0,0,0,0,0,0,0,0,0,0,0,0,0,0,0,0,0,0,0,0,0,0,0,0,0,0,0,0,0,0,0,0,0,0,0,0,0,0,0,0,0,0,0,0,0,0,0,0,0,0,0,0,0,0,0,0,0,0,0,0,0,0,0,0,0,0,0,0,0,0,0,0,0,0,0,0,0,0
0,0,0,0,0,0,0,0,0,0,0,0,0,0,0,0,0,0,0,0,0,0,0,0,0,0,0,0,0,0,0,0,0,0,0,0,0,0,0,0,0,0,0,0,0,0,0,0,0,0,0,0,0,0,0,0,0,0,0,0,0,0,0,0,0,0,0,0,0,0,0,0,0,0,0,0,0,0,0,0,0,0,0,0,0,0,0,0,0,0,0,0,0,0,0,0,0,0,0,0,0,0,0,0,0,0,0,0,0,0,0,0,0,0,0,0,0,0,0,0,0,0,0,0,0,0,0,0,0,0,0,0,0,0,0,0,0,0,0,0,0,0,0,0,0,0,0,0,0,0,0,0,0,0,0,0,0,0,0,0,0,0,0,0,0,0,0,0,0,0,0,0,0,0,0,0,0,0,0,0,0,0,0,0,0,0,0,0,0,0,0,0,0,0,0,0,0,0
0,0,0,0,0,0,0,0,0,0,0,0,0,0,0,0,0,0,0,0,0,0,0,0,0,0,0,0,0,0,0,0,0,0,0,0,0,0,0,0,0,0,0,0,0,0,0,0,0,0,0,0,0,0,0,0,0,0,0,0,0,0,0,0,0,0,0,0,0,0,0,0,0,0,0,0,0,0,0,0,0,0,0,0,0,0,0,0,0,0,0,0,0,0,0,0,0,0,0,0,0,0,0,0,0,0,0,0,0,0,0,0,0,0,0,0,0,0,0,0,0,0,0,0,0,0,0,0,0,0,0,0,0,0,0,0,0,0,0,0,0,0,0,0,0,0,0,0,0,0,0,0,0,0,0,0,0,0,0,0,0,0,0,0,0,0,0,0,0,0,0,0,0,0,0,0,0,0,0,0,0,0,0,0,0,0,0,0,0,0,0,0,0,0,0,0,0,0
0,0,0,0,0,0,0,0,0,0,0,0,0,0,0,0,0,0,0,0,0,0,0,0,0,0,0,0,0,0,0,0,0,0,0,0,0,0,0,0,0,0,0,0,0,0,0,0,0,0,0,0,0,0,0,0,0,0,0,0,0,0,0,0,0,0,0,0,0,0,0,0,0,0,0,0,0,0,0,0,0,0,0,0,0,0,0,0,0,0,0,0,0,0,0,0,0,0,0,0,0,0,0,0,0,0,0,0,0,0,0,0,0,0,0,0,0,0,0,0,0,0,0,0,0,0,0,0,0,0,0,0,0,0,0,0,0,0,0,0,0,0,0,0,0,0,0,0,0,0,0,0,0,0,0,0,0,0,0,0,0,0,0,0,0,0,0,0,0,0,0,0,0,0,0,0,0,0,0,0,0,0,0,0,0,0,0,0,0,0,0,0,0,0,0,0,0,0
0,0,0,0,0,0,0,0,0,0,0,0,0,0,0,0,0,0,0,0,0,0,0,0,0,0,0,0,0,0,0,0,0,0,0,0,0,0,0,0,0,0,0,0,0,0,0,0,0,0,0,0,0,0,0,0,0,0,0,0,0,0,0,0,0,0,0,0,0,0,0,0,0,0,0,0,0,0,0,0,0,0,0,0,0,0,0,0,0,0,0,0,0,0,0,0,0,0,0,0,0,0,0,0,0,0,0,0,0,0,0,0,0,0,0,0,0,0,0,0,0,0,0,0,0,0,0,0,0,0,0,0,0,0,0,0,0,0,0,0,0,0,0,0,0,0,0,0,0,0,0,0,0,0,0,0,0,0,0,0,0,0,0,0,0,0,0,0,0,0,0,0,0,0,0,0,0,0,0,0,0,0,0,0,0,0,0,0,0,0,0,0,0,0,0,0,0,0
0,0,0,0,0,0,0,0,0,0,0,0,0,0,0,0,0,0,0,0,0,0,0,0,0,0,0,0,0,0,0,0,0,0,0,0,0,0,0,0,0,0,0,0,0,0,0,0,0,0,0,0,0,0,0,0,0,0,0,0,0,0,0,0,0,0,0,0,0,0,0,0,0,0,0,0,0,0,0,0,0,0,0,0,0,0,0,0,0,0,0,0,0,0,0,0,0,0,0,0,0,0,0,0,0,0,0,0,0,0,0,0,0,0,0,0,0,0,0,0,0,0,0,0,0,0,0,0,0,0,0,0,0,0,0,0,0,0,0,0,0,0,0,0,0,0,0,0,0,0,0,0,0,0,0,0,0,0,0,0,0,0,0,0,0,0,0,0,0,0,0,0,0,0,0,0,0,0,0,0,0,0,0,0,0,0,0,0,0,0,0,0,0,0,0,0,0,0
0,0,0,0,0,0,0,0,0,0,0,0,0,0,0,0,0,0,0,0,0,0,0,0,0,0,0,0,0,0,0,0,0,0,0,0,0,0,0,0,0,0,0,0,0,0,0,0,0,0,0,0,0,0,0,0,0,0,0,0,0,0,0,0,0,0,0,0,0,0,0,0,0,0,0,0,0,0,0,0,0,0,0,0,0,0,0,0,0,0,0,0,0,0,0,0,0,0,0,0,0,0,0,0,0,0,0,0,0,0,0,0,0,0,0,0,0,0,0,0,0,0,0,0,0,0,0,0,0,0,0,0,0,0,0,0,0,0,0,0,0,0,0,0,0,0,0,0,0,0,0,0,0,0,0,0,0,0,0,0,0,0,0,0,0,0,0,0,0,0,0,0,0,0,0,0,0,0,0,0,0,0,0,0,0,0,0,0,0,0,0,0,0,0,0,0,0,0
0,0,0,0,0,0,0,0,0,0,0,0,0,0,0,0,-0.4360931,-0.4360931,-0.4360931,-0.4360931,-0.4360931,-0.4360931,-0.4360931,-0.4360931,-0.4360931,-0.4360931,-0.4360931,-0.4360931,-0.4360931,-0.4360931,-0.4360931,-0.4360931,-0.4360931,-0.4360931,-0.4360931,-0.4360931,-0.4360931,-0.4360931,-0.4360931,-0.4360931,-0.4360931,-0.4360931,-0.4360931,-0.4360931,-0.4360931,-0.4360931,-0.4360931,-0.4360931,-0.4360931,-0.4360931,-0.4360931,-0.4360931,-0.4360931,-0.4360931,-0.4360931,-0.4360931,-0.4360931,-0.4360931,-0.4360931,-0.4360931,-0.4360931,-0.4360931,-0.4360931,-0.4360931,-0.4360931,-0.4360931,-0.4360931,-0.4360931,-0.4360931,-0.4360931,-0.4360931,-0.4360931,-0.4360931,-0.4360931,-0.4360931,-0.4360931,-0.4360931,-0.4360931,-0.4360931,-0.4360931,-0.4360931,-0.4360931,-0.4360931,-0.4360931,-0.4360931,-0.4360931,-0.4360931,-0.4360931,-0.4360931,-0.4360931,-0.4360931,-0.4360931,-0.4360931,-0.4360931,-0.4360931,-0.4360931,-0.4360931,-0.4360931,-0.4360931,-0.4360931,-0.4360931,-0.4360931,-0.4360931,-0.4360931,-0.4360931,-0.4360931,-0.4360931,-0.4360931,-0.4360931,-0.4360931,-0.4360931,-0.4360931,-0.4360931,-0.4360931,-0.4360931,-0.4360931,-0.4360931,-0.4360931,-0.4360931,-0.4360931,-0.4360931,-0.4360931,-0.4360931,-0.4360931,-0.4360931,-0.4360931,-0.4360931,-0.4360931,-0.4360931,-0.4360931,-0.4360931,-0.4360931,-0.4360931,-0.4360931,-0.4360931,-0.4360931,-0.4360931,-0.4360931,-0.4360931,-0.4360931,-0.4360931,-0.4360931,-0.4360931,-0.4360931,-0.4360931,-0.4360931,-0.4360931,-0.4360931,-0.4360931,-0.4360931,-0.4360931,-0.4360931,-0.4360931,-0.4360931,-0.4360931,-0.4360931,-0.4360931,-0.4360931,-0.4360931,-0.4360931,-0.4360931,-0.4360931,-0.4360931,-0.4360931,-0.4360931,-0.4360931,-0.4360931,-0.4360931,-0.4360931,-0.4360931,-0.4360931,-0.4360931,-0.4360931,-0.4360931,-0.4360931,-0.4360931,-0.4360931,-0.4360931,-0.4360931,-0.4360931,-0.4360931,-0.4360931,-0.4360931,-0.4360931,-0.4360931,-0.4360931,-0.4360931,-0.4360931,-0.4360931,-0.4360931,-0.4360931,-0.4360931,-0.4360931,-0.4360931,-0.4360931,-0.4360931,-0.4360931,0
0,-0.4360931,-0.4360931,-0.4360931,-0.4360931,-0.4360931,-0.4360931,-0.4360931,-0.4360931,-0.4360931,-0.4360931,-0.4360931,-0.4360931,-0.4360931,-0.4360931,-0.4360931,-0.4360931,-0.4360931,-0.4360931,-0.4360931,-0.4360931,-0.4360931,-0.4360931,-0.4360931,-0.4360931,-0.4360931,-0.4360931,-0.4360931,-0.4360931,-0.4360931,-0.4360931,-0.4360931,-0.4360931,-0.4360931,-0.4360931,-0.4360931,-0.4360931,-0.4360931,-0.4360931,-0.4360931,-0.4360931,-0.4360931,-0.4360931,-0.4360931,-0.4360931,-0.4360931,-0.4360931,-0.4360931,-0.4360931,-0.4360931,-0.4360931,-0.4360931,-0.4360931,-0.4360931,-0.4360931,-0.4360931,-0.4360931,-0.4360931,-0.4360931,-0.4360931,-0.4360931,-0.4360931,-0.4360931,-0.4360931,-0.4360931,-0.4360931,-0.4360931,-0.4360931,-0.4360931,-0.4360931,-0.4360931,-0.4360931,-0.4360931,-0.4360931,-0.4360931,-0.4360931,-0.4360931,-0.4360931,-0.4360931,-0.4360931,-0.4360931,-0.4360931,-0.4360931,-0.4360931,-0.4360931,-0.4360931,-0.4360931,-0.4360931,-0.4360931,-0.4360931,-0.4360931,-0.4360931,-0.4360931,-0.4360931,-0.4360931,-0.4360931,-0.4360931,-0.4360931,-0.4360931,-0.4360931,-0.4360931,-0.4360931,-0.4360931,-0.4360931,-0.4360931,-0.4360931,-0.4360931,-0.4360931,-0.4360931,-0.4360931,-0.4360931,-0.4360931,-0.4360931,-0.4360931,-0.4360931,-0.4360931,-0.4360931,-0.4360931,-0.4360931,-0.4360931,-0.4360931,-0.4360931,-0.4360931,-0.4360931,-0.4360931,-0.4360931,-0.4360931,-0.4360931,-0.4360931,-0.4360931,-0.4360931,-0.4360931,-0.4360931,-0.4360931,-0.4360931,-0.4360931,-0.4360931,-0.4360931,-0.4360931,-0.4360931,-0.4360931,-0.4360931,-0.4360931,-0.4360931,-0.4360931,-0.4360931,-0.4360931,-0.4360931,-0.4360931,-0.4360931,-0.4360931,-0.4360931,-0.4360931,-0.4360931,-0.4360931,-0.4360931,-0.4360931,-0.4360931,-0.4360931,-0.4360931,-0.4360931,-0.4360931,-0.4360931,-0.4360931,-0.4360931,-0.4360931,-0.4360931,-0.4360931,-0.4360931,-0.4360931,-0.4360931,-0.4360931,-0.4360931,-0.4360931,-0.4360931,-0.4360931,-0.4360931,-0.4360931,-0.4360931,-0.4360931,-0.4360931,-0.4360931,-0.4360931,-0.4360931,-0.4360931,-0.4360931,-0.4360931,-0.4360931,-0.4360931,-0.4360931,-0.4360931,-0.4360931,-0.4360931,-0.4360931,-0.4360931,-0.4360931,-0.4360931,0
0,-0.4360931,-0.4360931,-0.4360931,-0.4360931,-0.4360931,-0.4360931,-0.4360931,-0.4360931,-0.4360931,-0.4360931,-0.4360931,-0.4360931,-0.4360931,-0.4360931,-0.4360931,-0.4360931,-0.4360931,-0.4360931,-0.4360931,-0.4360931,-0.4360931,-0.4360931,-0.4360931,-0.4360931,-0.4360931,-0.4360931,-0.4360931,-0.4360931,-0.4360931,-0.4360931,-0.4360931,-0.4360931,-0.4360931,-0.4360931,-0.4360931,-0.4360931,-0.4360931,-0.4360931,-0.4360931,-0.4360931,-0.4360931,-0.4360931,-0.4360931,-0.4360931,-0.4360931,-0.4360931,-0.4360931,-0.4360931,-0.4360931,-0.4360931,-0.4360931,-0.4360931,-0.4360931,-0.4360931,-0.4360931,-0.4360931,-0.4360931,-0.4360931,-0.4360931,-0.4360931,-0.4360931,-0.4360931,-0.4360931,-0.4360931,-0.4360931,-0.4360931,-0.4360931,-0.4360931,-0.4360931,-0.4360931,-0.4360931,-0.4360931,-0.4360931,-0.4360931,-0.4360931,-0.4360931,-0.4360931,-0.4360931,-0.4360931,-0.4360931,-0.4360931,-0.4360931,-0.4360931,-0.4360931,-0.4360931,-0.4360931,-0.4360931,-0.4360931,-0.4360931,-0.4360931,-0.4360931,-0.4360931,-0.4360931,-0.4360931,-0.4360931,-0.4360931,-0.4360931,-0.4360931,-0.4360931,-0.4360931,-0.4360931,-0.4360931,-0.4360931,-0.4360931,-0.4360931,-0.4360931,-0.4360931,-0.4360931,-0.4360931,-0.4360931,-0.4360931,-0.4360931,-0.4360931,-0.4360931,-0.4360931,-0.4360931,-0.4360931,-0.4360931,-0.4360931,-0.4360931,-0.4360931,-0.4360931,-0.4360931,-0.4360931,-0.4360931,-0.4360931,-0.4360931,-0.4360931,-0.4360931,-0.4360931,-0.4360931,-0.4360931,-0.4360931,-0.4360931,-0.4360931,-0.4360931,-0.4360931,-0.4360931,-0.4360931,-0.4360931,-0.4360931,-0.4360931,-0.4360931,-0.4360931,-0.4360931,-0.4360931,-0.4360931,-0.4360931,-0.4360931,-0.4360931,-0.4360931,-0.4360931,-0.4360931,-0.4360931,-0.4360931,-0.4360931,-0.4360931,-0.4360931,-0.4360931,-0.4360931,-0.4360931,-0.4360931,-0.4360931,-0.4360931,-0.4360931,-0.4360931,-0.4360931,-0.4360931,-0.4360931,-0.4360931,-0.4360931,-0.4360931,-0.4360931,-0.4360931,-0.4360931,-0.4360931,-0.4360931,-0.4360931,-0.4360931,-0.4360931,-0.4360931,-0.4360931,-0.4360931,-0.4360931,-0.4360931,-0.4360931,-0.4360931,-0.4360931,-0.4360931,-0.4360931,-0.4360931,-0.4360931,-0.4360931,-0.4360931,-0.4360931,-0.4360931,0
0,-0.4360931,-0.4360931,-0.4360931,-0.4360931,-0.4360931,-0.4360931,-0.4360931,-0.4360931,-0.4360931,-0.4360931,-0.4360931,-0.4360931,-0.4360931,-0.4360931,-0.4360931,-0.4360931,-0.4360931,-0.4360931,-0.4360931,-0.4360931,-0.4360931,-0.4360931,-0.4360931,-0.4360931,-0.4360931,-0.4360931,-0.4360931,-0.4360931,-0.4360931,-0.4360931,-0.4360931,-0.4360931,-0.4360931,-0.4360931,-0.4360931,-0.4360931,-0.4360931,-0.4360931,-0.4360931,-0.4360931,-0.4360931,-0.4360931,-0.4360931,-0.4360931,-0.4360931,-0.4360931,-0.4360931,-0.4360931,-0.4360931,-0.4360931,-0.4360931,-0.4360931,-0.4360931,-0.4360931,-0.4360931,-0.4360931,-0.4360931,-0.4360931,-0.4360931,-0.4360931,-0.4360931,-0.4360931,-0.4360931,-0.4360931,-0.4360931,-0.4360931,-0.4360931,-0.4360931,-0.4360931,-0.4360931,-0.4360931,-0.4360931,-0.4360931,-0.4360931,-0.4360931,-0.4360931,-0.4360931,-0.4360931,-0.4360931,-0.4360931,-0.4360931,-0.4360931,-0.4360931,-0.4360931,-0.4360931,-0.4360931,-0.4360931,-0.4360931,-0.4360931,-0.4360931,-0.4360931,-0.4360931,-0.4360931,-0.4360931,-0.4360931,-0.4360931,-0.4360931,-0.4360931,-0.4360931,-0.4360931,-0.4360931,-0.4360931,-0.4360931,-0.4360931,-0.4360931,-0.4360931,-0.4360931,-0.4360931,-0.4360931,-0.4360931,-0.4360931,-0.4360931,-0.4360931,-0.4360931,-0.4360931,-0.4360931,-0.4360931,-0.4360931,-0.4360931,-0.4360931,-0.4360931,-0.4360931,-0.4360931,-0.4360931,-0.4360931,-0.4360931,-0.4360931,-0.4360931,-0.4360931,-0.4360931,-0.4360931,-0.4360931,-0.4360931,-0.4360931,-0.4360931,-0.4360931,-0.4360931,-0.4360931,-0.4360931,-0.4360931,-0.4360931,-0.4360931,-0.4360931,-0.4360931,-0.4360931,-0.4360931,-0.4360931,-0.4360931,-0.4360931,-0.4360931,-0.4360931,-0.4360931,-0.4360931,-0.4360931,-0.4360931,-0.4360931,-0.4360931,-0.4360931,-0.4360931,-0.4360931,-0.4360931,-0.4360931,-0.4360931,-0.4360931,-0.4360931,-0.4360931,-0.4360931,-0.4360931,-0.4360931,-0.4360931,-0.4360931,-0.4360931,-0.4360931,-0.4360931,-0.4360931,-0.4360931,-0.4360931,-0.4360931,-0.4360931,-0.4360931,-0.4360931,-0.4360931,-0.4360931,-0.4360931,-0.4360931,-0.4360931,-0.4360931,-0.4360931,-0.4360931,-0.4360931,-0.4360931,-0.4360931,-0.4360931,-0.4360931,-0.4360931,-0.4360931,0
0,-0.4360931,-0.4360931,-0.4360931,-0.4360931,-0.4360931,-0.4360931,-0.4360931,-0.4360931,-0.4360931,-0.4360931,-0.4360931,-0.4360931,-0.4360931,-0.4360931,-0.4360931,-0.4360931,-0.4360931,-0.4360931,-0.4360931,-0.4360931,-0.4360931,-0.4360931,-0.4360931,-0.4360931,-0.4360931,-0.4360931,-0.4360931,-0.4360931,-0.4360931,-0.4360931,-0.4360931,-0.4360931,-0.4360931,-0.4360931,-0.4360931,-0.4360931,-0.4360931,-0.4360931,-0.4360931,-0.4360931,-0.4360931,-0.4360931,-0.4360931,-0.4360931,-0.4360931,-0.4360931,-0.4360931,-0.4360931,-0.4360931,-0.4360931,-0.4360931,-0.4360931,-0.4360931,-0.4360931,-0.4360931,-0.4360931,-0.4360931,-0.4360931,-0.4360931,-0.4360931,-0.4360931,-0.4360931,-0.4360931,-0.4360931,-0.4360931,-0.4360931,-0.4360931,-0.4360931,-0.4360931,-0.4360931,-0.4360931,-0.4360931,-0.4360931,-0.4360931,-0.4360931,-0.4360931,-0.4360931,-0.4360931,-0.4360931,-0.4360931,-0.4360931,-0.4360931,-0.4360931,-0.4360931,-0.4360931,-0.4360931,-0.4360931,-0.4360931,-0.4360931,-0.4360931,-0.4360931,-0.4360931,-0.4360931,-0.4360931,-0.4360931,-0.4360931,-0.4360931,-0.4360931,-0.4360931,-0.4360931,-0.4360931,-0.4360931,-0.4360931,-0.4360931,-0.4360931,-0.4360931,-0.4360931,-0.4360931,-0.4360931,-0.4360931,-0.4360931,-0.4360931,-0.4360931,-0.4360931,-0.4360931,-0.4360931,-0.4360931,-0.4360931,-0.4360931,-0.4360931,-0.4360931,-0.4360931,-0.4360931,-0.4360931,-0.4360931,-0.4360931,-0.4360931,-0.4360931,-0.4360931,-0.4360931,-0.4360931,-0.4360931,-0.4360931,-0.4360931,-0.4360931,-0.4360931,-0.4360931,-0.4360931,-0.4360931,-0.4360931,-0.4360931,-0.4360931,-0.4360931,-0.4360931,-0.4360931,-0.4360931,-0.4360931,-0.4360931,-0.4360931,-0.4360931,-0.4360931,-0.4360931,-0.4360931,-0.4360931,-0.4360931,-0.4360931,-0.4360931,-0.4360931,-0.4360931,-0.4360931,-0.4360931,-0.4360931,-0.4360931,-0.4360931,-0.4360931,-0.4360931,-0.4360931,-0.4360931,-0.4360931,-0.4360931,-0.4360931,-0.4360931,-0.4360931,-0.4360931,-0.4360931,-0.4360931,-0.4360931,-0.4360931,-0.4360931,-0.4360931,-0.4360931,-0.4360931,-0.4360931,-0.4360931,-0.4360931,-0.4360931,-0.4360931,-0.4360931,-0.4360931,-0.4360931,-0.4360931,-0.4360931,-0.4360931,-0.4360931,-0.4360931,-0.4360931,0
0,-0.4360931,-0.4360931,-0.4360931,-0.4360931,-0.4360931,-0.4360931,-0.4360931,-0.4360931,-0.4360931,-0.4360931,-0.4360931,-0.4360931,-0.4360931,-0.4360931,-0.4360931,-0.4360931,-0.4360931,-0.4360931,-0.4360931,-0.4360931,-0.4360931,-0.4360931,-0.4360931,-0.4360931,-0.4360931,-0.4360931,-0.4360931,-0.4360931,-0.4360931,-0.4360931,-0.4360931,-0.4360931,-0.4360931,-0.4360931,-0.4360931,-0.4360931,-0.4360931,-0.4360931,-0.4360931,-0.4360931,-0.4360931,-0.4360931,-0.4360931,-0.4360931,-0.4360931,-0.4360931,-0.4360931,-0.4360931,-0.4360931,-0.4360931,-0.4360931,-0.4360931,-0.4360931,-0.4360931,-0.4360931,-0.4360931,-0.4360931,-0.4360931,-0.4360931,-0.4360931,-0.4360931,-0.4360931,-0.4360931,-0.4360931,-0.4360931,-0.4360931,-0.4360931,-0.4360931,-0.4360931,-0.4360931,-0.4360931,-0.4360931,-0.4360931,-0.4360931,-0.4360931,-0.4360931,-0.4360931,-0.4360931,-0.4360931,-0.4360931,-0.4360931,-0.4360931,-0.4360931,-0.4360931,-0.4360931,-0.4360931,-0.4360931,-0.4360931,-0.4360931,-0.4360931,-0.4360931,-0.4360931,-0.4360931,-0.4360931,-0.4360931,-0.4360931,-0.4360931,-0.4360931,-0.4360931,-0.4360931,-0.4360931,-0.4360931,-0.4360931,-0.4360931,-0.4360931,-0.4360931,-0.4360931,-0.4360931,-0.4360931,-0.4360931,-0.4360931,-0.4360931,-0.4360931,-0.4360931,-0.4360931,-0.4360931,-0.4360931,-0.4360931,-0.4360931,-0.4360931,-0.4360931,-0.4360931,-0.4360931,-0.4360931,-0.4360931,-0.4360931,-0.4360931,-0.4360931,-0.4360931,-0.4360931,-0.4360931,-0.4360931,-0.4360931,-0.4360931,-0.4360931,-0.4360931,-0.4360931,-0.4360931,-0.4360931,-0.4360931,-0.4360931,-0.4360931,-0.4360931,-0.4360931,-0.4360931,-0.4360931,-0.4360931,-0.4360931,-0.4360931,-0.4360931,-0.4360931,-0.4360931,-0.4360931,-0.4360931,-0.4360931,-0.4360931,-0.4360931,-0.4360931,-0.4360931,-0.4360931,-0.4360931,-0.4360931,-0.4360931,-0.4360931,-0.4360931,-0.4360931,-0.4360931,-0.4360931,-0.4360931,-0.4360931,-0.4360931,-0.4360931,-0.4360931,-0.4360931,-0.4360931,-0.4360931,-0.4360931,-0.4360931,-0.4360931,-0.4360931,-0.4360931,-0.4360931,-0.4360931,-0.4360931,-0.4360931,-0.4360931,-0.4360931,-0.4360931,-0.4360931,-0.4360931,-0.4360931,-0.4360931,-0.4360931,-0.4360931,-0.4360931,-0.4360931,0
0,-0.4360931,-0.4360931,-0.4360931,-0.4360931,-0.4360931,-0.4360931,-0.4360931,-0.4360931,-0.4360931,-0.4360931,-0.4360931,-0.4360931,-0.4360931,-0.4360931,-0.4360931,-0.4360931,-0.4360931,-0.4360931,-0.4360931,-0.4360931,-0.4360931,-0.4360931,-0.4360931,-0.4360931,-0.4360931,-0.4360931,-0.4360931,-0.4360931,-0.4360931,-0.4360931,-0.4360931,-0.4360931,-0.4360931,-0.4360931,-0.4360931,-0.4360931,-0.4360931,-0.4360931,-0.4360931,-0.4360931,-0.4360931,-0.4360931,-0.4360931,-0.4360931,-0.4360931,-0.4360931,-0.4360931,-0.4360931,-0.4360931,-0.4360931,-0.4360931,-0.4360931,-0.4360931,-0.4360931,-0.4360931,-0.4360931,-0.4360931,-0.4360931,-0.4360931,-0.4360931,-0.4360931,-0.4360931,-0.4360931,-0.4360931,-0.4360931,-0.4360931,-0.4360931,-0.4360931,-0.4360931,-0.4360931,-0.4360931,-0.4360931,-0.4360931,-0.4360931,-0.4360931,-0.4360931,-0.4360931,-0.4360931,-0.4360931,-0.4360931,-0.4360931,-0.4360931,-0.4360931,-0.4360931,-0.4360931,-0.4360931,-0.4360931,-0.4360931,-0.4360931,-0.4360931,-0.4360931,-0.4360931,-0.4360931,-0.4360931,-0.4360931,-0.4360931,-0.4360931,-0.4360931,-0.4360931,-0.4360931,-0.4360931,-0.4360931,-0.4360931,-0.4360931,-0.4360931,-0.4360931,-0.4360931,-0.4360931,-0.4360931,-0.4360931,-0.4360931,-0.4360931,-0.4360931,-0.4360931,-0.4360931,-0.4360931,-0.4360931,-0.4360931,-0.4360931,-0.4360931,-0.4360931,-0.4360931,-0.4360931,-0.4360931,-0.4360931,-0.4360931,-0.4360931,-0.4360931,-0.4360931,-0.4360931,-0.4360931,-0.4360931,-0.4360931,-0.4360931,-0.4360931,-0.4360931,-0.4360931,-0.4360931,-0.4360931,-0.4360931,-0.4360931,-0.4360931,-0.4360931,-0.4360931,-0.4360931,-0.4360931,-0.4360931,-0.4360931,-0.4360931,-0.4360931,-0.4360931,-0.4360931,-0.4360931,-0.4360931,-0.4360931,-0.4360931,-0.4360931,-0.4360931,-0.4360931,-0.4360931,-0.4360931,-0.4360931,-0.4360931,-0.4360931,-0.4360931,-0.4360931,-0.4360931,-0.4360931,-0.4360931,-0.4360931,-0.4360931,-0.4360931,-0.4360931,-0.4360931,-0.4360931,-0.4360931,-0.4360931,-0.4360931,-0.4360931,-0.4360931,-0.4360931,-0.4360931,-0.4360931,-0.4360931,-0.4360931,-0.4360931,-0.4360931,-0.4360931,-0.4360931,-0.4360931,-0.4360931,-0.4360931,-0.4360931,-0.4360931,-0.4360931,-0.4360931,0
0,-0.4360931,-0.4360931,-0.4360931,-0.4360931,-0.4360931,-0.4360931,-0.4360931,-0.4360931,-0.4360931,-0.4360931,-0.4360931,-0.4360931,-0.4360931,-0.4360931,-0.4360931,-0.4360931,-0.4360931,-0.4360931,-0.4360931,-0.4360931,-0.4360931,-0.4360931,-0.4360931,-0.4360931,-0.4360931,-0.4360931,-0.4360931,-0.4360931,-0.4360931,-0.4360931,-0.4360931,-0.4360931,-0.4360931,-0.4360931,-0.4360931,-0.4360931,-0.4360931,-0.4360931,-0.4360931,-0.4360931,-0.4360931,-0.4360931,-0.4360931,-0.4360931,-0.4360931,-0.4360931,-0.4360931,-0.4360931,-0.4360931,-0.4360931,-0.4360931,-0.4360931,-0.4360931,-0.4360931,-0.4360931,-0.4360931,-0.4360931,-0.4360931,-0.4360931,-0.4360931,-0.4360931,-0.4360931,-0.4360931,-0.4360931,-0.4360931,-0.4360931,-0.4360931,-0.4360931,-0.4360931,-0.4360931,-0.4360931,-0.4360931,-0.4360931,-0.4360931,-0.4360931,-0.4360931,-0.4360931,-0.4360931,-0.4360931,-0.4360931,-0.4360931,-0.4360931,-0.4360931,-0.4360931,-0.4360931,-0.4360931,-0.4360931,-0.4360931,-0.4360931,-0.4360931,-0.4360931,-0.4360931,-0.4360931,-0.4360931,-0.4360931,-0.4360931,-0.4360931,-0.4360931,-0.4360931,-0.4360931,-0.4360931,-0.4360931,-0.4360931,-0.4360931,-0.4360931,-0.4360931,-0.4360931,-0.4360931,-0.4360931,-0.4360931,-0.4360931,-0.4360931,-0.4360931,-0.4360931,-0.4360931,-0.4360931,-0.4360931,-0.4360931,-0.4360931,-0.4360931,-0.4360931,-0.4360931,-0.4360931,-0.4360931,-0.4360931,-0.4360931,-0.4360931,-0.4360931,-0.4360931,-0.4360931,-0.4360931,-0.4360931,-0.4360931,-0.4360931,-0.4360931,-0.4360931,-0.4360931,-0.4360931,-0.4360931,-0.4360931,-0.4360931,-0.4360931,-0.4360931,-0.4360931,-0.4360931,-0.4360931,-0.4360931,-0.4360931,-0.4360931,-0.4360931,-0.4360931,-0.4360931,-0.4360931,-0.4360931,-0.4360931,-0.4360931,-0.4360931,-0.4360931,-0.4360931,-0.4360931,-0.4360931,-0.4360931,-0.4360931,-0.4360931,-0.4360931,-0.4360931,-0.4360931,-0.4360931,-0.4360931,-0.4360931,-0.4360931,-0.4360931,-0.4360931,-0.4360931,-0.4360931,-0.4360931,-0.4360931,-0.4360931,-0.4360931,-0.4360931,-0.4360931,-0.4360931,-0.4360931,-0.4360931,-0.4360931,-0.4360931,-0.4360931,-0.4360931,-0.4360931,-0.4360931,-0.4360931,-0.4360931,-0.4360931,-0.4360931,-0.4360931,-0.4360931,0
0,-0.4360931,-0.4360931,-0.4360931,-0.4360931,-0.4360931,-0.4360931,-0.4360931,-0.4360931,-0.4360931,-0.4360931,-0.4360931,-0.4360931,-0.4360931,-0.4360931,-0.4360931,-0.4360931,-0.4360931,-0.4360931,-0.4360931,-0.4360931,-0.4360931,-0.4360931,-0.4360931,-0.4360931,-0.4360931,-0.4360931,-0.4360931,-0.4360931,-0.4360931,-0.4360931,-0.4360931,-0.4360931,-0.4360931,-0.4360931,-0.4360931,-0.4360931,-0.4360931,-0.4360931,-0.4360931,-0.4360931,0.4468673,0.4468673,0.4468673,0.4468673,0.4468673,0.4468673,0.4468673,0.4468673,0.4468673,0.4468673,0.4468673,0.4468673,0.4468673,0.4468673,0.4468673,0.4468673,0.4468673,0.4468673,0.4468673,0.4468673,0.4468673,0.4468673,0.4468673,0.4468673,0.4468673,0.4468673,0.4468673,0.4468673,0.4468673,0.4468673,0.4468673,0.4468673,0.4468673,0.4468673,0.4468673,0.4468673,0.4468673,0.4468673,0.4468673,0.4468673,0.4468673,0.4468673,0.4468673,0.4468673,0.4468673,0.4468673,0.4468673,0.4468673,0.4468673,0.4468673,0.4468673,0.4468673,0.4468673,0.4468673,0.4468673,0.4468673,0.4468673,0.4468673,0.4468673,0.4468673,0.4468673,0.4468673,0.4468673,0.4468673,0.4468673,0.4468673,0.4468673,0.4468673,0.4468673,0.4468673,0.4468673,0.4468673,0.4468673,0.4468673,0.4468673,0.4468673,0.4468673,0.4468673,0.4468673,0.4468673,0.4468673,0.4468673,0.4468673,0.4468673,0.4468673,0.4468673,0.4468673,0.4468673,0.4468673,0.4468673,0.4468673,0.4468673,0.4468673,0.4468673,0.4468673,0.4468673,0.4468673,0.4468673,0.4468673,0.4468673,0.4468673,0.4468673,0.4468673,0.4468673,0.4468673,0.4468673,0.4468673,0.4468673,0.4468673,0.4468673,0.4468673,0.4468673,0.4468673,0.4468673,0.4468673,0.4468673,0.4468673,0.4468673,0.4468673,0.4468673,0.4468673,0.4468673,0.4468673,0.4468673,0.4468673,0.4468673,0.4468673,0.4468673,0.4468673,0.4468673,0.4468673,0.4468673,0.4468673,0.4468673,0.4468673,0.4468673,0.4468673,0.4468673,0.4468673,0.4468673,0.4468673,0.4468673,0.4468673,0.4468673,0.4468673,0.4468673,0.4468673,0.4468673,0.4468673,0.4468673,0.4468673,0.4468673,0.4468673,0.4468673,0.4468673,0.4468673,0
0,0.4468673,0.4468673,0.4468673,0.4468673,0.4468673,0.4468673,0.4468673,0.4468673,0.4468673,0.4468673,0.4468673,0.4468673,0.4468673,0.4468673,0.4468673,0.4468673,0.4468673,0.4468673,0.4468673,0.4468673,0.4468673,0.4468673,0.4468673,0.4468673,0.4468673,0.4468673,0.4468673,0.4468673,0.4468673,0.4468673,0.4468673,0.4468673,0.4468673,0.4468673,0.4468673,0.4468673,0.4468673,0.4468673,0.4468673,0.4468673,0.4468673,0.4468673,0.4468673,0.4468673,0.4468673,0.4468673,0.4468673,0.4468673,0.4468673,0.4468673,0.4468673,0.4468673,0.4468673,0.4468673,0.4468673,0.4468673,0.4468673,0.4468673,0.4468673,0.4468673,0.4468673,0.4468673,0.4468673,0.4468673,0.4468673,0.4468673,0.4468673,0.4468673,0.4468673,0.4468673,0.4468673,0.4468673,0.4468673,0.4468673,0.4468673,0.4468673,0.4468673,0.4468673,0.4468673,0.4468673,0.4468673,0.4468673,0.4468673,0.4468673,0.4468673,0.4468673,0.4468673,0.4468673,0.4468673,0.4468673,0.4468673,0.4468673,0.4468673,0.4468673,0.4468673,0.4468673,0.4468673,0.4468673,0.4468673,0.4468673,0.4468673,0.4468673,0.4468673,0.4468673,0.4468673,0.4468673,0.4468673,0.4468673,0.4468673,0.4468673,0.4468673,0.4468673,0.4468673,0.4468673,0.4468673,0.4468673,0.4468673,0.4468673,0.4468673,0.4468673,0.4468673,0.4468673,0.4468673,0.4468673,0.4468673,0.4468673,0.4468673,0.4468673,0.4468673,0.4468673,0.4468673,0.4468673,0.4468673,0.4468673,0.4468673,0.4468673,0.4468673,0.4468673,0.4468673,0.4468673,0.4468673,0.4468673,0.4468673,0.4468673,0.4468673,0.4468673,0.4468673,0.4468673,0.4468673,0.4468673,0.4468673,0.4468673,0.4468673,0.4468673,0.4468673,0.4468673,0.4468673,0.4468673,0.4468673,0.4468673,0.4468673,0.4468673,0.4468673,0.4468673,0.4468673,0.4468673,0.4468673,0.4468673,0.4468673,0.4468673,0.4468673,0.4468673,0.4468673,0.4468673,0.4468673,0.4468673,0.4468673,0.4468673,0.4468673,0.4468673,0.4468673,0.4468673,0.4468673,0.4468673,0.4468673,0.4468673,0.4468673,0.4468673,0.4468673,0.4468673,0.4468673,0.4468673,0.4468673,0.4468673,0.4468673,0.4468673,0
0,0.4468673,0.4468673,0.4468673,0.4468673,0.4468673,0.4468673,0.4468673,0.4468673,0.4468673,0.4468673,0.4468673,0.4468673,0.4468673,0.4468673,0.4468673,0.4468673,0.4468673,0.4468673,0.4468673,0.4468673,0.4468673,0.4468673,0.4468673,0.4468673,0.4468673,0.4468673,0.4468673,0.4468673,0.4468673,0.4468673,0.4468673,0.4468673,0.4468673,0.4468673,0.4468673,0.4468673,0.4468673,0.4468673,0.4468673,0.4468673,0.4468673,0.4468673,0.4468673,0.4468673,0.4468673,0.4468673,0.4468673,0.4468673,0.4468673,0.4468673,0.4468673,0.4468673,0.4468673,0.4468673,0.4468673,0.4468673,0.4468673,0.4468673,0.4468673,0.4468673,0.4468673,0.4468673,0.4468673,0.4468673,0.4468673,0.4468673,0.4468673,0.4468673,0.4468673,0.4468673,0.4468673,0.4468673,0.4468673,0.4468673,0.4468673,0.4468673,0.4468673,0.4468673,0.4468673,0.4468673,0.4468673,0.4468673,0.4468673,0.4468673,0.4468673,0.4468673,0.4468673,0.4468673,0.4468673,0.4468673,0.4468673,0.4468673,0.4468673,0.4468673,0.4468673,0.4468673,0.4468673,0.4468673,0.4468673,0.4468673,0.4468673,0.4468673,0.4468673,0.4468673,0.4468673,0.4468673,0.4468673,0.4468673,0.4468673,0.4468673,0.4468673,0.4468673,0.4468673,0.4468673,0.4468673,0.4468673,0.4468673,0.4468673,0.4468673,0.4468673,0.4468673,0.4468673,0.4468673,0.4468673,0.4468673,0.4468673,0.4468673,0.4468673,0.4468673,0.4468673,0.4468673,0.4468673,0.4468673,0.4468673,0.4468673,0.4468673,0.4468673,0.4468673,0.4468673,0.4468673,0.4468673,0.4468673,0.4468673,0.4468673,0.4468673,0.4468673,0.4468673,0.4468673,0.4468673,0.4468673,0.4468673,0.4468673,0.4468673,0.4468673,0.4468673,0.4468673,0.4468673,0.4468673,0.4468673,0.4468673,0.4468673,0.4468673,0.4468673,0.4468673,0.4468673,0.4468673,0.4468673,0.4468673,0.4468673,0.4468673,0.4468673,0.4468673,0.4468673,0.4468673,0.4468673,0.4468673,0.4468673,0.4468673,0.4468673,0.4468673,0.4468673,0.4468673,0.4468673,0.4468673,0.4468673,0.4468673,0.4468673,0.4468673,0.4468673,0.4468673,0.4468673,0.4468673,0.4468673,0.4468673,0.4468673,0.4468673,0
0,0.4468673,0.4468673,0.4468673,0.4468673,0.4468673,0.4468673,0.4468673,0.4468673,0.4468673,0.4468673,0.4468673,0.4468673,0.4468673,0.4468673,0.4468673,0.4468673,0.4468673,0.4468673,0.4468673,0.4468673,0.4468673,0.4468673,0.4468673,0.4468673,0.4468673,0.4468673,0.4468673,0.4468673,0.4468673,0.4468673,0.4468673,0.4468673,0.4468673,0.4468673,0.4468673,0.4468673,0.4468673,0.4468673,0.4468673,0.4468673,0.4468673,0.4468673,0.4468673,0.4468673,0.4468673,0.4468673,0.4468673,0.4468673,0.4468673,0.4468673,0.4468673,0.4468673,0.4468673,0.4468673,0.4468673,0.4468673,0.4468673,0.4468673,0.4468673,0.4468673,0.4468673,0.4468673,0.4468673,0.4468673,0.4468673,0.4468673,0.4468673,0.4468673,0.4468673,0.4468673,0.4468673,0.4468673,0.4468673,0.4468673,0.4468673,0.4468673,0.4468673,0.4468673,0.4468673,0.4468673,0.4468673,0.4468673,0.4468673,0.4468673,0.4468673,0.4468673,0.4468673,0.4468673,0.4468673,0.4468673,0.4468673,0.4468673,0.4468673,0.4468673,0.4468673,0.4468673,0.4468673,0.4468673,0.4468673,0.4468673,0.4468673,0.4468673,0.4468673,0.4468673,0.4468673,0.4468673,0.4468673,0.4468673,0.4468673,0.4468673,0.4468673,0.4468673,0.4468673,0.4468673,0.4468673,0.4468673,0.4468673,0.4468673,0.4468673,0.4468673,0.4468673,0.4468673,0.4468673,0.4468673,0.4468673,0.4468673,0.4468673,0.4468673,0.4468673,0.4468673,0.4468673,0.4468673,0.4468673,0.4468673,0.4468673,0.4468673,0.4468673,0.4468673,0.4468673,0.4468673,0.4468673,0.4468673,0.4468673,0.4468673,0.4468673,0.4468673,0.4468673,0.4468673,0.4468673,0.4468673,0.4468673,0.4468673,0.4468673,0.4468673,0.4468673,0.4468673,0.4468673,0.4468673,0.4468673,0.4468673,0.4468673,0.4468673,0.4468673,0.4468673,0.4468673,0.4468673,0.4468673,0.4468673,0.4468673,0.4468673,0.4468673,0.4468673,0.4468673,0.4468673,0.4468673,0.4468673,0.4468673,0.4468673,0.4468673,0.4468673,0.4468673,0.4468673,0.4468673,0.4468673,0.4468673,0.4468673,0.4468673,0.4468673,0.4468673,0.4468673,0.4468673,0.4468673,0.4468673,0.4468673,0.4468673,0.4468673,0
0,0.4468673,0.4468673,0.4468673,0.4468673,0.4468673,0.4468673,0.4468673,0.4468673,0.4468673,0.4468673,0.4468673,0.4468673,0.4468673,0.4468673,0.4468673,0.4468673,0.4468673,0.4468673,0.4468673,0.4468673,0.4468673,0.4468673,0.4468673,0.4468673,0.4468673,0.4468673,0.4468673,0.4468673,0.4468673,0.4468673,0.4468673,0.4468673,0.4468673,0.4468673,0.4468673,0.4468673,0.4468673,0.4468673,0.4468673,0.4468673,0.4468673,0.4468673,0.4468673,0.4468673,0.4468673,0.4468673,0.4468673,0.4468673,0.4468673,0.4468673,0.4468673,0.4468673,0.4468673,0.4468673,0.4468673,0.4468673,0.4468673,0.4468673,0.4468673,0.4468673,0.4468673,0.4468673,0.4468673,0.4468673,0.4468673,0.4468673,0.4468673,0.4468673,0.4468673,0.4468673,0.4468673,0.4468673,0.4468673,0.4468673,0.4468673,0.4468673,0.4468673,0.4468673,0.4468673,0.4468673,0.4468673,0.4468673,0.4468673,0.4468673,0.4468673,0.4468673,0.4468673,0.4468673,0.4468673,0.4468673,0.4468673,0.4468673,0.4468673,0.4468673,0.4468673,0.4468673,0.4468673,0.4468673,0.4468673,0.4468673,0.4468673,0.4468673,0.4468673,0.4468673,0.4468673,0.4468673,0.4468673,0.4468673,0.4468673,0.4468673,0.4468673,0.4468673,0.4468673,0.4468673,0.4468673,0.4468673,0.4468673,0.4468673,0.4468673,0.4468673,0.4468673,0.4468673,0.4468673,0.4468673,0.4468673,0.4468673,0.4468673,0.4468673,0.4468673,0.4468673,0.4468673,0.4468673,0.4468673,0.4468673,0.4468673,0.4468673,0.4468673,0.4468673,0.4468673,0.4468673,0.4468673,0.4468673,0.4468673,0.4468673,0.4468673,0.4468673,0.4468673,0.4468673,0.4468673,0.4468673,0.4468673,0.4468673,0.4468673,0.4468673,0.4468673,0.4468673,0.4468673,0.4468673,0.4468673,0.4468673,0.4468673,0.4468673,0.4468673,0.4468673,0.4468673,0.4468673,0.4468673,0.4468673,0.4468673,0.4468673,0.4468673,0.4468673,0.4468673,0.4468673,0.4468673,0.4468673,0.4468673,0.4468673,0.4468673,0.4468673,0.4468673,0.4468673,0.4468673,0.4468673,0.4468673,0.4468673,0.4468673,0.4468673,0.4468673,0.4468673,0.4468673,0.4468673,0.4468673,0.4468673,0.4468673,0.4468673,0
0,0.4468673,0.4468673,0.4468673,0.4468673,0.4468673,0.4468673,0.4468673,0.4468673,0.4468673,0.4468673,0.4468673,0.4468673,0.4468673,0.4468673,0.4468673,0.4468673,0.4468673,0.4468673,0.4468673,0.4468673,0.4468673,0.4468673,0.4468673,0.4468673,0.4468673,0.4468673,0.4468673,0.4468673,0.4468673,0.4468673,0.4468673,0.4468673,0.4468673,0.4468673,0.4468673,0.4468673,0.4468673,0.4468673,0.4468673,0.4468673,0.4468673,0.4468673,0.4468673,0.4468673,0.4468673,0.4468673,0.4468673,0.4468673,0.4468673,0.4468673,0.4468673,0.4468673,0.4468673,0.4468673,0.4468673,0.4468673,0.4468673,0.4468673,0.4468673,0.4468673,0.4468673,0.4468673,0.4468673,0.4468673,0.4468673,0.4468673,0.4468673,0.4468673,0.4468673,0.4468673,0.4468673,0.4468673,0.4468673,0.4468673,0.4468673,0.4468673,0.4468673,0.4468673,0.4468673,0.4468673,0.4468673,0.4468673,0.4468673,0.4468673,0.4468673,0.4468673,0.4468673,0.4468673,0.4468673,0.4468673,0.4468673,0.4468673,0.4468673,0.4468673,0.4468673,0.4468673,0.4468673,0.4468673,0.4468673,0.4468673,0.4468673,0.4468673,0.4468673,0.4468673,0.4468673,0.4468673,0.4468673,0.4468673,0.4468673,0.4468673,0.4468673,0.4468673,0.4468673,0.4468673,0.4468673,0.4468673,0.4468673,0.4468673,0.4468673,0.4468673,0.4468673,0.4468673,0.4468673,0.4468673,0.4468673,0.4468673,0.4468673,0.4468673,0.4468673,0.4468673,0.4468673,0.4468673,0.4468673,0.4468673,0.4468673,0.4468673,0.4468673,0.4468673,0.4468673,0.4468673,0.4468673,0.4468673,0.4468673,0.4468673,0.4468673,0.4468673,0.4468673,0.4468673,0.4468673,0.4468673,0.4468673,0.4468673,0.4468673,0.4468673,0.4468673,0.4468673,0.4468673,0.4468673,0.4468673,0.4468673,0.4468673,0.4468673,0.4468673,0.4468673,0.4468673,0.4468673,0.4468673,0.4468673,0.4468673,0.4468673,0.4468673,0.4468673,0.4468673,0.4468673,0.4468673,0.4468673,0.4468673,0.4468673,0.4468673,0.4468673,0.4468673,0.4468673,0.4468673,0.4468673,0.4468673,0.4468673,0.4468673,0.4468673,0.4468673,0.4468673,0.4468673,0.4468673,0.4468673,0.4468673,0.4468673,0.4468673,0
0,0.4468673,0.4468673,0.4468673,0.4468673,0.4468673,0.4468673,0.4468673,0.4468673,0.4468673,0.4468673,0.4468673,0.4468673,0.4468673,0.4468673,0.4468673,0.4468673,0.4468673,0.4468673,0.4468673,0.4468673,0.4468673,0.4468673,0.4468673,0.4468673,0.4468673,0.4468673,0.4468673,0.4468673,0.4468673,0.4468673,0.4468673,0.4468673,0.4468673,0.4468673,0.4468673,0.4468673,0.4468673,0.4468673,0.4468673,0.4468673,0.4468673,0.4468673,0.4468673,0.4468673,0.4468673,0.4468673,0.4468673,0.4468673,0.4468673,0.4468673,0.4468673,0.4468673,0.4468673,0.4468673,0.4468673,0.4468673,0.4468673,0.4468673,0.4468673,0.4468673,0.4468673,0.4468673,0.4468673,0.4468673,0.4468673,0.4468673,0.4468673,0.4468673,0.4468673,0.4468673,0.4468673,0.4468673,0.4468673,0.4468673,0.4468673,0.4468673,0.4468673,0.4468673,0.4468673,0.4468673,0.4468673,0.4468673,0.4468673,0.4468673,0.4468673,0.4468673,0.4468673,0.4468673,0.4468673,0.4468673,0.4468673,0.4468673,0.4468673,0.4468673,0.4468673,0.4468673,0.4468673,0.4468673,0.4468673,0.4468673,0.4468673,0.4468673,0.4468673,0.4468673,0.4468673,0.4468673,0.4468673,0.4468673,0.4468673,0.4468673,0.4468673,0.4468673,0.4468673,0.4468673,0.4468673,0.4468673,0.4468673,0.4468673,0.4468673,0.4468673,0.4468673,0.4468673,0.4468673,0.4468673,0.4468673,0.4468673,0.4468673,0.4468673,0.4468673,0.4468673,0.4468673,0.4468673,0.4468673,0.4468673,0.4468673,0.4468673,0.4468673,0.4468673,0.4468673,0.4468673,0.4468673,0.4468673,0.4468673,0.4468673,0.4468673,0.4468673,0.4468673,0.4468673,0.4468673,0.4468673,0.4468673,0.4468673,0.4468673,0.4468673,0.4468673,0.4468673,0.4468673,0.4468673,0.4468673,0.4468673,0.4468673,0.4468673,0.4468673,0.4468673,0.4468673,0.4468673,0.4468673,0.4468673,0.4468673,0.4468673,0.4468673,0.4468673,0.4468673,0.4468673,0.4468673,0.4468673,0.4468673,0.4468673,0.4468673,0.4468673,0.4468673,0.4468673,0.4468673,0.4468673,0.4468673,0.4468673,0.4468673,0.4468673,0.4468673,0.4468673,0.4468673,0.4468673,0.4468673,0.4468673,0.4468673,0.4468673,0
0,0.4468673,0.4468673,0.4468673,0.4468673,0.4468673,0.4468673,0.4468673,0.4468673,0.4468673,0.4468673,0.4468673,0.4468673,0.4468673,0.4468673,0.4468673,0.4468673,0.4468673,0.4468673,0.4468673,0.4468673,0.4468673,0.4468673,0.4468673,0.4468673,0.4468673,0.4468673,0.4468673,0.4468673,0.4468673,0.4468673,0.4468673,0.4468673,0.4468673,0.4468673,0.4468673,0.4468673,0.4468673,0.4468673,0.4468673,0.4468673,0.4468673,0.4468673,0.4468673,0.4468673,0.4468673,0.4468673,0.4468673,0.4468673,0.4468673,0.4468673,0.4468673,0.4468673,0.4468673,0.4468673,0.4468673,0.4468673,0.4468673,0.4468673,0.4468673,0.4468673,0.4468673,0.4468673,0.4468673,0.4468673,0.4468673,0.4468673,0.4468673,0.4468673,0.4468673,0.4468673,0.4468673,0.4468673,0.4468673,0.4468673,0.4468673,0.4468673,0.4468673,0.4468673,0.4468673,0.4468673,0.4468673,0.4468673,0.4468673,0.4468673,0.4468673,0.4468673,0.4468673,0.4468673,0.4468673,0.4468673,0.4468673,0.4468673,0.4468673,0.4468673,0.4468673,0.4468673,0.4468673,0.4468673,0.4468673,0.4468673,0.4468673,0.4468673,0.4468673,0.4468673,0.4468673,0.4468673,0.4468673,0.4468673,0.4468673,0.4468673,0.4468673,0.4468673,0.4468673,0.4468673,0.4468673,0.4468673,0.4468673,0.4468673,0.4468673,0.4468673,0.4468673,0.4468673,0.4468673,0.4468673,0.4468673,0.4468673,0.4468673,0.4468673,0.4468673,0.4468673,0.4468673,0.4468673,0.4468673,0.4468673,0.4468673,0.4468673,0.4468673,0.4468673,0.4468673,0.4468673,0.4468673,0.4468673,0.4468673,0.4468673,0.4468673,0.4468673,0.4468673,0.4468673,0.4468673,0.4468673,0.4468673,0.4468673,0.4468673,0.4468673,0.4468673,0.4468673,0.4468673,0.4468673,0.4468673,0.4468673,0.4468673,0.4468673,0.4468673,0.4468673,0.4468673,0.4468673,0.4468673,0.4468673,0.4468673,0.4468673,0.4468673,0.4468673,0.4468673,0.4468673,0.4468673,0.4468673,0.4468673,0.4468673,0.4468673,0.4468673,0.4468673,0.4468673,0.4468673,0.4468673,0.4468673,0.4468673,0.4468673,0.4468673,0.4468673,0.4468673,0.4468673,0.4468673,0.4468673,0.4468673,0.4468673,0.4468673,0
0,0.4468673,0.4468673,0.4468673,0.4468673,0.4468673,0.4468673,0.4468673,0.4468673,0.4468673,0.4468673,0.4468673,0.4468673,0.4468673,0.4468673,0.4468673,0.4468673,0.4468673,0.4468673,0.4468673,0.4468673,0.4468673,0.4468673,0.4468673,0.4468673,0.4468673,0.4468673,0.4468673,0.4468673,0.4468673,0.4468673,0.4468673,0.4468673,0.4468673,0.4468673,0.4468673,0.4468673,0.4468673,0.4468673,0.4468673,0.4468673,0.4468673,0.4468673,0.4468673,0.4468673,0.4468673,0.4468673,0.4468673,0.4468673,0.4468673,0.4468673,0.4468673,0.4468673,0.4468673,0.4468673,0.4468673,0.4468673,0.4468673,0.4468673,0.4468673,0.4468673,0.4468673,0.4468673,0.4468673,0.4468673,0.4468673,0.4468673,0.4468673,0.4468673,0.4468673,0.4468673,0.4468673,0.4468673,0.4468673,0.4468673,0.4468673,0.4468673,0.4468673,0.4468673,0.4468673,0.4468673,0.4468673,0.4468673,0.4468673,0.4468673,0.4468673,0.4468673,0.4468673,0.4468673,0.4468673,0.4468673,0.4468673,0.4468673,0.4468673,0.4468673,0.4468673,0.4468673,0.4468673,0.4468673,0.4468673,0.4468673,0.4468673,0.4468673,0.4468673,0.4468673,0.4468673,0.4468673,0.4468673,0.4468673,0.4468673,0.4468673,0.4468673,0.4468673,0.4468673,0.4468673,0.4468673,0.4468673,0.4468673,0.4468673,0.4468673,0.4468673,0.4468673,0.4468673,0.4468673,0.4468673,0.4468673,0.4468673,0.4468673,0.4468673,0.4468673,0.4468673,0.4468673,0.4468673,0.4468673,0.4468673,0.4468673,0.4468673,0.4468673,0.4468673,0.4468673,0.4468673,0.4468673,0.4468673,0.4468673,0.4468673,0.4468673,0.4468673,0.4468673,0.4468673,0.4468673,0.4468673,0.4468673,0.4468673,0.4468673,0.4468673,0.4468673,0.4468673,0.4468673,0.4468673,0.4468673,0.4468673,0.4468673,0.4468673,0.4468673,0.4468673,0.4468673,0.4468673,0.4468673,0.4468673,0.4468673,0.4468673,0.4468673,0.4468673,0.4468673,0.4468673,0.4468673,0.4468673,0.4468673,0.4468673,0.4468673,0.4468673,0.4468673,0.4468673,0.4468673,0.4468673,0.4468673,0.4468673,0.4468673,0.4468673,0.4468673,0.4468673,0.4468673,0.4468673,0.4468673,0.4468673,0.4468673,0.4468673,0
0,0.4468673,0.4468673,0.4468673,0.4468673,0.4468673,0.4468673,0.4468673,0.4468673,0.4468673,0.4468673,0.4468673,0.4468673,0.4468673,0.4468673,0.4468673,0.4468673,0.4468673,0.4468673,0.4468673,0.4468673,0.4468673,0.4468673,0.4468673,0.4468673,0.4468673,0.4468673,0.4468673,0.4468673,0.4468673,0.4468673,0.4468673,0.4468673,0.4468673,0.4468673,0.4468673,0.4468673,0.4468673,0.4468673,0.4468673,0.4468673,0.4468673,0.4468673,0.4468673,0.4468673,0.4468673,0.4468673,0.4468673,0.4468673,0.4468673,0.4468673,0.4468673,0.4468673,0.4468673,0.4468673,0.4468673,0.4468673,0.4468673,0.4468673,0.4468673,0.4468673,0.4468673,0.4468673,0.4468673,0.4468673,0.4468673,0.4468673,0.4468673,0.4468673,0.4468673,0.4468673,0.4468673,0.4468673,0.4468673,0.4468673,0.4468673,0.4468673,0.4468673,0.4468673,0.4468673,0.4468673,0.4468673,0.4468673,0.4468673,0.4468673,0.4468673,0.4468673,0.4468673,0.4468673,0.4468673,0.4468673,0.4468673,0.4468673,0.4468673,0.4468673,0.4468673,0.4468673,0.4468673,0.4468673,0.4468673,0.4468673,0.4468673,0.4468673,0.4468673,0.4468673,0.4468673,0.4468673,0.4468673,0.4468673,0.4468673,0.4468673,0.4468673,0.4468673,0.4468673,0.4468673,0.4468673,0.4468673,0.4468673,0.4468673,0.4468673,0.4468673,0.4468673,0.4468673,0.4468673,0.4468673,0.4468673,0.4468673,0.4468673,0.4468673,0.4468673,0.4468673,0.4468673,0.4468673,0.4468673,0.4468673,0.4468673,0.4468673,0.4468673,0.4468673,0.4468673,0.4468673,0.4468673,0.4468673,0.4468673,0.4468673,0.4468673,0.4468673,0.4468673,0.4468673,0.4468673,0.4468673,0.4468673,0.4468673,0.4468673,0.4468673,0.4468673,0.4468673,0.4468673,0.4468673,0.4468673,0.4468673,0.4468673,0.4468673,0.4468673,0.4468673,0.4468673,0.4468673,0.4468673,0.4468673,0.4468673,0.4468673,0.4468673,0.4468673,0.4468673,0.4468673,0.4468673,0.4468673,0.4468673,0.4468673,0.4468673,0.4468673,0.4468673,0.4468673,0.4468673,0.4468673,0.4468673,0.4468673,0.4468673,0.4468673,0.4468673,0.4468673,0.4468673,0.4468673,0.4468673,0.4468673,0.4468673,0.4468673,0
0,0.4468673,0.4468673,0.4468673,0.4468673,0.4468673,0.4468673,0.4468673,0.4468673,0.4468673,0.4468673,0.4468673,0.4468673,0.4468673,0.4468673,0.4468673,0.4468673,0.4468673,0.4468673,0.4468673,0.4468673,0.4468673,0.4468673,0.4468673,0.4468673,0.4468673,0.4468673,0.4468673,0.4468673,0.4468673,0.4468673,0.4468673,0.4468673,0.4468673,0.4468673,0.4468673,0.4468673,0.4468673,0.4468673,0.4468673,0.4468673,0.4468673,0.4468673,0.4468673,0.4468673,0.4468673,0.4468673,0.4468673,0.4468673,0.4468673,0.4468673,0.4468673,0.4468673,0.4468673,0.4468673,0.4468673,0.4468673,0.4468673,0.4468673,0.4468673,0.4468673,0.4468673,0.4468673,0.4468673,0.4468673,0.4468673,0.4468673,0.4468673,0.4468673,0.4468673,0.4468673,0.4468673,0.4468673,0.4468673,0.4468673,0.4468673,0.4468673,0.4468673,0.4468673,0.4468673,0.4468673,0.4468673,0.4468673,0.4468673,0.4468673,0.4468673,0.4468673,0.4468673,0.4468673,0.4468673,0.4468673,0.4468673,0.4468673,0.4468673,0.4468673,0.4468673,0.4468673,0.4468673,0.4468673,0.4468673,0.4468673,0.4468673,0.4468673,0.4468673,0.4468673,0.4468673,0.4468673,0.4468673,0.4468673,0.4468673,0.4468673,0.4468673,0.4468673,0.4468673,0.4468673,0.4468673,0.4468673,0.4468673,0.4468673,0.4468673,0.4468673,0.4468673,0.4468673,0.4468673,0.4468673,0.4468673,0.4468673,0.4468673,0.4468673,0.4468673,0.4468673,0.4468673,0.4468673,0.4468673,0.4468673,0.4468673,0.4468673,0.4468673,0.4468673,0.4468673,0.4468673,0.4468673,0.4468673,0.4468673,0.4468673,0.4468673,0.4468673,0.4468673,0.4468673,0.4468673,0.4468673,0.4468673,0.4468673,0.4468673,0.4468673,0.4468673,0.4468673,0.4468673,0.4468673,0.4468673,0.4468673,0.4468673,0.4468673,0.4468673,0.4468673,0.4468673,0.4468673,0.4468673,0.4468673,0.4468673,0.4468673,0.4468673,0.4468673,0.4468673,0.4468673,0.4468673,0.4468673,0.4468673,0.4468673,0.4468673,0.4468673,0.4468673,0.4468673,0.4468673,0.4468673,0.4468673,0.4468673,0.4468673,0.4468673,0.4468673,0.4468673,0.4468673,0.4468673,0.4468673,0.4468673,0.4468673,0.4468673,0
0,0.4468673,0.4468673,0.4468673,0,0,0,0,0,0,0,0,0,0,0,0,-0.4604022,-0.4604022,-0.4604022,-0.4604022,-0.4604022,-0.4604022,-0.4604022,-0.4604022,-0.4604022,-0.4604022,-0.4604022,-0.4604022,-0.4604022,-0.4604022,-0.4604022,-0.4604022,-0.4604022,-0.4604022,-0.4604022,-0.4604022,-0.4604022,-0.4604022,-0.4604022,-0.4604022,-0.4604022,-0.4604022,-0.4604022,-0.4604022,-0.4604022,-0.4604022,-0.4604022,-0.4604022,-0.4604022,-0.4604022,-0.4604022,-0.4604022,-0.4604022,-0.4604022,-0.4604022,-0.4604022,-0.4604022,-0.4604022,-0.4604022,-0.4604022,-0.4604022,-0.4604022,-0.4604022,-0.4604022,-0.4604022,-0.4604022,-0.4604022,-0.4604022,-0.4604022,-0.4604022,-0.4604022,-0.4604022,-0.4604022,-0.4604022,-0.4604022,-0.4604022,-0.4604022,-0.4604022,-0.4604022,-0.4604022,-0.4604022,-0.4604022,-0.4604022,-0.4604022,-0.4604022,-0.4604022,-0.4604022,-0.4604022,-0.4604022,-0.4604022,-0.4604022,-0.4604022,-0.4604022,-0.4604022,-0.4604022,-0.4604022,-0.4604022,-0.4604022,-0.4604022,-0.4604022,-0.4604022,-0.4604022,-0.4604022,-0.4604022,-0.4604022,-0.4604022,-0.4604022,-0.4604022,-0.4604022,-0.4604022,-0.4604022,-0.4604022,-0.4604022,-0.4604022,-0.4604022,-0.4604022,-0.4604022,-0.4604022,-0.4604022,-0.4604022,-0.4604022,-0.4604022,-0.4604022,-0.4604022,-0.4604022,-0.4604022,-0.4604022,-0.4604022,-0.4604022,-0.4604022,-0.4604022,-0.4604022,-0.4604022,-0.4604022,-0.4604022,-0.4604022,-0.4604022,-0.4604022,-0.4604022,-0.4604022,-0.4604022,-0.4604022,-0.4604022,-0.4604022,-0.4604022,-0.4604022,-0.4604022,-0.4604022,-0.4604022,-0.4604022,-0.4604022,-0.4604022,-0.4604022,-0.4604022,-0.4604022,-0.4604022,-0.4604022,-0.4604022,-0.4604022,-0.4604022,-0.4604022,-0.4604022,-0.4604022,-0.4604022,-0.4604022,-0.4604022,-0.4604022,-0.4604022,-0.4604022,-0.4604022,-0.4604022,-0.4604022,-0.4604022,-0.4604022,-0.4604022,-0.4604022,-0.4604022,-0.4604022,-0.4604022,-0.4604022,-0.4604022,-0.4604022,-0.4604022,-0.4604022,-0.4604022,-0.4604022,-0.4604022,-0.4604022,-0.4604022,-0.4604022,-0.4604022,-0.4604022,-0.4604022,-0.4604022,-0.4604022,-0.4604022,-0.4604022,0
0,-0.4604022,-0.4604022,-0.4604022,-0.4604022,-0.4604022,-0.4604022,-0.4604022,-0.4604022,-0.4604022,-0.4604022,-0.4604022,-0.4604022,-0.4604022,-0.4604022,-0.4604022,-0.4604022,-0.4604022,-0.4604022,-0.4604022,-0.4604022,-0.4604022,-0.4604022,-0.4604022,-0.4604022,-0.4604022,-0.4604022,-0.4604022,-0.4604022,-0.4604022,-0.4604022,-0.4604022,-0.4604022,-0.4604022,-0.4604022,-0.4604022,-0.4604022,-0.4604022,-0.4604022,-0.4604022,-0.4604022,-0.4604022,-0.4604022,-0.4604022,-0.4604022,-0.4604022,-0.4604022,-0.4604022,-0.4604022,-0.4604022,-0.4604022,-0.4604022,-0.4604022,-0.4604022,-0.4604022,-0.4604022,-0.4604022,-0.4604022,-0.4604022,-0.4604022,-0.4604022,-0.4604022,-0.4604022,-0.4604022,-0.4604022,-0.4604022,-0.4604022,-0.4604022,-0.4604022,-0.4604022,-0.4604022,-0.4604022,-0.4604022,-0.4604022,-0.4604022,-0.4604022,-0.4604022,-0.4604022,-0.4604022,-0.4604022,-0.4604022,-0.4604022,-0.4604022,-0.4604022,-0.4604022,-0.4604022,-0.4604022,-0.4604022,-0.4604022,-0.4604022,-0.4604022,-0.4604022,-0.4604022,-0.4604022,-0.4604022,-0.4604022,-0.4604022,-0.4604022,-0.4604022,-0.4604022,-0.4604022,-0.4604022,-0.4604022,-0.4604022,-0.4604022,-0.4604022,-0.4604022,-0.4604022,-0.4604022,-0.4604022,-0.4604022,-0.4604022,-0.4604022,-0.4604022,-0.4604022,-0.4604022,-0.4604022,-0.4604022,-0.4604022,-0.4604022,-0.4604022,-0.4604022,-0.4604022,-0.4604022,-0.4604022,-0.4604022,-0.4604022,-0.4604022,-0.4604022,-0.4604022,-0.4604022,-0.4604022,-0.4604022,-0.4604022,-0.4604022,-0.4604022,-0.4604022,-0.4604022,-0.4604022,-0.4604022,-0.4604022,-0.4604022,-0.4604022,-0.4604022,-0.4604022,-0.4604022,-0.4604022,-0.4604022,-0.4604022,-0.4604022,-0.4604022,-0.4604022,-0.4604022,-0.4604022,-0.4604022,-0.4604022,-0.4604022,-0.4604022,-0.4604022,-0.4604022,-0.4604022,-0.4604022,-0.4604022,-0.4604022,-0.4604022,-0.4604022,-0.4604022,-0.4604022,-0.4604022,-0.4604022,-0.4604022,-0.4604022,-0.4604022,-0.4604022,-0.4604022,-0.4604022,-0.4604022,-0.4604022,-0.4604022,-0.4604022,-0.4604022,-0.4604022,-0.4604022,-0.4604022,-0.4604022,-0.4604022,-0.4604022,-0.4604022,-0.4604022,-0.4604022,-0.4604022,-0.4604022,-0.4604022,-0.4604022,-0.4604022,-0.4604022,-0.4604022,0
0,-0.4604022,-0.4604022,-0.4604022,-0.4604022,-0.4604022,-0.4604022,-0.4604022,-0.4604022,-0.4604022,-0.4604022,-0.4604022,-0.4604022,-0.4604022,-0.4604022,-0.4604022,-0.4604022,-0.4604022,-0.4604022,-0.4604022,-0.4604022,-0.4604022,-0.4604022,-0.4604022,-0.4604022,-0.4604022,-0.4604022,-0.4604022,-0.4604022,-0.4604022,-0.4604022,-0.4604022,-0.4604022,-0.4604022,-0.4604022,-0.4604022,-0.4604022,-0.4604022,-0.4604022,-0.4604022,-0.4604022,-0.4604022,-0.4604022,-0.4604022,-0.4604022,-0.4604022,-0.4604022,-0.4604022,-0.4604022,-0.4604022,-0.4604022,-0.4604022,-0.4604022,-0.4604022,-0.4604022,-0.4604022,-0.4604022,-0.4604022,-0.4604022,-0.4604022,-0.4604022,-0.4604022,-0.4604022,-0.4604022,-0.4604022,-0.4604022,-0.4604022,-0.4604022,-0.4604022,-0.4604022,-0.4604022,-0.4604022,-0.4604022,-0.4604022,-0.4604022,-0.4604022,-0.4604022,-0.4604022,-0.4604022,-0.4604022,-0.4604022,-0.4604022,-0.4604022,-0.4604022,-0.4604022,-0.4604022,-0.4604022,-0.4604022,-0.4604022,-0.4604022,-0.4604022,-0.4604022,-0.4604022,-0.4604022,-0.4604022,-0.4604022,-0.4604022,-0.4604022,-0.4604022,-0.4604022,-0.4604022,-0.4604022,-0.4604022,-0.4604022,-0.4604022,-0.4604022,-0.4604022,-0.4604022,-0.4604022,-0.4604022,-0.4604022,-0.4604022,-0.4604022,-0.4604022,-0.4604022,-0.4604022,-0.4604022,-0.4604022,-0.4604022,-0.4604022,-0.4604022,-0.4604022,-0.4604022,-0.4604022,-0.4604022,-0.4604022,-0.4604022,-0.4604022,-0.4604022,-0.4604022,-0.4604022,-0.4604022,-0.4604022,-0.4604022,-0.4604022,-0.4604022,-0.4604022,-0.4604022,-0.4604022,-0.4604022,-0.4604022,-0.4604022,-0.4604022,-0.4604022,-0.4604022,-0.4604022,-0.4604022,-0.4604022,-0.4604022,-0.4604022,-0.4604022,-0.4604022,-0.4604022,-0.4604022,-0.4604022,-0.4604022,-0.4604022,-0.4604022,-0.4604022,-0.4604022,-0.4604022,-0.4604022,-0.4604022,-0.4604022,-0.4604022,-0.4604022,-0.4604022,-0.4604022,-0.4604022,-0.4604022,-0.4604022,-0.4604022,-0.4604022,-0.4604022,-0.4604022,-0.4604022,-0.4604022,-0.4604022,-0.4604022,-0.4604022,-0.4604022,-0.4604022,-0.4604022,-0.4604022,-0.4604022,-0.4604022,-0.4604022,-0.4604022,-0.4604022,-0.4604022,-0.4604022,-0.4604022,-0.4604022,-0.4604022,-0.4604022,-0.4604022,-0.4604022,0
0,-0.4604022,-0.4604022,-0.4604022,-0.4604022,-0.4604022,-0.4604022,-0.4604022,-0.4604022,-0.4604022,-0.4604022,-0.4604022,-0.4604022,-0.4604022,-0.4604022,-0.4604022,-0.4604022,-0.4604022,-0.4604022,-0.4604022,-0.4604022,-0.4604022,-0.4604022,-0.4604022,-0.4604022,-0.4604022,-0.4604022,-0.4604022,-0.4604022,-0.4604022,-0.4604022,-0.4604022,-0.4604022,-0.4604022,-0.4604022,-0.4604022,-0.4604022,-0.4604022,-0.4604022,-0.4604022,-0.4604022,-0.4604022,-0.4604022,-0.4604022,-0.4604022,-0.4604022,-0.4604022,-0.4604022,-0.4604022,-0.4604022,-0.4604022,-0.4604022,-0.4604022,-0.4604022,-0.4604022,-0.4604022,-0.4604022,-0.4604022,-0.4604022,-0.4604022,-0.4604022,-0.4604022,-0.4604022,-0.4604022,-0.4604022,-0.4604022,-0.4604022,-0.4604022,-0.4604022,-0.4604022,-0.4604022,-0.4604022,-0.4604022,-0.4604022,-0.4604022,-0.4604022,-0.4604022,-0.4604022,-0.4604022,-0.4604022,-0.4604022,-0.4604022,-0.4604022,-0.4604022,-0.4604022,-0.4604022,-0.4604022,-0.4604022,-0.4604022,-0.4604022,-0.4604022,-0.4604022,-0.4604022,-0.4604022,-0.4604022,-0.4604022,-0.4604022,-0.4604022,-0.4604022,-0.4604022,-0.4604022,-0.4604022,-0.4604022,-0.4604022,-0.4604022,-0.4604022,-0.4604022,-0.4604022,-0.4604022,-0.4604022,-0.4604022,-0.4604022,-0.4604022,-0.4604022,-0.4604022,-0.4604022,-0.4604022,-0.4604022,-0.4604022,-0.4604022,-0.4604022,-0.4604022,-0.4604022,-0.4604022,-0.4604022,-0.4604022,-0.4604022,-0.4604022,-0.4604022,-0.4604022,-0.4604022,-0.4604022,-0.4604022,-0.4604022,-0.4604022,-0.4604022,-0.4604022,-0.4604022,-0.4604022,-0.4604022,-0.4604022,-0.4604022,-0.4604022,-0.4604022,-0.4604022,-0.4604022,-0.4604022,-0.4604022,-0.4604022,-0.4604022,-0.4604022,-0.4604022,-0.4604022,-0.4604022,-0.4604022,-0.4604022,-0.4604022,-0.4604022,-0.4604022,-0.4604022,-0.4604022,-0.4604022,-0.4604022,-0.4604022,-0.4604022,-0.4604022,-0.4604022,-0.4604022,-0.4604022,-0.4604022,-0.4604022,-0.4604022,-0.4604022,-0.4604022,-0.4604022,-0.4604022,-0.4604022,-0.4604022,-0.4604022,-0.4604022,-0.4604022,-0.4604022,-0.4604022,-0.4604022,-0.4604022,-0.4604022,-0.4604022,-0.4604022,-0.4604022,-0.4604022,-0.4604022,-0.4604022,-0.4604022,-0.4604022,-0.4604022,-0.4604022,-0.4604022,0
0,-0.4604022,-0.4604022,-0.4604022,-0.4604022,-0.4604022,-0.4604022,-0.4604022,-0.4604022,-0.4604022,-0.4604022,-0.4604022,-0.4604022,-0.4604022,-0.4604022,-0.4604022,-0.4604022,-0.4604022,-0.4604022,-0.4604022,-0.4604022,-0.4604022,-0.4604022,-0.4604022,-0.4604022,-0.4604022,-0.4604022,-0.4604022,-0.4604022,-0.4604022,-0.4604022,-0.4604022,-0.4604022,-0.4604022,-0.4604022,-0.4604022,-0.4604022,-0.4604022,-0.4604022,-0.4604022,-0.4604022,-0.4604022,-0.4604022,-0.4604022,-0.4604022,-0.4604022,-0.4604022,-0.4604022,-0.4604022,-0.4604022,-0.4604022,-0.4604022,-0.4604022,-0.4604022,-0.4604022,-0.4604022,-0.4604022,-0.4604022,-0.4604022,-0.4604022,-0.4604022,-0.4604022,-0.4604022,-0.4604022,-0.4604022,-0.4604022,-0.4604022,-0.4604022,-0.4604022,-0.4604022,-0.4604022,-0.4604022,-0.4604022,-0.4604022,-0.4604022,-0.4604022,-0.4604022,-0.4604022,-0.4604022,-0.4604022,-0.4604022,-0.4604022,-0.4604022,-0.4604022,-0.4604022,-0.4604022,-0.4604022,-0.4604022,-0.4604022,-0.4604022,-0.4604022,-0.4604022,-0.4604022,-0.4604022,-0.4604022,-0.4604022,-0.4604022,-0.4604022,-0.4604022,-0.4604022,-0.4604022,-0.4604022,-0.4604022,-0.4604022,-0.4604022,-0.4604022,-0.4604022,-0.4604022,-0.4604022,-0.4604022,-0.4604022,-0.4604022,-0.4604022,-0.4604022,-0.4604022,-0.4604022,-0.4604022,-0.4604022,-0.4604022,-0.4604022,-0.4604022,-0.4604022,-0.4604022,-0.4604022,-0.4604022,-0.4604022,-0.4604022,-0.4604022,-0.4604022,-0.4604022,-0.4604022,-0.4604022,-0.4604022,-0.4604022,-0.4604022,-0.4604022,-0.4604022,-0.4604022,-0.4604022,-0.4604022,-0.4604022,-0.4604022,-0.4604022,-0.4604022,-0.4604022,-0.4604022,-0.4604022,-0.4604022,-0.4604022,-0.4604022,-0.4604022,-0.4604022,-0.4604022,-0.4604022,-0.4604022,-0.4604022,-0.4604022,-0.4604022,-0.4604022,-0.4604022,-0.4604022,-0.4604022,-0.4604022,-0.4604022,-0.4604022,-0.4604022,-0.4604022,-0.4604022,-0.4604022,-0.4604022,-0.4604022,-0.4604022,-0.4604022,-0.4604022,-0.4604022,-0.4604022,-0.4604022,-0.4604022,-0.4604022,-0.4604022,-0.4604022,-0.4604022,-0.4604022,-0.4604022,-0.4604022,-0.4604022,-0.4604022,-0.4604022,-0.4604022,-0.4604022,-0.4604022,-0.4604022,-0.4604022,-0.4604022,-0.4604022,-0.4604022,-0.4604022,0
0,-0.4604022,-0.4604022,-0.4604022,-0.4604022,-0.4604022,-0.4604022,-0.4604022,-0.4604022,-0.4604022,-0.4604022,-0.4604022,-0.4604022,-0.4604022,-0.4604022,-0.4604022,-0.4604022,-0.4604022,-0.4604022,-0.4604022,-0.4604022,-0.4604022,-0.4604022,-0.4604022,-0.4604022,-0.4604022,-0.4604022,-0.4604022,-0.4604022,-0.4604022,-0.4604022,-0.4604022,-0.4604022,-0.4604022,-0.4604022,-0.4604022,-0.4604022,-0.4604022,-0.4604022,-0.4604022,-0.4604022,-0.4604022,-0.4604022,-0.4604022,-0.4604022,-0.4604022,-0.4604022,-0.4604022,-0.4604022,-0.4604022,-0.4604022,-0.4604022,-0.4604022,-0.4604022,-0.4604022,-0.4604022,-0.4604022,-0.4604022,-0.4604022,-0.4604022,-0.4604022,-0.4604022,-0.4604022,-0.4604022,-0.4604022,-0.4604022,-0.4604022,-0.4604022,-0.4604022,-0.4604022,-0.4604022,-0.4604022,-0.4604022,-0.4604022,-0.4604022,-0.4604022,-0.4604022,-0.4604022,-0.4604022,-0.4604022,-0.4604022,-0.4604022,-0.4604022,-0.4604022,-0.4604022,-0.4604022,-0.4604022,-0.4604022,-0.4604022,-0.4604022,-0.4604022,-0.4604022,-0.4604022,-0.4604022,-0.4604022,-0.4604022,-0.4604022,-0.4604022,-0.4604022,-0.4604022,-0.4604022,-0.4604022,-0.4604022,-0.4604022,-0.4604022,-0.4604022,-0.4604022,-0.4604022,-0.4604022,-0.4604022,-0.4604022,-0.4604022,-0.4604022,-0.4604022,-0.4604022,-0.4604022,-0.4604022,-0.4604022,-0.4604022,-0.4604022,-0.4604022,-0.4604022,-0.4604022,-0.4604022,-0.4604022,-0.4604022,-0.4604022,-0.4604022,-0.4604022,-0.4604022,-0.4604022,-0.4604022,-0.4604022,-0.4604022,-0.4604022,-0.4604022,-0.4604022,-0.4604022,-0.4604022,-0.4604022,-0.4604022,-0.4604022,-0.4604022,-0.4604022,-0.4604022,-0.4604022,-0.4604022,-0.4604022,-0.4604022,-0.4604022,-0.4604022,-0.4604022,-0.4604022,-0.4604022,-0.4604022,-0.4604022,-0.4604022,-0.4604022,-0.4604022,-0.4604022,-0.4604022,-0.4604022,-0.4604022,-0.4604022,-0.4604022,-0.4604022,-0.4604022,-0.4604022,-0.4604022,-0.4604022,-0.4604022,-0.4604022,-0.4604022,-0.4604022,-0.4604022,-0.4604022,-0.4604022,-0.4604022,-0.4604022,-0.4604022,-0.4604022,-0.4604022,-0.4604022,-0.4604022,-0.4604022,-0.4604022,-0.4604022,-0.4604022,-0.4604022,-0.4604022,-0.4604022,-0.4604022,-0.4604022,-0.4604022,-0.4604022,-0.4604022,-0.4604022,0
0,-0.4604022,-0.4604022,-0.4604022,-0.4604022,-0.4604022,-0.4604022,-0.4604022,-0.4604022,-0.4604022,-0.4604022,-0.4604022,-0.4604022,-0.4604022,-0.4604022,-0.4604022,-0.4604022,-0.4604022,-0.4604022,-0.4604022,-0.4604022,-0.4604022,-0.4604022,-0.4604022,-0.4604022,-0.4604022,-0.4604022,-0.4604022,-0.4604022,-0.4604022,-0.4604022,-0.4604022,-0.4604022,-0.4604022,-0.4604022,-0.4604022,-0.4604022,-0.4604022,-0.4604022,-0.4604022,-0.4604022,-0.4604022,-0.4604022,-0.4604022,-0.4604022,-0.4604022,-0.4604022,-0.4604022,-0.4604022,-0.4604022,-0.4604022,-0.4604022,-0.4604022,-0.4604022,-0.4604022,-0.4604022,-0.4604022,-0.4604022,-0.4604022,-0.4604022,-0.4604022,-0.4604022,-0.4604022,-0.4604022,-0.4604022,-0.4604022,-0.4604022,-0.4604022,-0.4604022,-0.4604022,-0.4604022,-0.4604022,-0.4604022,-0.4604022,-0.4604022,-0.4604022,-0.4604022,-0.4604022,-0.4604022,-0.4604022,-0.4604022,-0.4604022,-0.4604022,-0.4604022,-0.4604022,-0.4604022,-0.4604022,-0.4604022,-0.4604022,-0.4604022,-0.4604022,-0.4604022,-0.4604022,-0.4604022,-0.4604022,-0.4604022,-0.4604022,-0.4604022,-0.4604022,-0.4604022,-0.4604022,-0.4604022,-0.4604022,-0.4604022,-0.4604022,-0.4604022,-0.4604022,-0.4604022,-0.4604022,-0.4604022,-0.4604022,-0.4604022,-0.4604022,-0.4604022,-0.4604022,-0.4604022,-0.4604022,-0.4604022,-0.4604022,-0.4604022,-0.4604022,-0.4604022,-0.4604022,-0.4604022,-0.4604022,-0.4604022,-0.4604022,-0.4604022,-0.4604022,-0.4604022,-0.4604022,-0.4604022,-0.4604022,-0.4604022,-0.4604022,-0.4604022,-0.4604022,-0.4604022,-0.4604022,-0.4604022,-0.4604022,-0.4604022,-0.4604022,-0.4604022,-0.4604022,-0.4604022,-0.4604022,-0.4604022,-0.4604022,-0.4604022,-0.4604022,-0.4604022,-0.4604022,-0.4604022,-0.4604022,-0.4604022,-0.4604022,-0.4604022,-0.4604022,-0.4604022,-0.4604022,-0.4604022,-0.4604022,-0.4604022,-0.4604022,-0.4604022,-0.4604022,-0.4604022,-0.4604022,-0.4604022,-0.4604022,-0.4604022,-0.4604022,-0.4604022,-0.4604022,-0.4604022,-0.4604022,-0.4604022,-0.4604022,-0.4604022,-0.4604022,-0.4604022,-0.4604022,-0.4604022,-0.4604022,-0.4604022,-0.4604022,-0.4604022,-0.4604022,-0.4604022,-0.4604022,-0.4604022,-0.4604022,-0.4604022,-0.4604022,-0.4604022,-0.4604022,0
0,-0.4604022,-0.4604022,-0.4604022,-0.4604022,-0.4604022,-0.4604022,-0.4604022,-0.4604022,-0.4604022,-0.4604022,-0.4604022,-0.4604022,-0.4604022,-0.4604022,-0.4604022,-0.4604022,-0.4604022,-0.4604022,-0.4604022,-0.4604022,-0.4604022,-0.4604022,-0.4604022,-0.4604022,-0.4604022,-0.4604022,-0.4604022,-0.4604022,-0.4604022,-0.4604022,-0.4604022,-0.4604022,-0.4604022,-0.4604022,-0.4604022,-0.4604022,-0.4604022,-0.4604022,-0.4604022,-0.4604022,-0.4604022,-0.4604022,-0.4604022,-0.4604022,-0.4604022,-0.4604022,-0.4604022,-0.4604022,-0.4604022,-0.4604022,-0.4604022,-0.4604022,-0.4604022,-0.4604022,-0.4604022,-0.4604022,-0.4604022,-0.4604022,-0.4604022,-0.4604022,-0.4604022,-0.4604022,-0.4604022,-0.4604022,-0.4604022,-0.4604022,-0.4604022,-0.4604022,-0.4604022,-0.4604022,-0.4604022,-0.4604022,-0.4604022,-0.4604022,-0.4604022,-0.4604022,-0.4604022,-0.4604022,-0.4604022,-0.4604022,-0.4604022,-0.4604022,-0.4604022,-0.4604022,-0.4604022,-0.4604022,-0.4604022,-0.4604022,-0.4604022,-0.4604022,-0.4604022,-0.4604022,-0.4604022,-0.4604022,-0.4604022,-0.4604022,-0.4604022,-0.4604022,-0.4604022,-0.4604022,-0.4604022,-0.4604022,-0.4604022,-0.4604022,-0.4604022,-0.4604022,-0.4604022,-0.4604022,-0.4604022,-0.4604022,-0.4604022,-0.4604022,-0.4604022,-0.4604022,-0.4604022,-0.4604022,-0.4604022,-0.4604022,-0.4604022,-0.4604022,-0.4604022,-0.4604022,-0.4604022,-0.4604022,-0.4604022,-0.4604022,-0.4604022,-0.4604022,-0.4604022,-0.4604022,-0.4604022,-0.4604022,-0.4604022,-0.4604022,-0.4604022,-0.4604022,-0.4604022,-0.4604022,-0.4604022,-0.4604022,-0.4604022,-0.4604022,-0.4604022,-0.4604022,-0.4604022,-0.4604022,-0.4604022,-0.4604022,-0.4604022,-0.4604022,-0.4604022,-0.4604022,-0.4604022,-0.4604022,-0.4604022,-0.4604022,-0.4604022,-0.4604022,-0.4604022,-0.4604022,-0.4604022,-0.4604022,-0.4604022,-0.4604022,-0.4604022,-0.4604022,-0.4604022,-0.4604022,-0.4604022,-0.4604022,-0.4604022,-0.4604022,-0.4604022,-0.4604022,-0.4604022,-0.4604022,-0.4604022,-0.4604022,-0.4604022,-0.4604022,-0.4604022,-0.4604022,-0.4604022,-0.4604022,-0.4604022,-0.4604022,-0.4604022,-0.4604022,-0.4604022,-0.4604022,-0.4604022,-0.4604022,-0.4604022,-0.4604022,-0.4604022,-0.4604022,0
0,-0.4604022,-0.4604022,-0.4604022,-0.4604022,-0.4604022,-0.4604022,-0.4604022,-0.4604022,-0.4604022,-0.4604022,-0.4604022,-0.4604022,-0.4604022,-0.4604022,-0.4604022,-0.4604022,-0.4604022,-0.4604022,-0.4604022,-0.4604022,-0.4604022,-0.4604022,-0.4604022,-0.4604022,-0.4604022,-0.4604022,-0.4604022,-0.4604022,-0.4604022,-0.4604022,-0.4604022,-0.4604022,-0.4604022,-0.4604022,-0.4604022,-0.4604022,-0.4604022,-0.4604022,-0.4604022,-0.4604022,-0.4604022,-0.4604022,-0.4604022,-0.4604022,-0.4604022,-0.4604022,-0.4604022,-0.4604022,-0.4604022,-0.4604022,-0.4604022,-0.4604022,-0.4604022,-0.4604022,-0.4604022,-0.4604022,-0.4604022,-0.4604022,-0.4604022,-0.4604022,-0.4604022,-0.4604022,-0.4604022,-0.4604022,-0.4604022,-0.4604022,-0.4604022,-0.4604022,-0.4604022,-0.4604022,-0.4604022,-0.4604022,-0.4604022,-0.4604022,-0.4604022,-0.4604022,-0.4604022,-0.4604022,-0.4604022,-0.4604022,-0.4604022,-0.4604022,-0.4604022,-0.4604022,-0.4604022,-0.4604022,-0.4604022,-0.4604022,-0.4604022,-0.4604022,-0.4604022,-0.4604022,-0.4604022,-0.4604022,-0.4604022,-0.4604022,-0.4604022,-0.4604022,-0.4604022,-0.4604022,-0.4604022,-0.4604022,-0.4604022,-0.4604022,-0.4604022,-0.4604022,-0.4604022,-0.4604022,-0.4604022,-0.4604022,-0.4604022,-0.4604022,-0.4604022,-0.4604022,-0.4604022,-0.4604022,-0.4604022,-0.4604022,-0.4604022,-0.4604022,-0.4604022,-0.4604022,-0.4604022,-0.4604022,-0.4604022,-0.4604022,-0.4604022,-0.4604022,-0.4604022,-0.4604022,-0.4604022,-0.4604022,-0.4604022,-0.4604022,-0.4604022,-0.4604022,-0.4604022,-0.4604022,-0.4604022,-0.4604022,-0.4604022,-0.4604022,-0.4604022,-0.4604022,-0.4604022,-0.4604022,-0.4604022,-0.4604022,-0.4604022,-0.4604022,-0.4604022,-0.4604022,-0.4604022,-0.4604022,-0.4604022,-0.4604022,-0.4604022,-0.4604022,-0.4604022,-0.4604022,-0.4604022,-0.4604022,-0.4604022,-0.4604022,-0.4604022,-0.4604022,-0.4604022,-0.4604022,-0.4604022,-0.4604022,-0.4604022,-0.4604022,-0.4604022,-0.4604022,-0.4604022,-0.4604022,-0.4604022,-0.4604022,-0.4604022,-0.4604022,-0.4604022,-0.4604022,-0.4604022,-0.4604022,-0.4604022,-0.4604022,-0.4604022,-0.4604022,-0.4604022,-0.4604022,-0.4604022,-0.4604022,-0.4604022,-0.4604022,-0.4604022,-0.4604022,0
0,-0.4604022,-0.4604022,-0.4604022,-0.4604022,-0.4604022,-0.4604022,-0.4604022,-0.4604022,-0.4604022,-0.4604022,-0.4604022,-0.4604022,-0.4604022,-0.4604022,-0.4604022,-0.4604022,-0.4604022,-0.4604022,-0.4604022,-0.4604022,-0.4604022,-0.4604022,-0.4604022,-0.4604022,-0.4604022,-0.4604022,-0.4604022,-0.4604022,-0.4604022,-0.4604022,-0.4604022,-0.4604022,-0.4604022,-0.4604022,-0.4604022,-0.4604022,-0.4604022,-0.4604022,-0.4604022,-0.4604022,-0.4604022,-0.4604022,-0.4604022,-0.4604022,-0.4604022,-0.4604022,-0.4604022,-0.4604022,-0.4604022,-0.4604022,-0.4604022,-0.4604022,-0.4604022,-0.4604022,-0.4604022,-0.4604022,-0.4604022,-0.4604022,-0.4604022,-0.4604022,-0.4604022,-0.4604022,-0.4604022,-0.4604022,-0.4604022,-0.4604022,-0.4604022,-0.4604022,-0.4604022,-0.4604022,-0.4604022,-0.4604022,-0.4604022,-0.4604022,-0.4604022,-0.4604022,-0.4604022,-0.4604022,-0.4604022,-0.4604022,-0.4604022,-0.4604022,-0.4604022,-0.4604022,-0.4604022,-0.4604022,-0.4604022,-0.4604022,-0.4604022,-0.4604022,-0.4604022,-0.4604022,-0.4604022,-0.4604022,-0.4604022,-0.4604022,-0.4604022,-0.4604022,-0.4604022,-0.4604022,-0.4604022,-0.4604022,-0.4604022,-0.4604022,-0.4604022,-0.4604022,-0.4604022,-0.4604022,-0.4604022,-0.4604022,-0.4604022,-0.4604022,0,0,0,0,0,0,-1.0995814,-1.0995814,-1.0995814,-1.0995814,-1.0995814,-1.0995814,-1.0995814,-1.0995814,-1.0995814,-1.0995814,-1.0995814,-1.0995814,-1.0995814,-1.0995814,-1.0995814,-1.0995814,-1.0995814,-1.0995814,-1.0995814,-1.0995814,-1.0995814,-1.0995814,-1.0995814,-1.0995814,-1.0995814,-1.0995814,-1.0995814,-1.0995814,-1.0995814,-1.0995814,-1.0995814,-1.0995814,-1.0995814,-1.0995814,-1.0995814,-1.0995814,-1.0995814,-1.0995814,-1.0995814,-1.0995814,-1.0995814,-1.0995814,-1.0995814,-1.0995814,-1.0995814,-1.0995814,-1.0995814,-1.0995814,-1.0995814,-1.0995814,-1.0995814,-1.0995814,-1.0995814,-1.0995814,-1.0995814,-1.0995814,-1.0995814,-1.0995814,-1.0995814,-1.0995814,-1.0995814,-1.0995814,-1.0995814,-1.0995814,-1.0995814,-1.0995814,-1.0995814,-1.0995814,-1.0995814,-1.0995814,-1.0995814,-1.0995814,-1.0995814,-1.0995814,-1.0995814,-1.0995814,-1.0995814,-1.0995814,0
0,-1.0995814,-1.0995814,-1.0995814,-1.0995814,-1.0995814,-1.0995814,-1.0995814,-1.0995814,-1.0995814,-1.0995814,-1.0995814,-1.0995814,-1.0995814,-1.0995814,-1.0995814,-1.0995814,-1.0995814,-1.0995814,-1.0995814,-1.0995814,-1.0995814,-1.0995814,-1.0995814,-1.0995814,-1.0995814,-1.0995814,-1.0995814,-1.0995814,-1.0995814,-1.0995814,-1.0995814,-1.0995814,-1.0995814,-1.0995814,-1.0995814,-1.0995814,-1.0995814,-1.0995814,-1.0995814,-1.0995814,-1.0995814,-1.0995814,-1.0995814,-1.0995814,-1.0995814,-1.0995814,-1.0995814,-1.0995814,-1.0995814,-1.0995814,-1.0995814,-1.0995814,-1.0995814,-1.0995814,-1.0995814,-1.0995814,-1.0995814,-1.0995814,-1.0995814,-1.0995814,-1.0995814,-1.0995814,-1.0995814,-1.0995814,-1.0995814,-1.0995814,-1.0995814,-1.0995814,-1.0995814,-1.0995814,-1.0995814,-1.0995814,-1.0995814,-1.0995814,-1.0995814,-1.0995814,-1.0995814,-1.0995814,-1.0995814,-1.0995814,-1.0995814,-1.0995814,-1.0995814,-1.0995814,-1.0995814,-1.0995814,-1.0995814,-1.0995814,-1.0995814,-1.0995814,-1.0995814,-1.0995814,-1.0995814,-1.0995814,-1.0995814,-1.0995814,-1.0995814,-1.0995814,-1.0995814,-1.0995814,-1.0995814,-1.0995814,-1.0995814,-1.0995814,-1.0995814,-1.0995814,-1.0995814,-1.0995814,-1.0995814,-1.0995814,-1.0995814,-1.0995814,-1.0995814,-1.0995814,-1.0995814,-1.0995814,-1.0995814,-1.0995814,-1.0995814,-1.0995814,-1.0995814,-1.0995814,-1.0995814,-1.0995814,-1.0995814,-1.0995814,-1.0995814,-1.0995814,-1.0995814,-1.0995814,-1.0995814,-1.0995814,-1.0995814,-1.0995814,-1.0995814,-1.0995814,-1.0995814,-1.0995814,-1.0995814,-1.0995814,-1.0995814,-1.0995814,-1.0995814,-1.0995814,-1.0995814,-1.0995814,-1.0995814,-1.0995814,-1.0995814,-1.0995814,-1.0995814,-1.0995814,-1.0995814,-1.0995814,-1.0995814,-1.0995814,-1.0995814,-1.0995814,-1.0995814,-1.0995814,-1.0995814,-1.0995814,-1.0995814,-1.0995814,-1.0995814,-1.0995814,-1.0995814,-1.0995814,-1.0995814,-1.0995814,-1.0995814,-1.0995814,-1.0995814,-1.0995814,-1.0995814,-1.0995814,-1.0995814,-1.0995814,-1.0995814,-1.0995814,-1.0995814,-1.0995814,-1.0995814,-1.0995814,-1.0995814,-1.0995814,-1.0995814,-1.0995814,-1.0995814,-1.0995814,-1.0995814,-1.0995814,-1.0995814,-1.0995814,-1.0995814,-1.0995814,0
0,-1.0995814,-1.0995814,-1.0995814,-1.0995814,-1.0995814,-1.0995814,-1.0995814,-1.0995814,-1.0995814,-1.0995814,-1.0995814,-1.0995814,-1.0995814,-1.0995814,-1.0995814,-1.0995814,-1.0995814,-1.0995814,-1.0995814,-1.0995814,-1.0995814,-1.0995814,-1.0995814,-1.0995814,-1.0995814,-1.0995814,-1.0995814,-1.0995814,-1.0995814,-1.0995814,-1.0995814,-1.0995814,-1.0995814,-1.0995814,-1.0995814,-1.0995814,-1.0995814,-1.0995814,-1.0995814,-1.0995814,-1.0995814,-1.0995814,-1.0995814,-1.0995814,-1.0995814,-1.0995814,-1.0995814,-1.0995814,-1.0995814,-1.0995814,-1.0995814,-1.0995814,-1.0995814,-1.0995814,-1.0995814,-1.0995814,-1.0995814,-1.0995814,-1.0995814,-1.0995814,-1.0995814,-1.0995814,-1.0995814,-1.0995814,-1.0995814,-1.0995814,-1.0995814,-1.0995814,-1.0995814,-1.0995814,-1.0995814,-1.0995814,-1.0995814,-1.0995814,-1.0995814,-1.0995814,-1.0995814,-1.0995814,-1.0995814,-1.0995814,-1.0995814,-1.0995814,-1.0995814,-1.0995814,-1.0995814,-1.0995814,-1.0995814,-1.0995814,-1.0995814,-1.0995814,-1.0995814,-1.0995814,-1.0995814,-1.0995814,-1.0995814,-1.0995814,-1.0995814,-1.0995814,-1.0995814,-1.0995814,-1.0995814,-1.0995814,-1.0995814,-1.0995814,-1.0995814,-1.0995814,-1.0995814,-1.0995814,-1.0995814,-1.0995814,-1.0995814,-1.0995814,-1.0995814,-1.0995814,-1.0995814,-1.0995814,-1.0995814,-1.0995814,-1.0995814,-1.0995814,-1.0995814,-1.0995814,-1.0995814,-1.0995814,-1.0995814,-1.0995814,-1.0995814,-1.0995814,-1.0995814,-1.0995814,-1.0995814,-1.0995814,-1.0995814,-1.0995814,-1.0995814,-1.0995814,-1.0995814,-1.0995814,-1.0995814,-1.0995814,-1.0995814,-1.0995814,-1.0995814,-1.0995814,-1.0995814,-1.0995814,-1.0995814,-1.0995814,-1.0995814,-1.0995814,-1.0995814,-1.0995814,-1.0995814,-1.0995814,-1.0995814,-1.0995814,-1.0995814,-1.0995814,-1.0995814,-1.0995814,-1.0995814,-1.0995814,-1.0995814,-1.0995814,-1.0995814,-1.0995814,-1.0995814,-1.0995814,-1.0995814,-1.0995814,-1.0995814,-1.0995814,-1.0995814,-1.0995814,-1.0995814,-1.0995814,-1.0995814,-1.0995814,-1.0995814,-1.0995814,-1.0995814,-1.0995814,-1.0995814,-1.0995814,-1.0995814,-1.0995814,-1.0995814,-1.0995814,-1.0995814,-1.0995814,-1.0995814,-1.0995814,-1.0995814,-1.0995814,-1.0995814,-1.0995814,0
0,-1.0995814,-1.0995814,-1.0995814,-1.0995814,-1.0995814,-1.0995814,-1.0995814,-1.0995814,-1.0995814,-1.0995814,-1.0995814,-1.0995814,-1.0995814,-1.0995814,-1.0995814,-1.0995814,-1.0995814,-1.0995814,-1.0995814,-1.0995814,-1.0995814,-1.0995814,-1.0995814,-1.0995814,-1.0995814,-1.0995814,-1.0995814,-1.0995814,-1.0995814,-1.0995814,-1.0995814,-1.0995814,-1.0995814,-1.0995814,-1.0995814,-1.0995814,-1.0995814,-1.0995814,-1.0995814,-1.0995814,-1.0995814,-1.0995814,-1.0995814,-1.0995814,-1.0995814,-1.0995814,-1.0995814,-1.0995814,-1.0995814,-1.0995814,-1.0995814,-1.0995814,-1.0995814,-1.0995814,-1.0995814,-1.0995814,-1.0995814,-1.0995814,-1.0995814,-1.0995814,-1.0995814,-1.0995814,-1.0995814,-1.0995814,-1.0995814,-1.0995814,-1.0995814,-1.0995814,-1.0995814,-1.0995814,-1.0995814,-1.0995814,-1.0995814,-1.0995814,-1.0995814,-1.0995814,-1.0995814,-1.0995814,-1.0995814,-1.0995814,-1.0995814,-1.0995814,-1.0995814,-1.0995814,-1.0995814,-1.0995814,-1.0995814,-1.0995814,-1.0995814,-1.0995814,-1.0995814,-1.0995814,-1.0995814,-1.0995814,-1.0995814,-1.0995814,-1.0995814,-1.0995814,-1.0995814,-1.0995814,-1.0995814,-1.0995814,-1.0995814,-1.0995814,-1.0995814,-1.0995814,-1.0995814,-1.0995814,-1.0995814,-1.0995814,-1.0995814,-1.0995814,-1.0995814,-1.0995814,-1.0995814,-1.0995814,-1.0995814,-1.0995814,-1.0995814,-1.0995814,-1.0995814,-1.0995814,-1.0995814,-1.0995814,-1.0995814,-1.0995814,-1.0995814,-1.0995814,-1.0995814,-1.0995814,-1.0995814,-1.0995814,-1.0995814,-1.0995814,-1.0995814,-1.0995814,-1.0995814,-1.0995814,-1.0995814,-1.0995814,-1.0995814,-1.0995814,-1.0995814,-1.0995814,-1.0995814,-1.0995814,-1.0995814,-1.0995814,-1.0995814,-1.0995814,-1.0995814,-1.0995814,-1.0995814,-1.0995814,-1.0995814,-1.0995814,-1.0995814,-1.0995814,-1.0995814,-1.0995814,-1.0995814,-1.0995814,-1.0995814,-1.0995814,-1.0995814,-1.0995814,-1.0995814,-1.0995814,-1.0995814,-1.0995814,-1.0995814,-1.0995814,-1.0995814,-1.0995814,-1.0995814,-1.0995814,-1.0995814,-1.0995814,-1.0995814,-1.0995814,-1.0995814,-1.0995814,-1.0995814,-1.0995814,-1.0995814,-1.0995814,-1.0995814,-1.0995814,-1.0995814,-1.0995814,-1.0995814,-1.0995814,-1.0995814,-1.0995814,-1.0995814,-1.0995814,0
0,-1.0995814,-1.0995814,-1.0995814,-1.0995814,-1.0995814,-1.0995814,-1.0995814,-1.0995814,-1.0995814,-1.0995814,-1.0995814,-1.0995814,-1.0995814,-1.0995814,-1.0995814,-1.0995814,-1.0995814,-1.0995814,-1.0995814,-1.0995814,-1.0995814,-1.0995814,-1.0995814,-1.0995814,-1.0995814,-1.0995814,-1.0995814,-1.0995814,-1.0995814,-1.0995814,-1.0995814,-1.0995814,-1.0995814,-1.0995814,-1.0995814,-1.0995814,-1.0995814,-1.0995814,-1.0995814,-1.0995814,-1.0995814,-1.0995814,-1.0995814,-1.0995814,-1.0995814,-1.0995814,-1.0995814,-1.0995814,-1.0995814,-1.0995814,-1.0995814,-1.0995814,-1.0995814,-1.0995814,-1.0995814,-1.0995814,-1.0995814,-1.0995814,-1.0995814,-1.0995814,-1.0995814,-1.0995814,-1.0995814,-1.0995814,-1.0995814,-1.0995814,-1.0995814,-1.0995814,-1.0995814,-1.0995814,-1.0995814,-1.0995814,-1.0995814,-1.0995814,-1.0995814,-1.0995814,-1.0995814,-1.0995814,-1.0995814,-1.0995814,-1.0995814,-1.0995814,-1.0995814,-1.0995814,-1.0995814,-1.0995814,-1.0995814,-1.0995814,-1.0995814,-1.0995814,-1.0995814,-1.0995814,-1.0995814,-1.0995814,-1.0995814,-1.0995814,-1.0995814,-1.0995814,-1.0995814,-1.0995814,-1.0995814,-1.0995814,-1.0995814,-1.0995814,-1.0995814,-1.0995814,-1.0995814,-1.0995814,-1.0995814,-1.0995814,-1.0995814,-1.0995814,-1.0995814,-1.0995814,-1.0995814,-1.0995814,-1.0995814,-1.0995814,-1.0995814,-1.0995814,-1.0995814,-1.0995814,-1.0995814,-1.0995814,-1.0995814,-1.0995814,-1.0995814,-1.0995814,-1.0995814,-1.0995814,-1.0995814,-1.0995814,-1.0995814,-1.0995814,-1.0995814,-1.0995814,-1.0995814,-1.0995814,-1.0995814,-1.0995814,-1.0995814,-1.0995814,-1.0995814,-1.0995814,-1.0995814,-1.0995814,-1.0995814,-1.0995814,-1.0995814,-1.0995814,-1.0995814,-1.0995814,-1.0995814,-1.0995814,-1.0995814,-1.0995814,-1.0995814,-1.0995814,-1.0995814,-1.0995814,-1.0995814,-1.0995814,-1.0995814,-1.0995814,-1.0995814,-1.0995814,-1.0995814,-1.0995814,-1.0995814,-1.0995814,-1.0995814,-1.0995814,-1.0995814,-1.0995814,-1.0995814,-1.0995814,-1.0995814,-1.0995814,-1.0995814,-1.0995814,-1.0995814,-1.0995814,-1.0995814,-1.0995814,-1.0995814,-1.0995814,-1.0995814,-1.0995814,-1.0995814,-1.0995814,-1.0995814,-1.0995814,-1.0995814,-1.0995814,-1.0995814,-1.0995814,0
0,-1.0995814,-1.0995814,-1.0995814,-1.0995814,-1.0995814,-1.0995814,-1.0995814,-1.0995814,-1.0995814,-1.0995814,-1.0995814,-1.0995814,-1.0995814,-1.0995814,-1.0995814,-1.0995814,-1.0995814,-1.0995814,-1.0995814,-1.0995814,-1.0995814,-1.0995814,-1.0995814,-1.0995814,-1.0995814,-1.0995814,-1.0995814,-1.0995814,-1.0995814,-1.0995814,-1.0995814,-1.0995814,-1.0995814,-1.0995814,-1.0995814,-1.0995814,-1.0995814,-1.0995814,-1.0995814,-1.0995814,-1.0995814,-1.0995814,-1.0995814,-1.0995814,-1.0995814,-1.0995814,-1.0995814,-1.0995814,-1.0995814,-1.0995814,-1.0995814,-1.0995814,-1.0995814,-1.0995814,-1.0995814,-1.0995814,-1.0995814,-1.0995814,-1.0995814,-1.0995814,-1.0995814,-1.0995814,-1.0995814,-1.0995814,-1.0995814,-1.0995814,-1.0995814,0,0,0,0,0,0,0,0,0,0,0,0,0,0,0,0,0,0,0,0,0,0,0,0,0,0,0,0,0,0,0,0,0,0,0,0,0,0,0,0,0,0,0,0,0,0,0,0,0,0,0,0,0,0,0,0,0,0,0,0,0,0,0,0,0,0,0,0,0,0,0,0,0,0,0,0,0,0,0,0,0,0,0,0,0,0,0,0,0,0,0,0,0,0,0,0,0,0,0,0,0,0,0,0,0,0,0,0,0,0,0,0,0,0,0,0,0,0,0,0,0,0,0,0,0,0,0,0,0,0
0,0,0,0,0,0,0,0,0,0,0,0,0,0,0,0,0,0,0,0,0,0,0,0,0,0,0,0,0,0,0,0,0,0,0,0,0,0,0,0,0,0,0,0,0,0,0,0,0,0,0,0,0,0,0,0,0,0,0,0,0,0,0,0,0,0,0,0,0,0,0,0,0,0,0,0,0,0,0,0,0,0,0,0,0,0,0,0,0,0,0,0,0,0,0,0,0,0,0,0,0,0,0,0,0,0,0,0,0,0,0,0,0,0,0,0,0,0,0,0,0,0,0,0,0,0,0,0,0,0,0,0,0,0,0,0,0,0,0,0,0,0,0,0,0,0,0,0,0,0,0,0,0,0,0,0,0,0,0,0,0,0,0,0,0,0,0,0,0,0,0,0,0,0,0,0,0,0,0,0,0,0,0,0,0,0,0,0,0,0,0,0,0,0,0,0,0,0
0,0,0,0,0,0,0,0,0,0,0,0,0,0,0,0,0,0,0,0,0,0,0,0,0,0,0,0,0,0,0,0,0,0,0,0,0,0,0,0,0,0,0,0,0,0,0,0,0,0,0,0,0,0,0,0,0,0,0,0,0,0,0,0,0,0,0,0,0,0,0,0,0,0,0,0,0,0,0,0,0,0,0,0,0,0,0,0,0,0,0,0,0,0,0,0,0,0,0,0,0,0,0,0,0,0,0,0,0,0,0,0,0,0,0,0,0,0,0,0,0,0,0,0,0,0,0,0,0,0,0,0,0,0,0,0,0,0,0,0,0,0,0,0,0,0,0,0,0,0,0,0,0,0,0,0,0,0,0,0,0,0,0,0,0,0,0,0,0,0,0,0,0,0,0,0,0,0,0,0,0,0,0,0,0,0,0,0,0,0,0,0,0,0,0,0,0,0
0,0,0,0,0,0,0,0,0,0,0,0,0,0,0,0,0,0,0,0,0,0,0,0,0,0,0,0,0,0,0,0,0,0,0,0,0,0,0,0,0,0,0,0,0,0,0,0,0,0,0,0,0,0,0,0,0,0,0,0,0,0,0,0,0,0,0,0,0,0,0,0,0,0,0,0,0,0,0,0,0,0,0,0,0,0,0,0,0,0,0,0,0,0,0,0,0,0,0,0,0,0,0,0,0,0,0,0,0,0,0,0,0,0,0,0,0,0,0,0,0,0,0,0,0,0,0,0,0,0,0,0,0,0,0,0,0,0,0,0,0,0,0,0,0,0,0,0,0,0,0,0,0,0,0,0,0,0,0,0,0,0,0,0,0,0,0,0,0,0,0,0,0,0,0,0,0,0,0,0,0,0,0,0,0,0,0,0,0,0,0,0,0,0,0,0,0,0
0,0,0,0,0,0,0,0,0,0,0,0,0,0,0,0,0,0,0,0,0,0,0,0,0,0,0,0,0,0,0,0,0,0,0,0,0,0,0,0,0,0,0,0,0,0,0,0,0,0,0,0,0,0,0,0,0,0,0,0,0,0,0,0,0,0,0,0,0,0,0,0,0,0,0,0,0,0,0,0,0,0,0,0,0,0,0,0,0,0,0,0,0,0,0,0,0,0,0,0,0,0,0,0,0,0,0,0,0,0,0,0,0,0,0,0,0,0,0,0,0,0,0,0,0,0,0,0,0,0,0,0,0,0,0,0,0,0,0,0,0,0,0,0,0,0,0,0,0,0,0,0,0,0,0,0,0,0,0,0,0,0,0,0,0,0,0,0,0,0,0,0,0,0,0,0,0,0,0,0,0,0,0,0,0,0,0,0,0,0,0,0,0,0,0,0,0,0
0,0,0,0,0,0,0,0,0,0,0,0,0,0,0,0,0,0,0,0,0,0,0,0,0,0,0,0,0,0,0,0,0,0,0,0,0,0,0,0,0,0,0,0,0,0,0,0,0,0,0,0,0,0,0,0,0,0,0,0,0,0,0,0,0,0,0,0,0,0,0,0,0,0,0,0,0,0,0,0,0,0,0,0,0,0,0,0,0,0,0,0,0,0,0,0,0,0,0,0,0,0,0,0,0,0,0,0,0,0,0,0,0,0,0,0,0,0,0,0,0,0,0,0,0,0,0,0,0,0,0,0,0,0,0,0,0,0,0,0,0,0,0,0,0,0,0,0,0,0,0,0,0,0,0,0,0,0,0,0,0,0,0,0,0,0,0,0,0,0,0,0,0,0,0,0,0,0,0,0,0,0,0,0,0,0,0,0,0,0,0,0,0,0,0,0,0,0
0,0,0,0,0,0,0,0,0,0,0,0,0,0,0,0,0,0,0,0,0,0,0,0,0,0,0,0,0,0,0,0,0,0,0,0,0,0,0,0,0,0,0,0,0,0,0,0,0,0,0,0,0,0,0,0,0,0,0,0,0,0,0,0,0,0,0,0,0,0,0,0,0,0,0,0,0,0,0,0,0,0,0,0,0,0,0,0,0,0,0,0,0,0,0,0,0,0,0,0,0,0,0,0,0,0,0,0,0,0,0,0,0,0,0,0,0,0,0,0,0,0,0,0,0,0,0,0,0,0,0,0,0,0,0,0,0,0,0,0,0,0,0,0,0,0,0,0,0,0,0,0,0,0,0,0,0,0,0,0,0,0,0,0,0,0,0,0,-0.5040266,-0.5040266,-0.5040266,-0.5040266,-0.5040266,-0.5040266,-0.5040266,-0.5040266,-0.5040266,-0.5040266,-0.5040266,-0.5040266,-0.5040266,-0.5040266,-0.5040266,-0.5040266,-0.5040266,-0.5040266,-0.5040266,-0.5040266,-0.5040266,-0.5040266,-0.5040266,-0.5040266,-0.5040266,-0.5040266,-0.5040266,-0.5040266,-0.5040266,0
0,-0.5040266,-0.5040266,-0.5040266,-0.5040266,-0.5040266,-0.5040266,-0.5040266,-0.5040266,-0.5040266,-0.5040266,-0.5040266,-0.5040266,-0.5040266,-0.5040266,-0.5040266,-0.5040266,-0.5040266,-0.5040266,-0.5040266,-0.5040266,-0.5040266,-0.5040266,-0.5040266,-0.5040266,-0.5040266,-0.5040266,-0.5040266,-0.5040266,-0.5040266,-0.5040266,-0.5040266,-0.5040266,-0.5040266,-0.5040266,-0.5040266,-0.5040266,-0.5040266,-0.5040266,-0.5040266,-0.5040266,-0.5040266,-0.5040266,-0.5040266,-0.5040266,-0.5040266,-0.5040266,-0.5040266,-0.5040266,-0.5040266,-0.5040266,-0.5040266,-0.5040266,-0.5040266,-0.5040266,-0.5040266,-0.5040266,-0.5040266,-0.5040266,-0.5040266,-0.5040266,-0.5040266,-0.5040266,-0.5040266,-0.5040266,-0.5040266,-0.5040266,-0.5040266,-0.5040266,-0.5040266,-0.5040266,-0.5040266,-0.5040266,-0.5040266,-0.5040266,-0.5040266,-0.5040266,-0.5040266,-0.5040266,-0.5040266,-0.5040266,-0.5040266,-0.5040266,-0.5040266,-0.5040266,-0.5040266,-0.5040266,-0.5040266,-0.5040266,-0.5040266,-0.5040266,-0.5040266,-0.5040266,-0.5040266,-0.5040266,-0.5040266,-0.5040266,-0.5040266,-0.5040266,-0.5040266,-0.5040266,-0.5040266,-0.5040266,-0.5040266,-0.5040266,-0.5040266,-0.5040266,-0.5040266,-0.5040266,-0.5040266,-0.5040266,-0.5040266,-0.5040266,-0.5040266,-0.5040266,-0.5040266,-0.5040266,-0.5040266,-0.5040266,-0.5040266,-0.5040266,-0.5040266,-0.5040266,-0.5040266,-0.5040266,-0.5040266,-0.5040266,-0.5040266,-0.5040266,-0.5040266,-0.5040266,-0.5040266,-0.5040266,-0.5040266,-0.5040266,-0.5040266,-0.5040266,-0.5040266,-0.5040266,-0.5040266,-0.5040266,-0.5040266,-0.5040266,-0.5040266,-0.5040266,-0.5040266,-0.5040266,-0.5040266,-0.5040266,-0.5040266,-0.5040266,-0.5040266,-0.5040266,-0.5040266,-0.5040266,-0.5040266,-0.5040266,-0.5040266,-0.5040266,-0.5040266,-0.5040266,-0.5040266,-0.5040266,-0.5040266,-0.5040266,-0.5040266,-0.5040266,-0.5040266,-0.5040266,-0.5040266,-0.5040266,-0.5040266,-0.5040266,-0.5040266,-0.5040266,-0.5040266,-0.5040266,-0.5040266,-0.5040266,-0.5040266,-0.5040266,-0.5040266,-0.5040266,-0.5040266,-0.5040266,-0.5040266,-0.5040266,-0.5040266,-0.5040266,-0.5040266,-0.5040266,-0.5040266,-0.5040266,-0.5040266,-0.5040266,-0.5040266,-0.5040266,0
0,-0.5040266,-0.5040266,-0.5040266,-0.5040266,-0.5040266,-0.5040266,-0.5040266,-0.5040266,-0.5040266,-0.5040266,-0.5040266,-0.5040266,-0.5040266,-0.5040266,-0.5040266,-0.5040266,-0.5040266,-0.5040266,-0.5040266,-0.5040266,-0.5040266,-0.5040266,-0.5040266,-0.5040266,-0.5040266,-0.5040266,-0.5040266,-0.5040266,-0.5040266,-0.5040266,-0.5040266,-0.5040266,-0.5040266,-0.5040266,-0.5040266,-0.5040266,-0.5040266,-0.5040266,-0.5040266,-0.5040266,-0.5040266,-0.5040266,-0.5040266,-0.5040266,-0.5040266,-0.5040266,-0.5040266,-0.5040266,-0.5040266,-0.5040266,-0.5040266,-0.5040266,-0.5040266,-0.5040266,-0.5040266,-0.5040266,-0.5040266,-0.5040266,-0.5040266,-0.5040266,-0.5040266,-0.5040266,-0.5040266,-0.5040266,-0.5040266,-0.5040266,-0.5040266,-0.5040266,-0.5040266,-0.5040266,-0.5040266,-0.5040266,-0.5040266,-0.5040266,-0.5040266,-0.5040266,-0.5040266,-0.5040266,-0.5040266,-0.5040266,-0.5040266,-0.5040266,-0.5040266,-0.5040266,-0.5040266,-0.5040266,-0.5040266,-0.5040266,-0.5040266,-0.5040266,-0.5040266,-0.5040266,-0.5040266,-0.5040266,-0.5040266,-0.5040266,-0.5040266,-0.5040266,-0.5040266,-0.5040266,-0.5040266,-0.5040266,-0.5040266,-0.5040266,-0.5040266,-0.5040266,-0.5040266,-0.5040266,-0.5040266,-0.5040266,-0.5040266,-0.5040266,-0.5040266,-0.5040266,-0.5040266,-0.5040266,-0.5040266,-0.5040266,-0.5040266,-0.5040266,-0.5040266,-0.5040266,-0.5040266,-0.5040266,-0.5040266,-0.5040266,-0.5040266,-0.5040266,-0.5040266,-0.5040266,-0.5040266,-0.5040266,-0.5040266,-0.5040266,-0.5040266,-0.5040266,-0.5040266,-0.5040266,-0.5040266,-0.5040266,-0.5040266,-0.5040266,-0.5040266,-0.5040266,-0.5040266,-0.5040266,-0.5040266,-0.5040266,-0.5040266,-0.5040266,-0.5040266,-0.5040266,-0.5040266,-0.5040266,-0.5040266,-0.5040266,-0.5040266,-0.5040266,-0.5040266,-0.5040266,-0.5040266,-0.5040266,-0.5040266,-0.5040266,-0.5040266,-0.5040266,-0.5040266,-0.5040266,-0.5040266,-0.5040266,-0.5040266,-0.5040266,-0.5040266,-0.5040266,-0.5040266,-0.5040266,-0.5040266,-0.5040266,-0.5040266,-0.5040266,-0.5040266,-0.5040266,-0.5040266,-0.5040266,-0.5040266,-0.5040266,-0.5040266,-0.5040266,-0.5040266,-0.5040266,-0.5040266,-0.5040266,-0.5040266,-0.5040266,-0.5040266,-0.5040266,0
0,-0.5040266,-0.5040266,-0.5040266,-0.5040266,-0.5040266,-0.5040266,-0.5040266,-0.5040266,-0.5040266,-0.5040266,-0.5040266,-0.5040266,-0.5040266,-0.5040266,-0.5040266,-0.5040266,-0.5040266,-0.5040266,-0.5040266,-0.5040266,-0.5040266,-0.5040266,-0.5040266,-0.5040266,-0.5040266,-0.5040266,-0.5040266,-0.5040266,-0.5040266,-0.5040266,-0.5040266,-0.5040266,-0.5040266,-0.5040266,-0.5040266,-0.5040266,-0.5040266,-0.5040266,-0.5040266,-0.5040266,-0.5040266,-0.5040266,-0.5040266,-0.5040266,-0.5040266,-0.5040266,-0.5040266,-0.5040266,-0.5040266,-0.5040266,-0.5040266,-0.5040266,-0.5040266,-0.5040266,-0.5040266,-0.5040266,-0.5040266,-0.5040266,-0.5040266,-0.5040266,-0.5040266,-0.5040266,-0.5040266,-0.5040266,-0.5040266,-0.5040266,-0.5040266,-0.5040266,-0.5040266,-0.5040266,-0.5040266,-0.5040266,-0.5040266,-0.5040266,-0.5040266,-0.5040266,-0.5040266,-0.5040266,-0.5040266,-0.5040266,-0.5040266,-0.5040266,-0.5040266,-0.5040266,-0.5040266,-0.5040266,-0.5040266,-0.5040266,-0.5040266,-0.5040266,-0.5040266,-0.5040266,-0.5040266,-0.5040266,-0.5040266,-0.5040266,-0.5040266,-0.5040266,-0.5040266,-0.5040266,-0.5040266,-0.5040266,-0.5040266,-0.5040266,-0.5040266,-0.5040266,-0.5040266,-0.5040266,-0.5040266,-0.5040266,-0.5040266,-0.5040266,-0.5040266,-0.5040266,-0.5040266,-0.5040266,-0.5040266,-0.5040266,-0.5040266,-0.5040266,-0.5040266,-0.5040266,-0.5040266,-0.5040266,-0.5040266,-0.5040266,-0.5040266,-0.5040266,-0.5040266,-0.5040266,-0.5040266,-0.5040266,-0.5040266,-0.5040266,-0.5040266,-0.5040266,-0.5040266,-0.5040266,-0.5040266,-0.5040266,-0.5040266,-0.5040266,-0.5040266,-0.5040266,-0.5040266,-0.5040266,-0.5040266,-0.5040266,-0.5040266,-0.5040266,-0.5040266,-0.5040266,-0.5040266,-0.5040266,-0.5040266,-0.5040266,-0.5040266,-0.5040266,-0.5040266,-0.5040266,-0.5040266,-0.5040266,-0.5040266,-0.5040266,-0.5040266,-0.5040266,-0.5040266,-0.5040266,-0.5040266,-0.5040266,-0.5040266,-0.5040266,-0.5040266,-0.5040266,-0.5040266,-0.5040266,-0.5040266,-0.5040266,-0.5040266,-0.5040266,-0.5040266,-0.5040266,-0.5040266,-0.5040266,-0.5040266,-0.5040266,-0.5040266,-0.5040266,-0.5040266,-0.5040266,-0.5040266,-0.5040266,-0.5040266,-0.5040266,-0.5040266,-0.5040266,0
0,-0.5040266,-0.5040266,-0.5040266,-0.5040266,-0.5040266,-0.5040266,-0.5040266,-0.5040266,-0.5040266,-0.5040266,-0.5040266,-0.5040266,-0.5040266,-0.5040266,-0.5040266,-0.5040266,-0.5040266,-0.5040266,-0.5040266,-0.5040266,-0.5040266,-0.5040266,-0.5040266,-0.5040266,-0.5040266,-0.5040266,-0.5040266,-0.5040266,-0.5040266,-0.5040266,-0.5040266,-0.5040266,-0.5040266,-0.5040266,-0.5040266,-0.5040266,-0.5040266,-0.5040266,-0.5040266,-0.5040266,-0.5040266,-0.5040266,-0.5040266,-0.5040266,-0.5040266,-0.5040266,-0.5040266,-0.5040266,-0.5040266,-0.5040266,-0.5040266,-0.5040266,-0.5040266,-0.5040266,-0.5040266,-0.5040266,-0.5040266,-0.5040266,-0.5040266,-0.5040266,-0.5040266,-0.5040266,-0.5040266,-0.5040266,-0.5040266,-0.5040266,-0.5040266,-0.5040266,-0.5040266,-0.5040266,-0.5040266,-0.5040266,-0.5040266,-0.5040266,-0.5040266,-0.5040266,-0.5040266,-0.5040266,-0.5040266,-0.5040266,-0.5040266,-0.5040266,-0.5040266,-0.5040266,-0.5040266,-0.5040266,-0.5040266,-0.5040266,-0.5040266,-0.5040266,-0.5040266,-0.5040266,-0.5040266,-0.5040266,-0.5040266,-0.5040266,-0.5040266,-0.5040266,-0.5040266,-0.5040266,-0.5040266,-0.5040266,-0.5040266,-0.5040266,-0.5040266,-0.5040266,-0.5040266,-0.5040266,-0.5040266,-0.5040266,-0.5040266,-0.5040266,-0.5040266,-0.5040266,-0.5040266,-0.5040266,-0.5040266,-0.5040266,-0.5040266,-0.5040266,-0.5040266,-0.5040266,-0.5040266,-0.5040266,-0.5040266,-0.5040266,-0.5040266,-0.5040266,-0.5040266,-0.5040266,-0.5040266,-0.5040266,-0.5040266,-0.5040266,-0.5040266,-0.5040266,-0.5040266,-0.5040266,-0.5040266,-0.5040266,-0.5040266,-0.5040266,-0.5040266,-0.5040266,-0.5040266,-0.5040266,-0.5040266,-0.5040266,-0.5040266,-0.5040266,-0.5040266,-0.5040266,-0.5040266,-0.5040266,-0.5040266,-0.5040266,-0.5040266,-0.5040266,-0.5040266,-0.5040266,-0.5040266,-0.5040266,-0.5040266,-0.5040266,-0.5040266,-0.5040266,-0.5040266,-0.5040266,-0.5040266,-0.5040266,-0.5040266,-0.5040266,-0.5040266,-0.5040266,-0.5040266,-0.5040266,-0.5040266,-0.5040266,-0.5040266,-0.5040266,-0.5040266,-0.5040266,-0.5040266,-0.5040266,-0.5040266,-0.5040266,-0.5040266,-0.5040266,-0.5040266,-0.5040266,-0.5040266,-0.5040266,-0.5040266,-0.5040266,-0.5040266,-0.5040266,0
0,-0.5040266,-0.5040266,-0.5040266,-0.5040266,-0.5040266,-0.5040266,-0.5040266,-0.5040266,-0.5040266,-0.5040266,-0.5040266,-0.5040266,-0.5040266,-0.5040266,-0.5040266,-0.5040266,-0.5040266,-0.5040266,-0.5040266,-0.5040266,-0.5040266,-0.5040266,-0.5040266,-0.5040266,-0.5040266,-0.5040266,-0.5040266,-0.5040266,-0.5040266,-0.5040266,-0.5040266,-0.5040266,-0.5040266,-0.5040266,-0.5040266,-0.5040266,-0.5040266,-0.5040266,-0.5040266,-0.5040266,-0.5040266,-0.5040266,-0.5040266,-0.5040266,-0.5040266,-0.5040266,-0.5040266,-0.5040266,-0.5040266,-0.5040266,-0.5040266,-0.5040266,-0.5040266,-0.5040266,-0.5040266,-0.5040266,-0.5040266,-0.5040266,-0.5040266,-0.5040266,-0.5040266,-0.5040266,-0.5040266,-0.5040266,-0.5040266,-0.5040266,-0.5040266,-0.5040266,-0.5040266,-0.5040266,-0.5040266,-0.5040266,-0.5040266,-0.5040266,-0.5040266,-0.5040266,-0.5040266,-0.5040266,-0.5040266,-0.5040266,-0.5040266,-0.5040266,-0.5040266,-0.5040266,-0.5040266,-0.5040266,-0.5040266,-0.5040266,-0.5040266,-0.5040266,-0.5040266,-0.5040266,-0.5040266,-0.5040266,-0.5040266,-0.5040266,-0.5040266,-0.5040266,-0.5040266,-0.5040266,-0.5040266,-0.5040266,-0.5040266,-0.5040266,-0.5040266,-0.5040266,-0.5040266,-0.5040266,-0.5040266,-0.5040266,-0.5040266,-0.5040266,-0.5040266,-0.5040266,-0.5040266,-0.5040266,-0.5040266,-0.5040266,-0.5040266,-0.5040266,-0.5040266,-0.5040266,-0.5040266,-0.5040266,-0.5040266,-0.5040266,-0.5040266,-0.5040266,-0.5040266,-0.5040266,-0.5040266,-0.5040266,-0.5040266,-0.5040266,-0.5040266,-0.5040266,-0.5040266,-0.5040266,-0.5040266,-0.5040266,-0.5040266,-0.5040266,-0.5040266,-0.5040266,-0.5040266,-0.5040266,-0.5040266,-0.5040266,-0.5040266,-0.5040266,-0.5040266,-0.5040266,-0.5040266,-0.5040266,-0.5040266,-0.5040266,-0.5040266,-0.5040266,-0.5040266,-0.5040266,-0.5040266,-0.5040266,-0.5040266,-0.5040266,-0.5040266,-0.5040266,-0.5040266,-0.5040266,-0.5040266,-0.5040266,-0.5040266,-0.5040266,-0.5040266,-0.5040266,-0.5040266,-0.5040266,-0.5040266,-0.5040266,-0.5040266,-0.5040266,-0.5040266,-0.5040266,-0.5040266,-0.5040266,-0.5040266,-0.5040266,-0.5040266,-0.5040266,-0.5040266,-0.5040266,-0.5040266,-0.5040266,-0.5040266,-0.5040266,-0.5040266,-0.5040266,0
0,-0.5040266,-0.5040266,-0.5040266,-0.5040266,-0.5040266,-0.5040266,-0.5040266,-0.5040266,-0.5040266,-0.5040266,-0.5040266,-0.5040266,-0.5040266,-0.5040266,-0.5040266,-0.5040266,-0.5040266,-0.5040266,-0.5040266,-0.5040266,-0.5040266,-0.5040266,-0.5040266,-0.5040266,-0.5040266,-0.5040266,-0.5040266,-0.5040266,-0.5040266,-0.5040266,-0.5040266,-0.5040266,-0.5040266,-0.5040266,-0.5040266,-0.5040266,-0.5040266,-0.5040266,-0.5040266,-0.5040266,-0.5040266,-0.5040266,-0.5040266,-0.5040266,-0.5040266,-0.5040266,-0.5040266,-0.5040266,-0.5040266,-0.5040266,-0.5040266,-0.5040266,-0.5040266,-0.5040266,-0.5040266,-0.5040266,-0.5040266,-0.5040266,-0.5040266,-0.5040266,-0.5040266,-0.5040266,-0.5040266,-0.5040266,-0.5040266,-0.5040266,-0.5040266,-0.5040266,-0.5040266,-0.5040266,-0.5040266,-0.5040266,-0.5040266,-0.5040266,-0.5040266,-0.5040266,-0.5040266,-0.5040266,-0.5040266,-0.5040266,-0.5040266,-0.5040266,-0.5040266,-0.5040266,-0.5040266,-0.5040266,-0.5040266,-0.5040266,-0.5040266,-0.5040266,-0.5040266,-0.5040266,-0.5040266,-0.5040266,-0.5040266,-0.5040266,-0.5040266,-0.5040266,-0.5040266,-0.5040266,-0.5040266,-0.5040266,-0.5040266,-0.5040266,-0.5040266,-0.5040266,-0.5040266,-0.5040266,-0.5040266,-0.5040266,-0.5040266,-0.5040266,-0.5040266,-0.5040266,-0.5040266,-0.5040266,-0.5040266,-0.5040266,-0.5040266,-0.5040266,-0.5040266,-0.5040266,-0.5040266,-0.5040266,-0.5040266,-0.5040266,-0.5040266,-0.5040266,-0.5040266,-0.5040266,-0.5040266,-0.5040266,-0.5040266,-0.5040266,-0.5040266,-0.5040266,-0.5040266,-0.5040266,-0.5040266,-0.5040266,-0.5040266,-0.5040266,-0.5040266,-0.5040266,-0.5040266,-0.5040266,-0.5040266,-0.5040266,-0.5040266,-0.5040266,-0.5040266,-0.5040266,-0.5040266,-0.5040266,-0.5040266,-0.5040266,-0.5040266,-0.5040266,-0.5040266,-0.5040266,-0.5040266,-0.5040266,-0.5040266,-0.5040266,-0.5040266,-0.5040266,-0.5040266,-0.5040266,-0.5040266,-0.5040266,-0.5040266,-0.5040266,-0.5040266,-0.5040266,-0.5040266,-0.5040266,-0.5040266,-0.5040266,-0.5040266,-0.5040266,-0.5040266,-0.5040266,-0.5040266,-0.5040266,-0.5040266,-0.5040266,-0.5040266,-0.5040266,-0.5040266,-0.5040266,-0.5040266,-0.5040266,-0.5040266,-0.5040266,-0.5040266,-0.5040266,0
0,-0.5040266,-0.5040266,-0.5040266,-0.5040266,-0.5040266,-0.5040266,-0.5040266,-0.5040266,-0.5040266,-0.5040266,-0.5040266,-0.5040266,-0.5040266,-0.5040266,-0.5040266,-0.5040266,-0.5040266,-0.5040266,-0.5040266,-0.5040266,-0.5040266,-0.5040266,-0.5040266,-0.5040266,-0.5040266,-0.5040266,-0.5040266,-0.5040266,-0.5040266,-0.5040266,-0.5040266,-0.5040266,-0.5040266,-0.5040266,-0.5040266,-0.5040266,-0.5040266,-0.5040266,-0.5040266,-0.5040266,-0.5040266,-0.5040266,-0.5040266,-0.5040266,-0.5040266,-0.5040266,-0.5040266,-0.5040266,-0.5040266,-0.5040266,-0.5040266,-0.5040266,-0.5040266,-0.5040266,-0.5040266,-0.5040266,-0.5040266,-0.5040266,-0.5040266,-0.5040266,-0.5040266,-0.5040266,-0.5040266,-0.5040266,-0.5040266,-0.5040266,-0.5040266,-0.5040266,-0.5040266,-0.5040266,-0.5040266,-0.5040266,-0.5040266,-0.5040266,-0.5040266,-0.5040266,-0.5040266,-0.5040266,-0.5040266,-0.5040266,-0.5040266,-0.5040266,-0.5040266,-0.5040266,-0.5040266,-0.5040266,-0.5040266,-0.5040266,-0.5040266,-0.5040266,-0.5040266,-0.5040266,-0.5040266,-0.5040266,-0.5040266,-0.5040266,-0.5040266,-0.5040266,-0.5040266,-0.5040266,-0.5040266,-0.5040266,-0.5040266,-0.5040266,-0.5040266,-0.5040266,-0.5040266,-0.5040266,-0.5040266,-0.5040266,-0.5040266,-0.5040266,-0.5040266,-0.5040266,-0.5040266,-0.5040266,-0.5040266,-0.5040266,-0.5040266,-0.5040266,-0.5040266,-0.5040266,-0.5040266,-0.5040266,-0.5040266,-0.5040266,-0.5040266,-0.5040266,-0.5040266,-0.5040266,-0.5040266,-0.5040266,-0.5040266,-0.5040266,-0.5040266,-0.5040266,0,0,0,0,0,0,0,0,0,0,0,0,0,0,0,0,0,0,0,0,0,0,0,0,0,0,0,0,0,0,0,-0.4694493,-0.4694493,-0.4694493,-0.4694493,-0.4694493,-0.4694493,-0.4694493,-0.4694493,-0.4694493,-0.4694493,-0.4694493,-0.4694493,-0.4694493,-0.4694493,-0.4694493,-0.4694493,-0.4694493,-0.4694493,-0.4694493,-0.4694493,-0.4694493,-0.4694493,-0.4694493,-0.4694493,-0.4694493,-0.4694493,-0.4694493,-0.4694493,-0.4694493,0
0,-0.4694493,-0.4694493,-0.4694493,-0.4694493,-0.4694493,-0.4694493,-0.4694493,-0.4694493,-0.4694493,-0.4694493,-0.4694493,-0.4694493,-0.4694493,-0.4694493,-0.4694493,-0.4694493,-0.4694493,-0.4694493,-0.4694493,-0.4694493,-0.4694493,-0.4694493,-0.4694493,-0.4694493,-0.4694493,-0.4694493,-0.4694493,-0.4694493,-0.4694493,-0.4694493,-0.4694493,-0.4694493,-0.4694493,-0.4694493,-0.4694493,-0.4694493,-0.4694493,-0.4694493,-0.4694493,-0.4694493,-0.4694493,-0.4694493,-0.4694493,-0.4694493,-0.4694493,-0.4694493,-0.4694493,-0.4694493,-0.4694493,-0.4694493,-0.4694493,-0.4694493,-0.4694493,-0.4694493,-0.4694493,-0.4694493,-0.4694493,-0.4694493,-0.4694493,-0.4694493,-0.4694493,-0.4694493,-0.4694493,-0.4694493,-0.4694493,-0.4694493,-0.4694493,-0.4694493,-0.4694493,-0.4694493,-0.4694493,-0.4694493,-0.4694493,-0.4694493,-0.4694493,-0.4694493,-0.4694493,-0.4694493,-0.4694493,-0.4694493,-0.4694493,-0.4694493,-0.4694493,-0.4694493,-0.4694493,-0.4694493,-0.4694493,-0.4694493,-0.4694493,-0.4694493,-0.4694493,-0.4694493,-0.4694493,-0.4694493,-0.4694493,-0.4694493,-0.4694493,-0.4694493,-0.4694493,-0.4694493,-0.4694493,-0.4694493,-0.4694493,-0.4694493,-0.4694493,-0.4694493,-0.4694493,-0.4694493,-0.4694493,-0.4694493,-0.4694493,-0.4694493,-0.4694493,-0.4694493,-0.4694493,-0.4694493,-0.4694493,-0.4694493,-0.4694493,-0.4694493,-0.4694493,-0.4694493,-0.4694493,-0.4694493,-0.4694493,-0.4694493,-0.4694493,-0.4694493,-0.4694493,-0.4694493,-0.4694493,-0.4694493,-0.4694493,-0.4694493,-0.4694493,-0.4694493,-0.4694493,-0.4694493,-0.4694493,-0.4694493,-0.4694493,-0.4694493,-0.4694493,-0.4694493,-0.4694493,-0.4694493,-0.4694493,-0.4694493,-0.4694493,-0.4694493,-0.4694493,-0.4694493,-0.4694493,-0.4694493,-0.4694493,-0.4694493,-0.4694493,-0.4694493,-0.4694493,-0.4694493,-0.4694493,-0.4694493,-0.4694493,-0.4694493,-0.4694493,-0.4694493,-0.4694493,-0.4694493,-0.4694493,-0.4694493,-0.4694493,-0.4694493,-0.4694493,-0.4694493,-0.4694493,-0.4694493,-0.4694493,-0.4694493,-0.4694493,-0.4694493,-0.4694493,-0.4694493,-0.4694493,-0.4694493,-0.4694493,-0.4694493,-0.4694493,-0.4694493,-0.4694493,-0.4694493,-0.4694493,-0.4694493,-0.4694493,-0.4694493,-0.4694493,-0.4694493,0
0,-0.4694493,-0.4694493,-0.4694493,-0.4694493,-0.4694493,-0.4694493,-0.4694493,-0.4694493,-0.4694493,-0.4694493,-0.4694493,-0.4694493,-0.4694493,-0.4694493,-0.4694493,-0.4694493,-0.4694493,-0.4694493,-0.4694493,-0.4694493,-0.4694493,-0.4694493,-0.4694493,-0.4694493,-0.4694493,-0.4694493,-0.4694493,-0.4694493,-0.4694493,-0.4694493,-0.4694493,-0.4694493,-0.4694493,-0.4694493,-0.4694493,-0.4694493,-0.4694493,-0.4694493,-0.4694493,-0.4694493,-0.4694493,-0.4694493,-0.4694493,-0.4694493,-0.4694493,-0.4694493,-0.4694493,-0.4694493,-0.4694493,-0.4694493,-0.4694493,-0.4694493,-0.4694493,-0.4694493,-0.4694493,-0.4694493,-0.4694493,-0.4694493,-0.4694493,-0.4694493,-0.4694493,-0.4694493,-0.4694493,-0.4694493,-0.4694493,-0.4694493,-0.4694493,-0.4694493,-0.4694493,-0.4694493,-0.4694493,-0.4694493,-0.4694493,-0.4694493,-0.4694493,-0.4694493,-0.4694493,-0.4694493,-0.4694493,-0.4694493,-0.4694493,-0.4694493,-0.4694493,-0.4694493,-0.4694493,-0.4694493,-0.4694493,-0.4694493,-0.4694493,-0.4694493,-0.4694493,-0.4694493,-0.4694493,-0.4694493,-0.4694493,-0.4694493,-0.4694493,-0.4694493,-0.4694493,-0.4694493,-0.4694493,-0.4694493,-0.4694493,-0.4694493,-0.4694493,-0.4694493,-0.4694493,-0.4694493,-0.4694493,-0.4694493,-0.4694493,-0.4694493,-0.4694493,-0.4694493,-0.4694493,-0.4694493,-0.4694493,-0.4694493,-0.4694493,-0.4694493,-0.4694493,-0.4694493,-0.4694493,-0.4694493,-0.4694493,-0.4694493,-0.4694493,-0.4694493,-0.4694493,-0.4694493,-0.4694493,-0.4694493,-0.4694493,-0.4694493,-0.4694493,-0.4694493,-0.4694493,-0.4694493,-0.4694493,-0.4694493,-0.4694493,-0.4694493,-0.4694493,-0.4694493,-0.4694493,-0.4694493,-0.4694493,-0.4694493,-0.4694493,-0.4694493,-0.4694493,-0.4694493,-0.4694493,-0.4694493,-0.4694493,-0.4694493,-0.4694493,-0.4694493,-0.4694493,-0.4694493,-0.4694493,-0.4694493,-0.4694493,-0.4694493,-0.4694493,-0.4694493,-0.4694493,-0.4694493,-0.4694493,-0.4694493,-0.4694493,-0.4694493,-0.4694493,-0.4694493,-0.4694493,-0.4694493,-0.4694493,-0.4694493,-0.4694493,-0.4694493,-0.4694493,-0.4694493,-0.4694493,-0.4694493,-0.4694493,-0.4694493,-0.4694493,-0.4694493,-0.4694493,-0.4694493,-0.4694493,-0.4694493,-0.4694493,-0.4694493,-0.4694493,-0.4694493,0
0,-0.4694493,-0.4694493,-0.4694493,-0.4694493,-0.4694493,-0.4694493,-0.4694493,-0.4694493,-0.4694493,-0.4694493,-0.4694493,-0.4694493,-0.4694493,-0.4694493,-0.4694493,-0.4694493,-0.4694493,-0.4694493,-0.4694493,-0.4694493,-0.4694493,-0.4694493,-0.4694493,-0.4694493,-0.4694493,-0.4694493,-0.4694493,-0.4694493,-0.4694493,-0.4694493,-0.4694493,-0.4694493,-0.4694493,-0.4694493,-0.4694493,-0.4694493,-0.4694493,-0.4694493,-0.4694493,-0.4694493,-0.4694493,-0.4694493,-0.4694493,-0.4694493,-0.4694493,-0.4694493,-0.4694493,-0.4694493,-0.4694493,-0.4694493,-0.4694493,-0.4694493,-0.4694493,-0.4694493,-0.4694493,-0.4694493,-0.4694493,-0.4694493,-0.4694493,-0.4694493,-0.4694493,-0.4694493,-0.4694493,-0.4694493,-0.4694493,-0.4694493,-0.4694493,-0.4694493,-0.4694493,-0.4694493,-0.4694493,-0.4694493,-0.4694493,-0.4694493,-0.4694493,-0.4694493,-0.4694493,-0.4694493,-0.4694493,-0.4694493,-0.4694493,-0.4694493,-0.4694493,-0.4694493,-0.4694493,-0.4694493,-0.4694493,-0.4694493,-0.4694493,-0.4694493,-0.4694493,-0.4694493,-0.4694493,-0.4694493,-0.4694493,-0.4694493,-0.4694493,-0.4694493,-0.4694493,-0.4694493,-0.4694493,-0.4694493,-0.4694493,-0.4694493,-0.4694493,-0.4694493,-0.4694493,-0.4694493,-0.4694493,-0.4694493,-0.4694493,-0.4694493,-0.4694493,-0.4694493,-0.4694493,-0.4694493,-0.4694493,-0.4694493,-0.4694493,-0.4694493,-0.4694493,-0.4694493,-0.4694493,-0.4694493,-0.4694493,-0.4694493,-0.4694493,-0.4694493,-0.4694493,-0.4694493,-0.4694493,-0.4694493,-0.4694493,-0.4694493,-0.4694493,-0.4694493,-0.4694493,-0.4694493,-0.4694493,-0.4694493,-0.4694493,-0.4694493,-0.4694493,-0.4694493,-0.4694493,-0.4694493,-0.4694493,-0.4694493,-0.4694493,-0.4694493,-0.4694493,-0.4694493,-0.4694493,-0.4694493,-0.4694493,-0.4694493,-0.4694493,-0.4694493,-0.4694493,-0.4694493,-0.4694493,-0.4694493,-0.4694493,-0.4694493,-0.4694493,-0.4694493,-0.4694493,-0.4694493,-0.4694493,-0.4694493,-0.4694493,-0.4694493,-0.4694493,-0.4694493,-0.4694493,-0.4694493,-0.4694493,-0.4694493,-0.4694493,-0.4694493,-0.4694493,-0.4694493,-0.4694493,-0.4694493,-0.4694493,-0.4694493,-0.4694493,-0.4694493,-0.4694493,-0.4694493,-0.4694493,-0.4694493,-0.4694493,-0.4694493,-0.4694493,-0.4694493,0
0,-0.4694493,-0.4694493,-0.4694493,-0.4694493,-0.4694493,-0.4694493,-0.4694493,-0.4694493,-0.4694493,-0.4694493,-0.4694493,-0.4694493,-0.4694493,-0.4694493,-0.4694493,-0.4694493,-0.4694493,-0.4694493,-0.4694493,-0.4694493,-0.4694493,-0.4694493,-0.4694493,-0.4694493,-0.4694493,-0.4694493,-0.4694493,-0.4694493,-0.4694493,-0.4694493,-0.4694493,-0.4694493,-0.4694493,-0.4694493,-0.4694493,-0.4694493,-0.4694493,-0.4694493,-0.4694493,-0.4694493,-0.4694493,-0.4694493,-0.4694493,-0.4694493,-0.4694493,-0.4694493,-0.4694493,-0.4694493,-0.4694493,-0.4694493,-0.4694493,-0.4694493,-0.4694493,-0.4694493,-0.4694493,-0.4694493,-0.4694493,-0.4694493,-0.4694493,-0.4694493,-0.4694493,-0.4694493,-0.4694493,-0.4694493,-0.4694493,-0.4694493,-0.4694493,-0.4694493,-0.4694493,-0.4694493,-0.4694493,-0.4694493,-0.4694493,-0.4694493,-0.4694493,-0.4694493,-0.4694493,-0.4694493,-0.4694493,-0.4694493,-0.4694493,-0.4694493,-0.4694493,-0.4694493,-0.4694493,-0.4694493,-0.4694493,-0.4694493,-0.4694493,-0.4694493,-0.4694493,-0.4694493,-0.4694493,-0.4694493,-0.4694493,-0.4694493,-0.4694493,-0.4694493,-0.4694493,-0.4694493,-0.4694493,-0.4694493,-0.4694493,-0.4694493,-0.4694493,-0.4694493,-0.4694493,-0.4694493,-0.4694493,-0.4694493,-0.4694493,-0.4694493,-0.4694493,-0.4694493,-0.4694493,-0.4694493,-0.4694493,-0.4694493,-0.4694493,-0.4694493,-0.4694493,-0.4694493,-0.4694493,-0.4694493,-0.4694493,-0.4694493,-0.4694493,-0.4694493,-0.4694493,-0.4694493,-0.4694493,-0.4694493,-0.4694493,-0.4694493,-0.4694493,-0.4694493,-0.4694493,-0.4694493,-0.4694493,-0.4694493,-0.4694493,-0.4694493,-0.4694493,-0.4694493,-0.4694493,-0.4694493,-0.4694493,-0.4694493,-0.4694493,-0.4694493,-0.4694493,-0.4694493,-0.4694493,-0.4694493,-0.4694493,-0.4694493,-0.4694493,-0.4694493,-0.4694493,-0.4694493,-0.4694493,-0.4694493,-0.4694493,-0.4694493,-0.4694493,-0.4694493,-0.4694493,-0.4694493,-0.4694493,-0.4694493,-0.4694493,-0.4694493,-0.4694493,-0.4694493,-0.4694493,-0.4694493,-0.4694493,-0.4694493,-0.4694493,-0.4694493,-0.4694493,-0.4694493,-0.4694493,-0.4694493,-0.4694493,-0.4694493,-0.4694493,-0.4694493,-0.4694493,-0.4694493,-0.4694493,-0.4694493,-0.4694493,-0.4694493,-0.4694493,-0.4694493,0
0,-0.4694493,-0.4694493,-0.4694493,-0.4694493,-0.4694493,-0.4694493,-0.4694493,-0.4694493,-0.4694493,-0.4694493,-0.4694493,-0.4694493,-0.4694493,-0.4694493,-0.4694493,-0.4694493,-0.4694493,-0.4694493,-0.4694493,-0.4694493,-0.4694493,-0.4694493,-0.4694493,-0.4694493,-0.4694493,-0.4694493,-0.4694493,-0.4694493,-0.4694493,-0.4694493,-0.4694493,-0.4694493,-0.4694493,-0.4694493,-0.4694493,-0.4694493,-0.4694493,-0.4694493,-0.4694493,-0.4694493,-0.4694493,-0.4694493,-0.4694493,-0.4694493,-0.4694493,-0.4694493,-0.4694493,-0.4694493,-0.4694493,-0.4694493,-0.4694493,-0.4694493,-0.4694493,-0.4694493,-0.4694493,-0.4694493,-0.4694493,-0.4694493,-0.4694493,-0.4694493,-0.4694493,-0.4694493,-0.4694493,-0.4694493,-0.4694493,-0.4694493,-0.4694493,-0.4694493,-0.4694493,-0.4694493,-0.4694493,-0.4694493,-0.4694493,-0.4694493,-0.4694493,-0.4694493,-0.4694493,-0.4694493,-0.4694493,-0.4694493,-0.4694493,-0.4694493,-0.4694493,-0.4694493,-0.4694493,-0.4694493,-0.4694493,-0.4694493,-0.4694493,-0.4694493,-0.4694493,-0.4694493,-0.4694493,-0.4694493,-0.4694493,-0.4694493,-0.4694493,-0.4694493,-0.4694493,-0.4694493,-0.4694493,-0.4694493,-0.4694493,-0.4694493,-0.4694493,-0.4694493,-0.4694493,-0.4694493,-0.4694493,-0.4694493,-0.4694493,-0.4694493,-0.4694493,-0.4694493,-0.4694493,-0.4694493,-0.4694493,-0.4694493,-0.4694493,-0.4694493,-0.4694493,-0.4694493,-0.4694493,-0.4694493,-0.4694493,-0.4694493,-0.4694493,-0.4694493,-0.4694493,-0.4694493,-0.4694493,-0.4694493,-0.4694493,-0.4694493,-0.4694493,-0.4694493,-0.4694493,-0.4694493,-0.4694493,-0.4694493,-0.4694493,-0.4694493,-0.4694493,-0.4694493,-0.4694493,-0.4694493,-0.4694493,-0.4694493,-0.4694493,-0.4694493,-0.4694493,-0.4694493,-0.4694493,-0.4694493,-0.4694493,-0.4694493,-0.4694493,-0.4694493,-0.4694493,-0.4694493,-0.4694493,-0.4694493,-0.4694493,-0.4694493,-0.4694493,-0.4694493,-0.4694493,-0.4694493,-0.4694493,-0.4694493,-0.4694493,-0.4694493,-0.4694493,-0.4694493,-0.4694493,-0.4694493,-0.4694493,-0.4694493,-0.4694493,-0.4694493,-0.4694493,-0.4694493,-0.4694493,-0.4694493,-0.4694493,-0.4694493,-0.4694493,-0.4694493,-0.4694493,-0.4694493,-0.4694493,-0.4694493,-0.4694493,-0.4694493,-0.4694493,-0.4694493,0
0,-0.4694493,-0.4694493,-0.4694493,-0.4694493,-0.4694493,-0.4694493,-0.4694493,-0.4694493,-0.4694493,-0.4694493,-0.4694493,-0.4694493,-0.4694493,-0.4694493,-0.4694493,-0.4694493,-0.4694493,-0.4694493,-0.4694493,-0.4694493,-0.4694493,-0.4694493,-0.4694493,-0.4694493,-0.4694493,-0.4694493,-0.4694493,-0.4694493,-0.4694493,-0.4694493,-0.4694493,-0.4694493,-0.4694493,-0.4694493,-0.4694493,-0.4694493,-0.4694493,-0.4694493,-0.4694493,-0.4694493,-0.4694493,-0.4694493,-0.4694493,-0.4694493,-0.4694493,-0.4694493,-0.4694493,-0.4694493,-0.4694493,-0.4694493,-0.4694493,-0.4694493,-0.4694493,-0.4694493,-0.4694493,-0.4694493,-0.4694493,-0.4694493,-0.4694493,-0.4694493,-0.4694493,-0.4694493,-0.4694493,-0.4694493,-0.4694493,-0.4694493,-0.4694493,-0.4694493,-0.4694493,-0.4694493,-0.4694493,-0.4694493,-0.4694493,-0.4694493,-0.4694493,-0.4694493,-0.4694493,-0.4694493,-0.4694493,-0.4694493,-0.4694493,-0.4694493,-0.4694493,-0.4694493,-0.4694493,-0.4694493,-0.4694493,-0.4694493,-0.4694493,-0.4694493,-0.4694493,-0.4694493,-0.4694493,-0.4694493,-0.4694493,-0.4694493,-0.4694493,-0.4694493,-0.4694493,-0.4694493,-0.4694493,-0.4694493,-0.4694493,-0.4694493,-0.4694493,-0.4694493,-0.4694493,-0.4694493,-0.4694493,-0.4694493,-0.4694493,-0.4694493,-0.4694493,-0.4694493,-0.4694493,-0.4694493,-0.4694493,-0.4694493,-0.4694493,-0.4694493,-0.4694493,-0.4694493,-0.4694493,-0.4694493,-0.4694493,-0.4694493,-0.4694493,-0.4694493,-0.4694493,-0.4694493,-0.4694493,-0.4694493,-0.4694493,-0.4694493,-0.4694493,-0.4694493,-0.4694493,-0.4694493,-0.4694493,-0.4694493,-0.4694493,-0.4694493,-0.4694493,-0.4694493,-0.4694493,-0.4694493,-0.4694493,-0.4694493,-0.4694493,-0.4694493,-0.4694493,-0.4694493,-0.4694493,-0.4694493,-0.4694493,-0.4694493,-0.4694493,-0.4694493,-0.4694493,-0.4694493,-0.4694493,-0.4694493,-0.4694493,-0.4694493,-0.4694493,-0.4694493,-0.4694493,-0.4694493,-0.4694493,-0.4694493,-0.4694493,-0.4694493,-0.4694493,-0.4694493,-0.4694493,-0.4694493,-0.4694493,-0.4694493,-0.4694493,-0.4694493,-0.4694493,-0.4694493,-0.4694493,-0.4694493,-0.4694493,-0.4694493,-0.4694493,-0.4694493,-0.4694493,-0.4694493,-0.4694493,-0.4694493,-0.4694493,-0.4694493,-0.4694493,-0.4694493,0
0,-0.4694493,-0.4694493,-0.4694493,-0.4694493,-0.4694493,-0.4694493,-0.4694493,-0.4694493,-0.4694493,-0.4694493,-0.4694493,-0.4694493,-0.4694493,-0.4694493,-0.4694493,-0.4694493,-0.4694493,-0.4694493,-0.4694493,-0.4694493,-0.4694493,-0.4694493,-0.4694493,-0.4694493,-0.4694493,-0.4694493,-0.4694493,-0.4694493,-0.4694493,-0.4694493,-0.4694493,-0.4694493,-0.4694493,-0.4694493,-0.4694493,-0.4694493,-0.4694493,-0.4694493,-0.4694493,-0.4694493,-0.4694493,-0.4694493,-0.4694493,-0.4694493,-0.4694493,-0.4694493,-0.4694493,-0.4694493,-0.4694493,-0.4694493,-0.4694493,-0.4694493,-0.4694493,-0.4694493,-0.4694493,-0.4694493,-0.4694493,-0.4694493,-0.4694493,-0.4694493,-0.4694493,-0.4694493,-0.4694493,-0.4694493,-0.4694493,-0.4694493,-0.4694493,-0.4694493,-0.4694493,-0.4694493,-0.4694493,-0.4694493,-0.4694493,-0.4694493,-0.4694493,-0.4694493,-0.4694493,-0.4694493,-0.4694493,-0.4694493,-0.4694493,-0.4694493,-0.4694493,-0.4694493,-0.4694493,-0.4694493,-0.4694493,-0.4694493,-0.4694493,-0.4694493,-0.4694493,-0.4694493,-0.4694493,-0.4694493,-0.4694493,-0.4694493,-0.4694493,-0.4694493,-0.4694493,-0.4694493,-0.4694493,-0.4694493,-0.4694493,-0.4694493,-0.4694493,-0.4694493,-0.4694493,-0.4694493,-0.4694493,-0.4694493,-0.4694493,-0.4694493,-0.4694493,-0.4694493,-0.4694493,-0.4694493,-0.4694493,-0.4694493,-0.4694493,-0.4694493,-0.4694493,-0.4694493,-0.4694493,-0.4694493,-0.4694493,-0.4694493,-0.4694493,-0.4694493,-0.4694493,-0.4694493,-0.4694493,-0.4694493,-0.4694493,-0.4694493,-0.4694493,-0.4694493,-0.4694493,-0.4694493,-0.4694493,-0.4694493,-0.4694493,-0.4694493,-0.4694493,-0.4694493,-0.4694493,-0.4694493,-0.4694493,-0.4694493,-0.4694493,-0.4694493,-0.4694493,-0.4694493,-0.4694493,-0.4694493,-0.4694493,-0.4694493,-0.4694493,-0.4694493,-0.4694493,-0.4694493,-0.4694493,-0.4694493,-0.4694493,-0.4694493,-0.4694493,-0.4694493,-0.4694493,-0.4694493,-0.4694493,-0.4694493,-0.4694493,-0.4694493,-0.4694493,-0.4694493,-0.4694493,-0.4694493,-0.4694493,-0.4694493,-0.4694493,-0.4694493,-0.4694493,-0.4694493,-0.4694493,-0.4694493,-0.4694493,-0.4694493,-0.4694493,-0.4694493,-0.4694493,-0.4694493,-0.4694493,-0.4694493,-0.4694493,-0.4694493,-0.4694493,-0.4694493,0
0,-0.4694493,-0.4694493,-0.4694493,-0.4694493,-0.4694493,-0.4694493,-0.4694493,-0.4694493,-0.4694493,-0.4694493,-0.4694493,-0.4694493,-0.4694493,-0.4694493,-0.4694493,-0.4694493,-0.4694493,-0.4694493,-0.4694493,-0.4694493,-0.4694493,-0.4694493,-0.4694493,-0.4694493,-0.4694493,-0.4694493,-0.4694493,-0.4694493,-0.4694493,-0.4694493,-0.4694493,-0.4694493,-0.4694493,-0.4694493,-0.4694493,-0.4694493,-0.4694493,-0.4694493,-0.4694493,-0.4694493,-0.4694493,-0.4694493,-0.4694493,-0.4694493,-0.4694493,-0.4694493,-0.4694493,-0.4694493,-0.4694493,-0.4694493,-0.4694493,-0.4694493,-0.4694493,-0.4694493,-0.4694493,-0.4694493,-0.4694493,-0.4694493,-0.4694493,-0.4694493,-0.4694493,-0.4694493,-0.4694493,-0.4694493,-0.4694493,-0.4694493,-0.4694493,-0.4694493,-0.4694493,-0.4694493,-0.4694493,-0.4694493,-0.4694493,-0.4694493,-0.4694493,-0.4694493,-0.4694493,-0.4694493,-0.4694493,-0.4694493,-0.4694493,-0.4694493,-0.4694493,-0.4694493,-0.4694493,-0.4694493,-0.4694493,-0.4694493,-0.4694493,-0.4694493,-0.4694493,-0.4694493,-0.4694493,-0.4694493,-0.4694493,0,0,0,0,0,0,0,0,0,0,0,0,0,0,0,0,0,0,0,0,0,0,0,0,0,0,0,0,0,0,0,0,0,0,0,0,0,0,0,0,0,0,0,0,0,0,0,0,0,0,0,0,0,0,0,0,0,0,0,0,0,0,0,0,0,0,0,0,0,0,0,0,0,0,0,0,0,0,0,0,0,0,0,0,0,0,0,0,0,0,0,0,0,0,0,0,0,0,0,0,0,0
0,0,0,0,0,0,0,0,0,0,0,0,0,0,0,0,0,0,0,0,0,0,0,0,0,0,0,0,0,0,0,0,0,0,0,0,0,0,0,0,0,0,0,0,0,0,0,0,0,0,0,0,0,0,0,0,0,0,0,0,0,0,0,0,0,0,0,0,0,0,0,0,0,0,0,0,0,0,0,0,0,0,0,0,0,0,0,0,0,0,0,0,0,0,0,0,0,0,0,0,0,0,0,0,0,0,0,0,0,0,0,0,0,0,0,0,0,0,0,0,0,0,0,0,0,0,0,0,0,0,0,0,0,0,0,0,0,0,0,0,0,0,0,0,0,0,0,0,0,0,0,0,0,0,0,0,0,0,0,0,0,0,0,0,0,0,0,0,0,0,0,0,0,0,0,0,0,0,0,0,0,0,0,0,0,0,0,0,0,0,0,0,0,0,0,0,0,0
0,0,0,0,0,0,0,0,0,0,0,0,0,0,0,0,0,0,0,0,0,0,0,0,0,0,0,0,0,0,0,0,0,0,0,0,0,0,0,0,0,0,0,0,0,0,0,0,0,0,0,0,0,0,0,0,0,0,0,0,0,0,0,0,0,0,0,0,0,0,0,0,0,0,0,0,0,0,0,0,0,0,0,0,0,0,0,0,0,0,0,0,0,0,0,0,0,0,0,0,0,0,0,0,0,0,0,0,0,0,0,0,0,0,0,0,0,0,0,0,0,0,0,0,0,0,0,0,0,0,0,0,0,0,0,0,0,0,0,0,0,0,0,0,0,0,0,0,0,0,0,0,0,0,0,0,0,0,0,0,0,0,0,0,0,0,0,0,0,0,0,0,0,0,0,0,0,0,0,0,0,0,0,0,0,0,0,0,0,0,0,0,0,0,0,0,0,0
0,0,0,0,0,0,0,0,0,0,0,0,0,0,0,0,0,0,0,0,0,0,0,0,0,0,0,0,0,0,0,0,0,0,0,0,0,0,0,0,0,0,0,0,0,0,0,0,0,0,0,0,0,0,0,0,0,0,0,0,0,0,0,0,0,0,0,0,0,0,0,0,0,0,0,0,0,0,0,0,0,0,0,0,0,0,0,0,0,0,0,0,0,0,0,0,0,0,0,0,0,0,0,0,0,0,0,0,0,0,0,0,0,0,0,0,0,0,0,0,0,0,0,0,0,0,0,0,0,0,0,0,0,0,0,0,0,0,0,0,0,0,0,0,0,0,0,0,0,0,0,0,0,0,0,0,0,0,0,0,0,0,0,0,0,0,0,0,0,0,0,0,0,0,0,0,0,0,0,0,0,0,0,0,0,0,0,0,0,0,0,0,0,0,0,0,0,0
0,0,0,0,0,0,0,0,0,0,0,0,0,0,0,0,0,0,0,0,0,0,0,0,0,0,0,0,0,0,0,0,0,0,0,0,0,0,0,0,0,0,0,0,0,0,0,0,0,0,0,0,0,0,0,0,0,0,0,0,0,0,0,0,0,0,0,0,0,0,0,0,0,0,0,0,0,0,0,0,0,0,0,0,0,0,0,0,0,0,0,0,0,0,0,0,0,0,0,0,0,0,0,0,0,0,0,0,0,0,0,0,0,0,0,0,0,0,0,0,0,0,0,0,0,0,0,0,0,0,0,0,0,0,0,0,0,0,0,0,0,0,0,0,0,0,0,0,0,0,0,0,0,0,0,0,0,0,0,0,0,0,0,0,0,0,0,0,0,0,0,0,0,0,0,0,0,0,0,0,0,0,0,0,0,0,0,0,0,0,0,0,0,0,0,0,0,0
0,0,0,0,0,0,0,0,0,0,0,0,0,0,0,0,0,0,0,0,0,0,0,0,0,0,0,0,0,0,0,0,0,0,0,0,0,0,0,0,0,0,0,0,0,0,0,0,0,0,0,0,0,0,0,0,0,0,0,0,0,0,0,0,0,0,0,0,0,0,0,0,0,0,0,0,0,0,0,0,0,0,0,0,0,0,0,0,0,0,0,0,0,0,0,0,0,0,0,0,0,0,0,0,0,0,0,0,0,0,0,0,0,0,0,0,0,0,0,0,0,0,0,0,0,0,0,0,0,0,0,0,0,0,0,0,0,0,0,0,0,0,0,0,0,0,0,0,0,0,0,0,0,0,0,0,0,0,0,0,0,0,0,0,0,0,0,0,0,0,0,0,0,0,0,0,0,0,0,0,0,0,0,0,0,0,0,0,0,0,0,0,0,0,0,0,0,0
0,0,0,0,0,0,0,0,0,0,0,0,0,0,0,0,0,0,0,0,0,0,0,0,0,0,0,0,0,0,0,0,0,0,0,0,0,0,0,0,0,0,0,0,0,0,0,0,0,0,0,0,0,0,0,0,0,0,0,0,0,0,0,0,0,0,0,0,0,0,0,0,0,0,0,0,0,0,0,0,0,0,0,0,0,0,0,0,0,0,0,0,0,0,0,0,0,0,0,0,0,0,0,0,0,0,0,0,0,0,0,0,0,0,0,0,0,0,0,0,0,0,0,0,0,0,0,0,0,0,0,0,0,0,0,0,0,0,0,0,0,0,0,0,0,0,0,0,0,0,0,0,0,0,0,0,0,0,0,0,0,0,0,0,0,0,0,0,0,0,0,0,0,0,0,0,0,0,0,0,0,0,0,0,0,0,0,0,0,0,0,0,0,0,0,0,0,0
0,0,0,0,0,0,0,0,0,0,0,0,0,0,0,0,0,0,0,0,0,0,0,0,0,0,0,0,0,0,0,0,0,0,0,0,0,0,0,0,0,0,0,0,0,0,0,0,0,0,0,0,0,0,0,0,0,0,0,0,0,0,0,0,0,0,0,0,0,0,0,0,0,0,0,0,0,0,0,0,0,0,0,0,0,0,0,0,0,0,0,0,0,0,0,0,0,0,0,0,0,0,0,0,0,0,0,0,0,0,0,0,0,0,0,0,0,0,0,0,0,0,0,0,0,0,0,0,0,0,0,0,0,0,0,0,0,0,0,0,0,0,0,0,0,0,0,0,0,0,0,0,0,0,0,0,0,0,0,0,0,0,0,0,0,0,0,0,0,0,0,0,0,0,0,0,0,0,0,0,0,0,0,0,0,0,0,0,0,0,0,0,0,0,0,0,0,0
0,0,0,0,0,0,0,0,0,0,0,0,0,0,0,0,0,0,0,0,0,0,0,0,0,0,0,0,0,0,0,0,0,0,0,0,0,0,0,0,0,0,0,0,0,0,0,0,0,0,0,0,0,0,0,0,0,0,0,0,0,0,0,0,0,0,0,0,0,0,0,0,0,0,0,0,0,0,0,0,0,0,0,0,0,0,0,0,0,0,0,0,0,0,0,0,0,0,0,0,0,0,0,0,0,0,0,0,0,0,0,0,0,0,0,0,0,0,0,0,0,0,0,0,0,0,0,0,0,0,0,0,0,0,0,0,0,0,0,0,0,0,0,0,0,0,0,0,0,0,0,0,0,0,0,0,0,0,0,0,0,0,0,0,0,0,0,0,0,0,0,0,0,0,0,0,0,0,0,0,0,0,0,0,0,0,0,0,0,0,0,0,0,0,0,0,0,0
0,0,0,0,0,0,0,0,0,0,0,0,0,0,0,0,0,0,0,0,0,0,0,0,0,0,0,0,0,0,0,0,0,0,0,0,0,0,0,0,0,0,0,0,0,0,0,0,0,0,0,0,0,0,0,0,0,0,0,0,0,0,0,0,0,0,0,0,0,0,0,0,0,0,0,0,0,0,0,0,0,0,0,0,0,0,0,0,0,0,0,0,0,0,0,0,0,0,0,0,0,0,0,0,0,0,0,0,0,0,0,0,0,0,0,0,0,0,0,0,0,0,0,0,0,0,0,0,0,0,0,0,0,0,0,0,0,0,0,0,0,0,0,0,0,0,0,0,0,0,0,0,0,0,0,0,0,0,0,0,0,0,0,0,0,0,0,0,0,0,0,0,0,0,0,0,0,0,0,0,0,0,0,0,0,0,0,0,0,0,0,0,0,0,0,0,0,0
0,0,0,0,0,0,0,0,0,0,0,0,0,0,0,0,0,0,0,0,0,0,0,0,0,0,0,0,0,0,0,0,0,0,0,0,0,0,0,0,0,0,0,0,0,0,0,0,0,0,0,0,0,0,0,0,0,0,0,0,0,0,0,0,0,0,0,0,0,0,0,0,0,0,0,0,0,0,0,0,0,0,0,0,0,0,0,0,0,0,0,0,0,0,0,0,0,0,0,0,0,0,0,0,0,0,0,0,0,0,0,0,0,0,0,0,0,0,0,0,0,0,0,-0.6432885,-0.6432885,-0.6432885,-0.6432885,-0.6432885,-0.6432885,-0.6432885,-0.6432885,-0.6432885,-0.6432885,-0.6432885,-0.6432885,-0.6432885,-0.6432885,-0.6432885,-0.6432885,-0.6432885,-0.6432885,-0.6432885,-0.6432885,-0.6432885,-0.6432885,-0.6432885,-0.6432885,-0.6432885,-0.6432885,-0.6432885,-0.6432885,-0.6432885,-0.6432885,-0.6432885,-0.6432885,-0.6432885,-0.6432885,-0.6432885,-0.6432885,-0.6432885,-0.6432885,-0.6432885,-0.6432885,-0.6432885,-0.6432885,-0.6432885,-0.6432885,-0.6432885,-0.6432885,-0.6432885,-0.6432885,-0.6432885,-0.6432885,-0.6432885,-0.6432885,-0.6432885,-0.6432885,-0.6432885,-0.6432885,-0.6432885,-0.6432885,-0.6432885,-0.6432885,-0.6432885,-0.6432885,-0.6432885,-0.6432885,-0.6432885,-0.6432885,-0.6432885,-0.6432885,-0.6432885,-0.6432885,-0.6432885,-0.6432885,-0.6432885,-0.6432885,0
0,-0.6432885,-0.6432885,-0.6432885,-0.6432885,-0.6432885,-0.6432885,-0.6432885,-0.6432885,-0.6432885,-0.6432885,-0.6432885,-0.6432885,-0.6432885,-0.6432885,-0.6432885,-0.6432885,-0.6432885,-0.6432885,-0.6432885,-0.6432885,-0.6432885,-0.6432885,-0.6432885,-0.6432885,-0.6432885,-0.6432885,-0.6432885,-0.6432885,-0.6432885,-0.6432885,-0.6432885,-0.6432885,-0.6432885,-0.6432885,-0.6432885,-0.6432885,-0.6432885,-0.6432885,-0.6432885,-0.6432885,-0.6432885,-0.6432885,-0.6432885,-0.6432885,-0.6432885,-0.6432885,-0.6432885,-0.6432885,-0.6432885,-0.6432885,-0.6432885,-0.6432885,-0.6432885,-0.6432885,-0.6432885,-0.6432885,-0.6432885,-0.6432885,-0.6432885,-0.6432885,-0.6432885,-0.6432885,-0.6432885,-0.6432885,-0.6432885,-0.6432885,-0.6432885,-0.6432885,-0.6432885,-0.6432885,-0.6432885,-0.6432885,-0.6432885,-0.6432885,-0.6432885,-0.6432885,-0.6432885,-0.6432885,-0.6432885,-0.6432885,-0.6432885,-0.6432885,-0.6432885,-0.6432885,-0.6432885,-0.6432885,-0.6432885,-0.6432885,-0.6432885,-0.6432885,-0.6432885,-0.6432885,-0.6432885,-0.6432885,-0.6432885,-0.6432885,-0.6432885,-0.6432885,-0.6432885,-0.6432885,-0.6432885,-0.6432885,-0.6432885,-0.6432885,-0.6432885,-0.6432885,-0.6432885,-0.6432885,-0.6432885,-0.6432885,-0.6432885,-0.6432885,-0.6432885,-0.6432885,-0.6432885,-0.6432885,-0.6432885,-0.6432885,-0.6432885,-0.6432885,-0.6432885,-0.6432885,-0.6432885,-0.6432885,-0.6432885,-0.6432885,-0.6432885,-0.6432885,-0.6432885,-0.6432885,-0.6432885,-0.6432885,-0.6432885,-0.6432885,-0.6432885,-0.6432885,-0.6432885,-0.6432885,-0.6432885,-0.6432885,-0.6432885,-0.6432885,-0.6432885,-0.6432885,-0.6432885,-0.6432885,-0.6432885,-0.6432885,-0.6432885,-0.6432885,-0.6432885,-0.6432885,-0.6432885,-0.6432885,-0.6432885,-0.6432885,-0.6432885,-0.6432885,-0.6432885,-0.6432885,-0.6432885,-0.6432885,-0.6432885,-0.6432885,-0.6432885,-0.6432885,-0.6432885,-0.6432885,-0.6432885,-0.6432885,-0.6432885,-0.6432885,-0.6432885,-0.6432885,-0.6432885,-0.6432885,-0.6432885,-0.6432885,-0.6432885,-0.6432885,-0.6432885,-0.6432885,-0.6432885,-0.6432885,-0.6432885,-0.6432885,-0.6432885,-0.6432885,-0.6432885,-0.6432885,-0.6432885,-0.6432885,-0.6432885,-0.6432885,-0.6432885,-0.6432885,0
0,-0.6432885,-0.6432885,-0.6432885,-0.6432885,-0.6432885,-0.6432885,-0.6432885,-0.6432885,-0.6432885,-0.6432885,-0.6432885,-0.6432885,-0.6432885,-0.6432885,-0.6432885,-0.6432885,-0.6432885,-0.6432885,-0.6432885,-0.6432885,-0.6432885,-0.6432885,-0.6432885,-0.6432885,-0.6432885,-0.6432885,-0.6432885,-0.6432885,-0.6432885,-0.6432885,-0.6432885,-0.6432885,-0.6432885,-0.6432885,-0.6432885,-0.6432885,-0.6432885,-0.6432885,-0.6432885,-0.6432885,-0.6432885,-0.6432885,-0.6432885,-0.6432885,-0.6432885,-0.6432885,-0.6432885,-0.6432885,-0.6432885,-0.6432885,-0.6432885,-0.6432885,-0.6432885,-0.6432885,-0.6432885,-0.6432885,-0.6432885,-0.6432885,-0.6432885,-0.6432885,-0.6432885,-0.6432885,-0.6432885,-0.6432885,-0.6432885,-0.6432885,-0.6432885,-0.6432885,-0.6432885,-0.6432885,-0.6432885,-0.6432885,-0.6432885,-0.6432885,-0.6432885,-0.6432885,-0.6432885,-0.6432885,-0.6432885,-0.6432885,-0.6432885,-0.6432885,-0.6432885,-0.6432885,-0.6432885,-0.6432885,-0.6432885,-0.6432885,-0.6432885,-0.6432885,-0.6432885,-0.6432885,-0.6432885,-0.6432885,-0.6432885,-0.6432885,-0.6432885,-0.6432885,-0.6432885,-0.6432885,-0.6432885,-0.6432885,-0.6432885,-0.6432885,-0.6432885,-0.6432885,-0.6432885,-0.6432885,-0.6432885,-0.6432885,-0.6432885,-0.6432885,-0.6432885,-0.6432885,-0.6432885,-0.6432885,-0.6432885,-0.6432885,-0.6432885,-0.6432885,-0.6432885,-0.6432885,-0.6432885,-0.6432885,-0.6432885,-0.6432885,-0.6432885,-0.6432885,-0.6432885,-0.6432885,-0.6432885,-0.6432885,-0.6432885,-0.6432885,-0.6432885,-0.6432885,-0.6432885,-0.6432885,-0.6432885,-0.6432885,-0.6432885,-0.6432885,-0.6432885,-0.6432885,-0.6432885,-0.6432885,-0.6432885,-0.6432885,-0.6432885,-0.6432885,-0.6432885,-0.6432885,-0.6432885,-0.6432885,-0.6432885,-0.6432885,-0.6432885,-0.6432885,-0.6432885,-0.6432885,-0.6432885,-0.6432885,-0.6432885,-0.6432885,-0.6432885,-0.6432885,-0.6432885,-0.6432885,-0.6432885,-0.6432885,-0.6432885,-0.6432885,-0.6432885,-0.6432885,-0.6432885,-0.6432885,-0.6432885,-0.6432885,-0.6432885,-0.6432885,-0.6432885,-0.6432885,-0.6432885,-0.6432885,-0.6432885,-0.6432885,-0.6432885,-0.6432885,-0.6432885,-0.6432885,-0.6432885,-0.6432885,-0.6432885,-0.6432885,-0.6432885,-0.6432885,0
0,-0.6432885,-0.6432885,-0.6432885,-0.6432885,-0.6432885,-0.6432885,-0.6432885,-0.6432885,-0.6432885,-0.6432885,-0.6432885,-0.6432885,-0.6432885,-0.6432885,-0.6432885,-0.6432885,-0.6432885,-0.6432885,-0.6432885,-0.6432885,-0.6432885,-0.6432885,-0.6432885,-0.6432885,-0.6432885,-0.6432885,-0.6432885,-0.6432885,-0.6432885,-0.6432885,-0.6432885,-0.6432885,-0.6432885,-0.6432885,-0.6432885,-0.6432885,-0.6432885,-0.6432885,-0.6432885,-0.6432885,-0.6432885,-0.6432885,-0.6432885,-0.6432885,-0.6432885,-0.6432885,-0.6432885,-0.6432885,-0.6432885,-0.6432885,-0.6432885,-0.6432885,-0.6432885,-0.6432885,-0.6432885,-0.6432885,-0.6432885,-0.6432885,-0.6432885,-0.6432885,-0.6432885,-0.6432885,-0.6432885,-0.6432885,-0.6432885,-0.6432885,-0.6432885,-0.6432885,-0.6432885,-0.6432885,-0.6432885,-0.6432885,-0.6432885,-0.6432885,-0.6432885,-0.6432885,-0.6432885,-0.6432885,-0.6432885,-0.6432885,-0.6432885,-0.6432885,-0.6432885,-0.6432885,-0.6432885,-0.6432885,-0.6432885,-0.6432885,-0.6432885,-0.6432885,-0.6432885,-0.6432885,-0.6432885,-0.6432885,-0.6432885,-0.6432885,-0.6432885,-0.6432885,-0.6432885,-0.6432885,-0.6432885,-0.6432885,-0.6432885,-0.6432885,-0.6432885,-0.6432885,-0.6432885,-0.6432885,-0.6432885,-0.6432885,-0.6432885,-0.6432885,-0.6432885,-0.6432885,-0.6432885,-0.6432885,-0.6432885,-0.6432885,-0.6432885,-0.6432885,-0.6432885,-0.6432885,-0.6432885,-0.6432885,-0.6432885,-0.6432885,-0.6432885,-0.6432885,-0.6432885,-0.6432885,-0.6432885,-0.6432885,-0.6432885,-0.6432885,-0.6432885,-0.6432885,-0.6432885,-0.6432885,-0.6432885,-0.6432885,-0.6432885,-0.6432885,-0.6432885,-0.6432885,-0.6432885,-0.6432885,-0.6432885,-0.6432885,-0.6432885,-0.6432885,-0.6432885,-0.6432885,-0.6432885,-0.6432885,-0.6432885,-0.6432885,-0.6432885,-0.6432885,-0.6432885,-0.6432885,-0.6432885,-0.6432885,-0.6432885,-0.6432885,-0.6432885,-0.6432885,-0.6432885,-0.6432885,-0.6432885,-0.6432885,-0.6432885,-0.6432885,-0.6432885,-0.6432885,-0.6432885,-0.6432885,-0.6432885,-0.6432885,-0.6432885,-0.6432885,-0.6432885,-0.6432885,-0.6432885,-0.6432885,-0.6432885,-0.6432885,-0.6432885,-0.6432885,-0.6432885,-0.6432885,-0.6432885,-0.6432885,-0.6432885,-0.6432885,-0.6432885,-0.6432885,0
0,-0.6432885,-0.6432885,-0.6432885,-0.6432885,-0.6432885,-0.6432885,-0.6432885,-0.6432885,-0.6432885,-0.6432885,-0.6432885,-0.6432885,-0.6432885,-0.6432885,-0.6432885,-0.6432885,-0.6432885,-0.6432885,-0.6432885,-0.6432885,-0.6432885,-0.6432885,-0.6432885,-0.6432885,-0.6432885,-0.6432885,-0.6432885,-0.6432885,-0.6432885,-0.6432885,-0.6432885,-0.6432885,-0.6432885,-0.6432885,-0.6432885,-0.6432885,0,0,0,0,0,0,0,0,0,0,0,0,0,0,0,0,0,0,0,0,0,0,0,0,0,0,0,0,0,0,0,0,0,0,0,0,0,0,0,0,0,0,0,0,0,0,0,0,0,0,0,0,0,0,0,0,0,0,0,0,0,0,0,0,0,0,0,0,0,0,0,0,0,0,0,0,0,0,0,0,0,0,0,0,0,0,0,0,0,0,0,0,0,0,0,0,0,0,0,0,0,0,0,0,0,0,0,0,0,0,0,0,0,0,0,0,0,0,0,0,0,0,0,0,0,0,0,0,0,0,0,0,0,0,0,0,0,0,0,0,0,0,0,0,0,0,0,0,0,0,0,0,0,0,0,0,0,0,0,0,0
0,0,0,0,0,0,0,0,0,0,0,0,0,0,0,0,0,0,0,0,0,0,0,0,0,0,0,0,0,0,0,0,0,0,0,0,0,0,0,0,0,0,0,0,0,0,0,0,0,0,0,0,0,0,0,0,0,0,0,0,0,0,0,0,0,0,0,0,0,0,0,0,0,0,0,0,0,0,0,0,0,0,0,0,0,0,0,0,0,0,0,0,0,0,0,0,0,0,0,0,0,0,0,0,0,0,0,0,0,0,0,0,0,0,0,0,0,0,0,0,0,0,0,0,0,0,0,0,0,0,0,0,0,0,0,0,0,0,0,0,0,0,0,0,0,0,0,0,0,0,0,0,0,0,0,0,0,0,0,0,0,0,0,0,0,0,0,0,0,0,0,0,0,0,0,0,0,0,0,0,0,0,0,0,0,0,0,0,0,0,0,0,0,0,0,0,0,0
0,0,0,0,0,0,0,0,0,0,0,0,0,0,0,0,0,0,0,0,0,0,0,0,0,0,0,0,0,0,0,0,0,0,0,0,0,0,0,0,0,0,0,0,0,0,0,0,0,0,0,0,0,0,0,0,0,0,0,0,0,0,0,0,0,0,0,0,0,0,0,0,0,0,0,0,0,0,0,0,0,0,0,0,0,0,0,0,0,0,0,0,0,0,0,0,0,0,0,0,0,0,0,0,0,0,0,0,0,0,0,0,0,0,0,0,0,0,0,0,0,0,0,0,0,0,0,0,0,0,0,0,0,0,0,0,0,0,0,0,0,0,0,0,0,0,0,0,0,0,0,0,0,0,0,0,0,0,0,0,0,0,0,0,0,0,0,0,0,0,0,0,0,0,0,0,0,0,0,0,0,0,0,0,0,0,0,0,0,0,0,0,0,0,0,0,0,0
0,0,0,0,0,0,0,0,0,0,0,0,0,0,0,0,0,0,0,0,0,0,0,0,0,0,0,0,0,0,0,0,0,0,0,0,0,0,0,0,0,0,0,0,0,0,0,0,0,0,0,0,0,0,0,0,0,0,0,0,0,0,0,0,0,0,0,0,0,0,0,0,0,0,0,0,0,0,0,0,0,0,0,0,0,0,0,0,0,0,0,0,0,0,0,0,0,0,0,0,0,0,0,0,0,0,0,0,0,0,0,0,0,0,0,0,0,0,0,0,0,0,0,0,0,0,0,0,0,0,0,0,0,0,0,0,0,0,0,0,0,0,0,0,0,0,0,0,0,0,0,0,0,0,0,0,0,0,0,0,0,0,0,0,0,0,0,0,0,0,0,0,0,0,0,0,0,0,0,0,0,0,0,0,0,0,0,0,0,0,0,0,0,0,0,0,0,0
0,0,0,0,0,0,0,0,0,0,0,0,0,0,0,0,0,0,0,0,0,0,0,0,0,0,0,0,0,0,0,0,0,0,0,0,0,0,0,0,0,0,0,0,0,0,0,0,0,0,0,0,0,0,0,0,0,0,0,0,0,0,0,0,0,0,0,0,0,0,0,0,0,0,0,0,0,0,0,0,0,0,0,0,0,0,0,0,0,0,0,0,0,0,0,0,0,0,0,0,0,0,0,0,0,0,0,0,0,0,0,0,0,0,0,0,0,0,0,0,0,0,0,0,0,0,0,0,0,0,0,0,0,0,0,0,0,0,0,0,0,0,0,0,0,0,0,0,0,0,0,0,0,0,0,0,0,0,0,0,0,0,0,0,0,0,0,0,0,0,0,0,0,0,0,0,0,0,0,0,0,0,0,0,0,0,0,0,0,0,0,0,0,0,0,0,0,0
0,0,0,0,0,0,0,0,0,0,0,0,0,0,0,0,0,0,0,0,0,0,0,0,0,0,0,0,0,0,0,0,0,0,0,0,0,0,0,0,0,0,0,0,0,0,0,0,0,0,0,0,0,0,0,0,0,0,0,0,0,0,0,0,0,0,0,0,0,0,0,0,0,0,0,0,0,0,0,0,0,0,0,0,0,0,0,0,0,0,0,0,0,0,0,0,0,0,0,0,0,0,0,0,0,0,0,0,0,0,0,0,0,0,0,0,0,0,0,0,0,0,0,0,0,0,0,0,0,0,0,0,0,0,0,0,0,0,0,0,0,0,0,0,0,0,0,0,0,0,0,0,0,0,0,0,0,0,0,0,0,0,0,0,0,0,0,0,0,0,0,0,0,0,0,0,0,0,0,0,0,0,0,0,0,0,0,0,0,0,0,0,0,0,0,0,0,0
0,0,0,0,0,0,0,0,0,0,0,0,0,0,0,0,0,0,0,0,0,0,0,0,0,0,0,0,0,0,0,0,0,0,0,0,0,0,0,0,0,0,0,0,0,0,0,0,0,0,0,0,0,0,0,0,0,0,0,0,0,0,0,0,0,0,0,0,0,0,0,0,0,0,0,0,0,0,0,0,0,0,0,0,0,0,0,0,0,0,0,0,0,0,0,0,0,0,0,0,0,0,0,0,0,0,0,0,0,0,0,0,0,0,0,0,0,0,0,0,0,0,0,0,0,0,0,0,0,0,0,0,0,0,0,0,0,0,0,0,0,0,0,0,0,0,0,0,0,0,0,0,0,0,0,0,0,0,0,0,0,0,0,0,0,0,0,0,0,0,0,0,0,0,0,0,0,0,0,0,0,0,0,0,0,0,0,0,0,0,0,0,0,0,0,0,0,0
0,0,0,0,0,0,0,0,0,0,0,0,0,0,0,0,0,0,0,0,0,0,0,0,0,0,0,0,0,0,0,0,0,0,0,0,0,0,0,0,0,0,0,0,0,0,0,0,0,0,0,0,0,0,0,0,0,0,0,0,0,0,0,0,0,0,0,0,0,0,0,0,0,0,0,0,0,0,0,0,0,0,0,0,0,0,0,0,0,0,0,0,0,0,0,0,0,0,0,0,0,0,0,0,0,0,0,0,0,0,0,0,0,0,0,0,0,0,0,0,0,0,0,0,0,0,0,0,0,0,0,0,0,0,0,0,0,0,0,0,0,0,0,0,0,0,0,0,0,0,0,0,0,0,0,0,0,0,0,0,0,0,0,0,0,0,0,0,0,0,0,0,0,0,0,0,0,0,0,0,0,0,0,0,0,0,0,0,0,0,0,0,0,0,0,0,0,0
0,0,0,0,0,0,0,0,0,0,0,0,0,0,0,0,0,0,0,0,0,0,0,0,0,0,0,0,0,0,0,0,0,0,0,0,0,0,0,0,0,0,0,0,0,0,0,0,0,0,0,0,0,0,0,0,0,0,0,0,0,0,0,0,0,0,0,0,0,0,0,0,0,0,0,0,0,0,0,0,0,0,0,0,0,0,0,0,0,0,0,0,0,0,0,0,0,0,0,0,0,0,0,0,0,0,0,0,0,0,0,0,0,0,0,0,0,0,0,0,0,0,0,0,0,0,0,0,0,0,0,0,0,0,0,0,0,0,0,0,0,0,0,0,0,0,0,0,0,0,0,0,0,0,0,0,0,0,0,0,0,0,0,0,0,0,0,0,0,0,0,0,0,0,0,0,0,0,0,0,0,0,0,0,0,0,0,0,0,0,0,0,0,0,0,0,0,0
0,0,0,0,0,0,0,0,0,0,0,0,0,0,0,0,0,0,0,0,0,0,0,0,0,0,0,0,0,0,0,0,0,0,0,0,0,0,0,0,0,0,0,0,0,0,0,0,0,0,0,0,0,0,0,0,0,0,0,0,0,0,0,0,0,0,0,0,0,0,0,0,0,0,0,0,0,0,0,0,0,0,0,0,0,0,0,0,0,0,0,0,0,0,0,0,0,0,0,0,0,0,0,0,0,0,0,0,0,0,0,0,0,0,0,0,0,0,0,0,0,0,0,0,0,0,0,0,0,0,0,0,0,0,0,0,0,0,0,0,0,0,0,0,0,0,0,0,0,0,0,0,0,0,0,0,0,0,0,0,0,0,0,0,0,0,0,0,0,0,0,0,0,0,0,0,0,0,0,0,0,0,0,0,0,0,0,0,0,0,0,0,0,0,0,0,0,0
0,0,0,0,0,0,0,0,0,0,0,0,0,0,0,0,0,0,0,0,0,0,0,0,0,0,0,0,0,0,0,0,0,0,0,0,0,0,0,0,0,0,0,0,0,0,0,0,0,0,0,0,0,0,0,0,0,0,0,0,0,0,0,0,0,0,0,0,0,0,0,0,0,0,0,0,0,0,0,0,0,0,0,0,0,0,0,0,0,0,0,0,0,0,0,0,0,0,0,0,0,0,0,0,0,0,0,0,0,0,0,0,0,0,0,0,0,0,0,0,0,0,0,0,0,0,0,0,0,0,0,0,0,0,0,0,0,0,0,0,0,0,0,0,0,0,0,0,0,0,0,0,0,0,0,0,0,0,0,0,0,0,0,0,0,0,0,0,0,0,0,0,0,0,0,0,0,0,0,0,0,0,0,0,0,0,0,0,0,0,0,0,0,0,0,0,0,0
0,0,0,0,0,0,0,0,0,0,0,0,0,0,0,0,0,0,0,0,0,0,0,0,0,0,0,0,0,0,0,0,0,0,0,0,0,0,0,0,0,0,0,0,0,0,0,0,0,0,0,0,0,0,0,0,0,0,0,0,0,0,0,0,0,0,0,0,0,0,0,0,0,0,0,0,0,0,0,0,0,0,0,0,0,0,0,0,0,0,0,0,0,0,0,0,0,0,0,0,0,0,0,0,0,0,0,0,0,0,0,0,0,0,0,0,0,0,0,0,0,0,0,0,0,0,0,0,0,0,0,0,0,0,0,0,0,0,0,0,0,0,0,0,0,0,0,0,0,0,0,0,0,0,0,0,0,0,0,0,0,0,0,0,0,0,0,0,0,0,0,0,0,0,0,0,0,0,0,0,0,0,0,0,0,0,0,0,0,0,0,0,0,0,0,0,0,0
0,0,0,0,0,0,0,0,0,0,0,0,0,0,0,0,0,0,0,0,0,0,0,0,0,0,0,0,0,0,0,0,0,0,0,0,0,0,0,0,0,0,0,0,0,0,0,0,0,0,0,0,0,0,0,0,0,0,0,0,0,0,0,0,0,0,0,0,0,0,0,0,0,0,0,0,0,0,0,0,0,0,0,0,0,0,0,0,0,0,0,0,0,0,0,0,0,0,0,0,0,0,0,0,0,0,0,0,0,0,0,0,0,0,0,0,0,0,0,0,0,0,0,0,0,0,0,0,0,0,0,0,0,0,0,0,0,0,0,0,0,0,0,0,0,0,0,0,0,0,0,0,0,0,0,0,0,0,0,0,0,0,0,0,0,0,0,0,0,0,0,0,0,0,0,0,0,0,0,0,0,0,0,0,0,0,0,0,0,0,0,0,0,0,0,0,0,0
0,0,0,0,0,0,0,0,0,0,0,0,0,0,0,0,0,0,0,0,0,0,0,0,0,0,0,0,0,0,0,0,0,0,0,0,0,0,0,0,0,0,0,0,0,0,0,0,0,0,0,0,0,0,0,0,0,0,0,0,0,0,0,0,0,0,0,0,0,0,0,0,0,0,0,0,0,0,0,0,0,0,0,0,0,0,0,0,0,0,0,0,0,0,0,0,0,0,0,0,0,0,0,0,0,0,0,0,0,0,0,0,0,0,0,0,0,0,0,0,0,0,0,0,0,0,0,0,0,0,0,0,0,0,0,0,0,0,0,0,0,0,0,0,0,0,0,0,0,0,0,0,0,0,0,0,0,0,0,0,0,0,0,0,0,0,0,0,0,0,0,0,0,0,0,0,0,0,0,0,0,0,0,0,0,0,0,0,0,0,0,0,0,0,0,0,0,0
0,0,0,0,0,0,0,0,0,0,0,0,0,0,0,0,0,0,0,0,0,0,0,0,0,0,0,0,0,0,0,0,0,0,0,0,0,0,0,0,0,0,0,0,0,0,0,0,0,0,0,0,0,0,0,0,0,0,0,0,0,0,0,0,0,0,0,0,0,0,0,0,0,0,0,0,0,0,0,0,0,0,0,0,0,0,0,0,0,0,0,0,0,0,0,0,0,0,0,0,0,0,0,0,0,0,0,0,0,0,0,0,0,0,0,0,0,0,0,0,0,0,0,0,0,0,0,0,0,0,0,0,0,0,0,0,0,0,0,0,0,0,0,0,0,0,0,0,0,0,0,0,0,0,0,0,0,0,0,0,0,0,0,0,0,0,0,0,0,0,0,0,0,0,0,0,0,0,0,0,0,0,0,0,0,0,0,0,0,0,0,0,0,0,0,0,0,0
0,0,0,0,0,0,0,0,0,0,0,0,0,0,0,0,0,0,0,0,0,0,0,0,0,0,0,0,0,0,0,0,0,0,0,0,0,0,0,0,0,0,0,0,0,0,0,0,0,0,0,0,0,0,0,0,0,0,0,0,0,0,0,0,0,0,0,0,0,0,0,0,0,0,0,0,0,0,0,0,0,0,0,0,0,0,0,0,0,0,0,0,0,0,0,0,0,0,0,0,0,0,0,0,0,0,0,0,0,0,0,0,0,0,0,0,0,0,0,0,0,0,0,0,0,0,0,0,0,0,0,0,0,0,0,0,0,0,0,0,0,0,0,0,0,0,0,0,0,0,0,0,0,0,0,0,0,0,0,0,0,0,0,0,0,0,0,0,0,0,0,0,0,0,0,0,0,0,0,0,0,0,0,0,0,0,0,0,0,0,0,0,0,0,0,0,0,0
0,0,0,0,0,0,0,0,0,0,0,0,0,0,0,0,0,0,0,0,0,0,0,0,0,0,0,0,0,0,0,0,0,0,0,0,0,0,0,0,0,0,0,0,0,0,0,0,0,0,0,0,0,0,0,0,0,0,0,0,0,0,0,0,0,0,0,0,0,0,0,0,0,0,0,0,0,0,0,0,0,0,0,0,0,0,0,0,0,0,0,0,0,0,0,0,0,0,0,0,0,0,0,0,0,0,0,0,0,0,0,0,0,0,0,0,0,0,0,0,0,0,0,0,0,0,0,0,0,0,0,0,0,0,0,0,0,0,0,0,0,0,0,0,0,0,0,0,0,0,0,0,0,0,0,0,0,0,0,0,0,0,0,0,0,0,0,0,0,0,0,0,0,0,0,0,0,0,0,0,0,0,0,0,0,0,0,0,0,0,0,0,0,0,0,0,0,0
0,0,0,0,0,0,0,0,0,0,0,0,0,0,0,0,0,0,0,0,0,0,0,0,0,0,0,0,0,0,0,0,0,0,0,0,0,0,0,0,0,0,0,0,0,0,0,0,0,0,0,0,0,0,0,0,0,0,0,0,0,0,0,0,0,0,0,0,0,0,0,0,0,0,0,0,0,0,0,0,0,0,0,0,0,0,0,0,0,0,0,0,0,0,0,0,0,0,0,0,0,0,0,0,0,0,0,0,0,0,0,0,0,0,0,0,0,0,0,0,0,0,0,0,0,0,0,0,0,0,0,0,0,0,0,0,0,0,0,0,0,0,0,0,0,0,0,0,0,0,0,0,0,0,0,0,0,0,0,0,0,0,0,0,0,0,0,0,0,0,0,0,0,0,0,0,0,0,0,0,0,0,0,0,0,0,0,0,0,0,0,0,0,0,0,0,0,0
0,0,0,0,0,0,0,0,0,0,0,0,0,0,0,0,0,0,0,0,0,0,0,0,0,0,0,0,0,0,0,0,0,0,0,0,0,0,0,0,0,0,0,0,0,0,0,0,0,0,0,0,0,0,0,0,0,0,0,0,0,0,0,0,0,0,0,0,0,0,0,0,0,0,0,0,0,0,0,0,0,0,0,0,0,0,0,0,0,0,0,0,0,0,0,0,0,0,0,0,0,0,0,0,0,0,0,0,0,0,0,0,0,0,0,0,0,0,0,0,0,0,0,0,0,0,0,0,0,0,0,0,0,0,0,0,0,0,0,0,0,0,0,0,0,0,0,0,0,0,0,0,0,0,0,0,0,0,0,0,0,0,0,0,0,0,0,0,0,0,0,0,0,0,0,0,0,0,0,0,0,0,0,0,0,0,0,0,0,0,0,0,0,0,0,0,0,0
0,0,0,0,0,0,0,0,0,0,0,0,0,0,0,0,0,0,0,0,0,0,0,0,0,0,0,0,0,0,0,0,0,0,0,0,0,0,0,0,0,0,0,0,0,0,0,0,0,0,0,0,0,0,0,0,0,0,0,0,0,0,0,0,0,0,0,0,0,0,0,0,0,0,0,0,0,0,0,0,0,0,0,0,0,0,0,0,0,0,0,0,0,0,0,0,0,0,0,0,0,0,0,0,0,0,0,0,0,0,0,0,0,0,0,0,0,0,0,0,0,0,0,0,0,0,0,0,0,0,0,0,0,0,0,0,0,0,0,0,0,0,0,0,0,0,0,0,0,0,0,0,0,0,0,0,0,0,0,0,0,0,0,0,0,0,0,0,0,0,0,0,0,0,0,0,0,0,0,0,0,0,0,0,0,0,0,0,0,0,0,0,0,0,0,0,0,0
0,0,0,0,0,0,0,0,0,0,0,0,0,0,0,0,0,0,0,0,0,0,0,0,0,0,0,0,0,0,0,0,0,0,0,0,0,0,0,0,0,0,0,0,0,0,0,0,0,0,0,0,0,0,0,0,0,0,0,0,0,0,0,0,0,0,0,0,0,0,0,0,0,0,0,0,0,0,0,0,0,0,0,0,0,0,0,0,0,0,0,0,0,0,0,0,0,0,0,0,0,0,0,0,0,0,0,0,0,0,0,0,0,0,0,0,0,0,0,0,0,0,0,0,0,0,0,0,0,0,0,0,0,0,0,0,0,0,0,0,0,0,0,0,0,0,0,0,0,0,0,0,0,0,0,0,0,0,0,0,0,0,0,0,0,0,0,0,0,0,0,0,0,0,0,0,0,0,0,0,0,0,0,0,0,0,0,0,0,0,0,0,0,0,0,0,0,0
0,0,0,0,0,0,0,0,0,0,0,0,0,0,0,0,0,0,0,0,0,0,0,0,0,0,0,0,0,0,0,0,0,0,0,0,0,0,0,0,0,0,0,0,0,0,0,0,0,0,0,0,0,0,0,0,0,0,0,0,0,0,0,0,0,0,0,0,0,0,0,0,0,0,0,0,0,0,0,0,0,0,0,0,0,0,0,0,0,0,0,0,0,0,0,0,0,0,0,0,0,0,0,0,0,0,0,0,0,0,0,0,0,0,0,0,0,0,0,0,0,0,0,0,0,0,0,0,0,0,0,0,0,0,0,0,0,0,0,0,0,0,0,0,0,0,0,0,0,0,0,0,0,0,0,0,0,0,0,0,0,0,0,0,0,0,0,0,0,0,0,0,0,0,0,0,0,0,0,0,0,0,0,0,0,0,0,0,0,0,0,0,0,0,0,0,0,0
0,0,0,0,0,0,0,0,0,0,0,0,0,0,0,0,0,0,0,0,0,0,0,0,0,0,0,0,0,0,0,0,0,0,0,0,0,0,0,0,0,0,0,0,0,0,0,0,0,0,0,0,0,0,0,0,0,0,0,0,0,0,0,0,0,0,0,0,0,0,0,0,0,0,0,0,0,0,0,0,0,0,0,0,0,0,0,0,0,0,0,0,0,0,0,0,0,0,0,0,0,0,0,0,0,0,0,0,0,0,0,0,0,0,0,0,0,0,0,0,0,0,0,0,0,0,0,0,0,0,0,0,0,0,0,0,0,0,0,0,0,0,0,0,0,0,0,0,0,0,0,0,0,0,0,0,0,0,0,0,0,0,0,0,0,0,0,0,0,0,0,0,0,0,0,0,0,0,0,0,0,0,0,0,0,0,0,0,0,0,0,0,0,0,0,0,0,0
0,0,0,0,0,0,0,0,0,0,0,0,0,0,0,0,0,0,0,0,0,0,0,0,0,0,0,0,0,0,0,0,0,0,0,0,0,0,0,0,0,0,0,0,0,0,0,0,0,0,0,0,0,0,0,0,0,0,0,0,0,0,0,0,0,0,0,0,0,0,0,0,0,0,0,0,0,0,0,0,0,0,0,0,0,0,0,0,0,0,0,0,0,0,0,0,0,0,0,0,0,0,0,0,0,0,0,0,0,0,0,0,0,0,0,0,0,0,0,0,0,0,0,0,0,0,0,0,0,0,0,0,0,0,0,0,0,0,0,0,0,0,0,0,0,0,0,0,0,0,0,0,0,0,0,0,0,0,0,0,0,0,0,0,0,0,0,0,0,0,0,0,0,0,0,0,0,0,0,0,0,0,0,0,0,0,0,0,0,0,0,0,0,0,0,0,0,0
0,0,0,0,0,0,0,0,0,0,0,0,0,0,0,0,0,0,0,0,0,0,0,0,0,0,0,0,0,0,0,0,0,0,0,0,0,0,0,0,0,0,0,0,0,0,0,0,0,0,0,0,0,0,0,0,0,0,0,0,0,0,0,0,0,0,0,0,0,0,0,0,0,0,0,0,0,0,0,0,0,0,0,0,0,0,0,0,0,0,0,0,0,0,0,0,0,0,0,0,0,0,0,0,0,0,0,0,0,0,0,0,0,0,0,0,0,0,0,0,0,0,0,0,0,0,0,0,0,0,0,0,0,0,0,0,0,0,0,0,0,0,0,0,0,0,0,0,0,0,0,0,0,0,0,0,0,0,0,0,0,0,0,0,0,0,0,0,0,0,0,0,0,0,0,0,0,0,0,0,0,0,0,0,0,0,0,0,0,0,0,0,0,0,0,0,0,0
0,0,0,0,0,0,0,0,0,0,0,0,0,0,0,0,0,0,0,0,0,0,0,0,0,0,0,0,0,0,0,0,0,0,0,0,0,0,0,0,0,0,0,0,0,0,0,0,0,0,0,0,0,0,0,0,0,0,0,0,0,0,0,0,0,0,0,0,0,0,0,0,0,0,0,0,0,0,0,0,0,0,0,0,0,0,0,0,0,0,0,0,0,0,0,0,0,0,0,0,0,0,0,0,0,0,0,0,0,0,0,0,0,0,0,0,0,0,0,0,0,0,0,0,0,0,0,0,0,0,0,0,0,0,0,0,0,0,0,0,0,0,0,0,0,0,0,0,0,0,0,0,0,0,0,0,0,0,0,0,0,0,0,0,0,0,0,0,0,0,0,0,0,0,0,0,0,0,0,0,0,0,0,0,0,0,0,0,0,0,0,0,0,0,0,0,0,0
0,0,0,0,0,0,0,0,0,0,0,0,0,0,0,0,0,0,0,0,0,0,0,0,0,0,0,0,0,0,0,0,0,0,0,0,0,0,0,0,0,0,0,0,0,0,0,0,0,0,0,0,0,0,0,0,0,0,0,0,0,0,0,0,0,0,0,0,0,0,0,0,0,0,0,0,0,0,0,0,0,0,0,0,0,0,0,0,0,0,0,0,0,0,0,0,0,0,0,0,0,0,0,0,0,0,0,0,0,0,0,0,0,0,0,0,0,0,0,0,0,0,0,0,0,0,0,0,0,0,0,0,0,0,0,0,0,0,0,0,0,0,0,0,0,0,0,0,0,0,0,0,0,0,0,0,0,0,0,0,0,0,0,0,0,0,0,0,0,0,0,0,0,0,0,0,0,0,0,0,0,0,0,0,0,0,0,0,0,0,0,0,0,0,0,0,0,0
0,0,0,0,0,0,0,0,0,0,0,0,0,0,0,0,0,0,0,0,0,0,0,0,0,0,0,0,0,0,0,0,0,0,0,0,0,0,0,0,0,0,0,0,0,0,0,0,0,0,0,0,0,0,0,0,0,0,0,0,0,0,0,0,0,0,0,0,0,0,0,0,0,0,0,0,0,0,0,0,0,0,0,0,0,0,0,0,0,0,0,0,0,0,0,0,0,0,0,0,0,0,0,0,0,0,0,0,0,0,0,0,0,0,0,0,0,0,0,0,0,0,0,0,0,0,0,0,0,0,0,0,0,0,0,0,0,0,0,0,0,0,0,0,0,0,0,0,0,0,0,0,0,0,0,0,0,0,0,0,0,0,0,0,0,0,0,0,0,0,0,0,0,0,0,0,0,0,0,0,0,0,0,0,0,0,0,0,0,0,0,0,0,0,0,0,0,0
0,0,0,0,0,0,0,0,0,0,0,0,0,0,0,0,0,0,0,0,0,0,0,0,0,0,0,0,0,0,0,0,0,0,0,0,0,0,0,0,0,0,0,0,0,0,0,0,0,0,0,0,0,0,0,0,0,0,0,0,0,0,0,0,0,0,0,0,0,0,0,0,0,0,0,0,0,0,0,0,0,0,0,0,0,0,0,0,0,0,0,0,0,0,0,0,0,0,0,0,0,0,0,0,0,0,0,0,0,0,0,0,0,0,0,0,0,0,0,0,0,0,0,0,0,0,0,0,0,0,0,0,0,0,0,0,0,0,0,0,0,0,0,0,0,0,0,0,0,0,0,0,0,0,0,0,0,0,0,0,0,0,0,0,0,0,0,0,0,0,0,0,0,0,0,0,0,0,0,0,0,0,0,0,0,0,0,0,0,0,0,0,0,0,0,0,0,0
0,0,0,0,0,0,0,0,0,0,0,0,0,0,0,0,0,0,0,0,0,0,0,0,0,0,0,0,0,0,0,0,0,0,0,0,0,0,0,0,0,0,0,0,0,0,0,0,0,0,0,0,0,0,0,0,0,0,0,0,0,0,0,0,0,0,0,0,0,0,0,0,0,0,0,0,0,0,0,0,0,0,0,0,0,0,0,0,0,0,0,0,0,0,0,0,0,0,0,0,0,0,0,0,0,0,0,0,0,0,0,0,0,0,0,0,0,0,0,0,0,0,0,0,0,0,0,0,0,0,0,0,0,0,0,0,0,0,0,0,0,0,0,0,0,0,0,0,0,0,0,0,0,0,0,0,0,0.3542322,0.3542322,0.3542322,0.3542322,0.3542322,0.3542322,0.3542322,0.3542322,0.3542322,0.3542322,0.3542322,0.3542322,0.3542322,0.3542322,0.3542322,0.3542322,0.3542322,0.3542322,0.3542322,0.3542322,0.3542322,0.3542322,0.3542322,0.3542322,0.3542322,0.3542322,0.3542322,0.3542322,0.3542322,0.3542322,0.3542322,0.3542322,0.3542322,0.3542322,0.3542322,0.3542322,0.3542322,0.3542322,0.3542322,0.3542322,0
0,0.3542322,0.3542322,0.3542322,0.3542322,0.3542322,0.3542322,0.3542322,0.3542322,0.3542322,0.3542322,0.3542322,0.3542322,0.3542322,0.3542322,0.3542322,0.3542322,0.3542322,0.3542322,0.3542322,0.3542322,0.3542322,0.3542322,0.3542322,0.3542322,0.3542322,0.3542322,0.3542322,0.3542322,0.3542322,0.3542322,0.3542322,0.3542322,0.3542322,0.3542322,0.3542322,0.3542322,0.3542322,0.3542322,0.3542322,0.3542322,0.3542322,0.3542322,0.3542322,0.3542322,0.3542322,0.3542322,0.3542322,0.3542322,0.3542322,0.3542322,0.3542322,0.3542322,0.3542322,0.3542322,0.3542322,0.3542322,0.3542322,0.3542322,0.3542322,0.3542322,0.3542322,0.3542322,0.3542322,0.3542322,0.3542322,0.3542322,0.3542322,0.3542322,0.3542322,0.3542322,0.3542322,0.3542322,0.3542322,0.3542322,0.3542322,0.3542322,0.3542322,0.3542322,0.3542322,0.3542322,0.3542322,0.3542322,0.3542322,0.3542322,0.3542322,0.3542322,0.3542322,0.3542322,0.3542322,0.3542322,0.3542322,0.3542322,0.3542322,0.3542322,0.3542322,0.3542322,0.3542322,0.3542322,0.3542322,0.3542322,0.3542322,0.3542322,0.3542322,0.3542322,0.3542322,0.3542322,0.3542322,0.3542322,0.3542322,0.3542322,0.3542322,0.3542322,0.3542322,0.3542322,0.3542322,0.3542322,0.3542322,0.3542322,0.3542322,0.3542322,0.3542322,0.3542322,0.3542322,0.3542322,0.3542322,0.3542322,0.3542322,0.3542322,0.3542322,0.3542322,0.3542322,0.3542322,0.3542322,0.3542322,0.3542322,0.3542322,0.3542322,0.3542322,0.3542322,0.3542322,0.3542322,0.3542322,0.3542322,0.3542322,0.3542322,0.3542322,0.3542322,0.3542322,0.3542322,0.3542322,0.3542322,0.3542322,0.3542322,0.3542322,0.3542322,0.3542322,0.3542322,0.3542322,0.3542322,0.3542322,0.3542322,0.3542322,0.3542322,0.3542322,0.3542322,0.3542322,0.3542322,0.3542322,0.3542322,0.3542322,0.3542322,0.3542322,0.3542322,0.3542322,0.3542322,0.3542322,0.3542322,0.3542322,0.3542322,0.3542322,0.3542322,0.3542322,0.3542322,0.3542322,0.3542322,0.3542322,0.3542322,0.3542322,0.3542322,0.3542322,0.3542322,0.3542322,0.3542322,0.3542322,0.3542322,0.3542322,0
0,0.3542322,0.3542322,0.3542322,0.3542322,0.3542322,0.3542322,0.3542322,0.3542322,0.3542322,0.3542322,0.3542322,0.3542322,0.3542322,0.3542322,0.3542322,0.3542322,0.3542322,0.3542322,0.3542322,0.3542322,0.3542322,0.3542322,0.3542322,0.3542322,0.3542322,0.3542322,0.3542322,0.3542322,0.3542322,0.3542322,0.3542322,0.3542322,0.3542322,0.3542322,0.3542322,0.3542322,0.3542322,0.3542322,0.3542322,0.3542322,0.3542322,0.3542322,0.3542322,0.3542322,0.3542322,0.3542322,0.3542322,0.3542322,0.3542322,0.3542322,0.3542322,0.3542322,0.3542322,0.3542322,0.3542322,0.3542322,0.3542322,0.3542322,0.3542322,0.3542322,0.3542322,0.3542322,0.3542322,0.3542322,0.3542322,0.3542322,0.3542322,0.3542322,0.3542322,0.3542322,0.3542322,0.3542322,0.3542322,0.3542322,0.3542322,0.3542322,0.3542322,0.3542322,0.3542322,0.3542322,0.3542322,0.3542322,0.3542322,0.3542322,0.3542322,0.3542322,0.3542322,0.3542322,0.3542322,0.3542322,0.3542322,0.3542322,0.3542322,0.3542322,0.3542322,0.3542322,0.3542322,0.3542322,0.3542322,0.3542322,0.3542322,0.3542322,0.3542322,0.3542322,0.3542322,0.3542322,0.3542322,0.3542322,0.3542322,0.3542322,0.3542322,0.3542322,0.3542322,0.3542322,0.3542322,0.3542322,0.3542322,0.3542322,0.3542322,0.3542322,0.3542322,0.3542322,0.3542322,0.3542322,0.3542322,0.3542322,0.3542322,0.3542322,0.3542322,0.3542322,0.3542322,0.3542322,0.3542322,0.3542322,0.3542322,0.3542322,0.3542322,0.3542322,0.3542322,0.3542322,0.3542322,0.3542322,0.3542322,0.3542322,0.3542322,0.3542322,0.3542322,0.3542322,0.3542322,0.3542322,0.3542322,0.3542322,0.3542322,0.3542322,0.3542322,0.3542322,0.3542322,0.3542322,0.3542322,0.3542322,0.3542322,0.3542322,0.3542322,0.3542322,0.3542322,0.3542322,0.3542322,0.3542322,0.3542322,0.3542322,0.3542322,0.3542322,0.3542322,0.3542322,0.3542322,0.3542322,0.3542322,0.3542322,0.3542322,0.3542322,0.3542322,0.3542322,0.3542322,0.3542322,0.3542322,0.3542322,0.3542322,0.3542322,0.3542322,0.3542322,0.3542322,0.3542322,0.3542322,0.3542322,0.3542322,0.3542322,0
0,0.3542322,0.3542322,0.3542322,0.3542322,0.3542322,0.3542322,0.3542322,0.3542322,0.3542322,0.3542322,0.3542322,0.3542322,0.3542322,0.3542322,0.3542322,0.3542322,0.3542322,0.3542322,0.3542322,0.3542322,0.3542322,0.3542322,0.3542322,0.3542322,0.3542322,0.3542322,0.3542322,0.3542322,0.3542322,0.3542322,0.3542322,0.3542322,0.3542322,0.3542322,0.3542322,0.3542322,0.3542322,0.3542322,0.3542322,0.3542322,0.3542322,0.3542322,0.3542322,0.3542322,0.3542322,0.3542322,0.3542322,0.3542322,0.3542322,0.3542322,0.3542322,0.3542322,0.3542322,0.3542322,0.3542322,0.3542322,0.3542322,0.3542322,0.3542322,0.3542322,0.3542322,0.3542322,0.3542322,0.3542322,0.3542322,0.3542322,0.3542322,0.3542322,0.3542322,0.3542322,0.3542322,0.3542322,0.3542322,0.3542322,0.3542322,0.3542322,0.3542322,0.3542322,0.3542322,0.3542322,0.3542322,0.3542322,0.3542322,0.3542322,0.3542322,0.3542322,0.3542322,0.3542322,0.3542322,0.3542322,0.3542322,0.3542322,0.3542322,0.3542322,0.3542322,0.3542322,0.3542322,0.3542322,0.3542322,0.3542322,0.3542322,0.3542322,0.3542322,0.3542322,0.3542322,0.3542322,0.3542322,0.3542322,0.3542322,0.3542322,0.3542322,0.3542322,0.3542322,0.3542322,0.3542322,0.3542322,0.3542322,0.3542322,0.3542322,0.3542322,0.3542322,0.3542322,0.3542322,0.3542322,0.3542322,0.3542322,0.3542322,0.3542322,0.3542322,0.3542322,0.3542322,0.3542322,0.3542322,0.3542322,0.3542322,0.3542322,0.3542322,0.3542322,0.3542322,0.3542322,0.3542322,0.3542322,0.3542322,0.3542322,0.3542322,0.3542322,0.3542322,0.3542322,0.3542322,0,0,0,0,0,0,0,0,0,0,0,0,0,0,0,0,0,0,0,0,0,0,0,0,0,0,0,0,0,0,0,0,0,0,0,0,0,0,0,0,0,0,0,0,0,0,0,0
0,0,0,0,0,0,0,0,0,0,0,0,0,0,0,0,0,0,0,0,0,0,0,0,0,0,0,0,0,0,0,0,0,0,0,0,0,0,0,0,0,0,0,0,0,0,0,0,0,0,0,0,0,0,0,0,0,0,0,0,0,0,0,0,0,0,0,0,0,0,0,0,0,0,0,0,0,0,0,0,0,0,0,0,0,0,0,0,0,0,0,0,0,0,0,0,0,0,0,0,0,0,0,0,0,0,0,0,0,0,0,0,0,0,0,0,0,0,0,0,0,0,0,0,0,0,0,0,0,0,0,0,0,0,0,0,0,0,0,0,0,0,0,0,0,0,0,0,0,0,0,0,0,0,0,0,0,0,0,0,0,0,0,0,0,0,0,0,0,0,0,0,0,0,0,0,0,0,0,0,0,0,0,0,0,0,0,0,0,0,0,0,0,0,0,0,0,0
0,0,0,0,0,0,0,0,0,0,0,0,0,0,0,0,0,0,0,0,0,0,0,0,0,0,0,0,0,0,0,0,0,0,0,0,0,0,0,0,0,0,0,0,0,0,0,0,0,0,0,0,0,0,0,0,0,0,0,0,0,0,0,0,0,0,0,0,0,0,0,0,0,0,0,0,0,0,0,0,0,0,0,0,0,0,0,0,0,0,0,0,0,0,0,0,0,0,0,0,0,0,0,0,0,0,0,0,0,0,0,0,0,0,0,0,0,0,0,0,0,0,0,0,0,0,0,0,0,0,0,0,0,0,0,0,0,0,0,0,0,0,0,0,0,0,0,0,0,0,0,0,0,0,0,0,0,0,0,0,0,0,0,0,0,0,0,0,0,0,0,0,0,0,0,0,0,0,0,0,0,0,0,0,0,0,0,0,0,0,0,0,0,0,0,0,0,0
0,0,0,0,0,0,0,0,0,0,0,0,0,0,0,0,0,0,0,0,0,0,0,0,0,0,0,0,0,0,0,0,0,0,0,0,0,0,0,0,0,0,0,0,0,0,0,0,0,0,0,0,0,0,0,0,0,0,0,0,0,0,0,0,0,0,0,0,0,0,0,0,0,0,0,0,0,0,0,0,0,0,0,0,0,0,0,0,0,0,0,0,0,0,0,0,0,0,0,0,0,0,0,0,0,0,0,0,0,0,0,0,0,0,0,0,0,0,0,0,0,0,0,0,0,0,0,0,0,0,0,0,0,0,0,0,0,0,0,0,0,0,0,0,0,0,0,0,0,0,0,0,0,0,0,0,0,0,0,0,0,0,0,0,0,0,0,0,0,0,0,0,0,0,0,0,0,0,0,0,0,0,0,0,0,0,0,0,0,0,0,0,0,0,0,0,0,0
0,0,0,0,0,0,0,0,0,0,0,0,0,0,0,0,0,0,0,0,0,0,0,0,0,0,0,0,0,0,0,0,0,0,0,0,0,0,0,0,0,0,0,0,0,0,0,0,0,0,0,0,0,0,0,0,0,0,0,0,0,0,0,0,0,0,0,0,0,0,0,0,0,0,0,0,0,0,0,0,0,0,0,0,0,0,0,0,0,0,0,0,0,0,0,0,0,0,0,0,0,0,0,0,0,0,0,0,0,0,0,0,0,0,0,0,0,0,0,0,0,0,0,0,0,0,0,0,0,0,0,0,0,0,0,0,0,0,0,0,0,0,0,0,0,0,0,0,0,0,0,0,0,0,0,0,0,0,0,0,0,0,0,0,0,0,0,0,0,0,0,0,0,0,0,0,0,0,0,0,0,0,0,0,0,0,0,0,0,0,0,0,0,0,0,0,0,0
0,0,0,0,0,0,0,0,0,0,0,0,0,0,0,0,0,0,0,0,0,0,0,0,0,0,0,0,0,0,0,0,0,0,0,0,0,0,0,0,0,0,0,0,0,0,0,0,0,0,0,0,0,0,0,0,0,0,0,0,0,0,0,0,0,0,0,0,0,0,0,0,0,0,0,0,0,0,0,0,0,0,0,0,0,0,0,0,0,0,0,0,0,0,0,0,0,0,0,0,0,0,0,0,0,0,0,0,0,0,0,0,0,0,0,0,0,0,0,0,0,0,0,0,0,0,0,0,0,0,0,0,0,0,0,0,0,0,0,0,0,0,0,0,0,0,0,0,0,0,0,0,0,0,0,0,0,0,0,0,0,0,0,0,0,0,0,0,0,0,0,0,0,0,0,0,0,0,0,0,0,0,0,0,0,0,0,0,0,0,0,0,0,0,0,0,0,0
0,0,0,0,0,0,0,0,0,0,0,0,0,0,0,0,0,0,0,0,0,0,0,0,0,0,0,0,0,0,0,0,0,0,0,0,0,0,0,0,0,0,0,0,0,0,0,0,0,0,0,0,0,0,0,0,0,0,0,0,0,0,0,0,0,0,0,0,0,0,0,0,0,0,0,0,0,0,0,0,0,0,0,0,0,0,0,0,0,0,0,0,0,0,0,0,0,0,0,0,0,0,0,0,0,0,0,0,0,0,0,0,0,0,0,0,0,0,0,0,0,0,0,0,0,0,0,0,0,0,0,0,0,0,0,0,0,0,0,0,0,0,0,0,0,0,0,0,0,0,0,0,0,0,0,0,0,0,0,0,0,0,0,0,0,0,0,0,0,0,0,0,0,0,0,0,0,0,0,0,0,0,0,0,0,0,0,0,0,0,0,0,0,0,0,0,0,0
0,0,0,0,0,0,0,0,0,0,0,0,0,0,0,0,0,0,0,0,0,0,0,0,0,0,0,0,0,0,0,0,0,0,0,0,0,0,0,0,0,0,0,0,0,0,0,0,0,0,0,0,0,0,0,0,0,0,0,0,0,0,0,0,0,0,0,0,0,0,0,0,0,0,0,0,0,0,0,0,0,0,0,0,0,0,0,0,0,0,0,0,0,0,0,0,0,0,0,0,0,0,0,0,0,0,0,0,0,0,0,0,0,0,0,0,0,0,0,0,0,0,0,0,0,0,0,0,0,0,0,0,0,0,0,0,0,0,0,0,0,0,0,0,0,0,0,0,0,0,0,0,0,0,0,0,0,0,0,0,0,0,0,0,0,0,0,0,0,0,0,0,0,0,0,0,0,0,0,0,0,0,0,0,0,0,0,0,0,0,0,0,0,0,0,0,0,0
0,0,0,0,0,0,0,0,0,0,0,0,0,0,0,0,0,0,0,0,0,0,0,0,0,0,0,0,0,0,0,0,0,0,0,0,0,0,0,0,0,0,0,0,0,0,0,0,0,0,0,0,0,0,0,0,0,0,0,0,0,0,0,0,0,0,0,0,0,0,0,0,0,0,0,0,0,0,0,0,0,0,0,0,0,0,0,0,0,0,0,0,0,0,0,0,0,0,0,0,0,0,0,0,0,0,0,0,0,0,0,0,0,0,0,0,0,0,0,0,0,0,0,0,0,0,0,0,0,0,0,0,0,0,0,0,0,0,0,0,0,0,0,0,0,0,0,0,0,0,0,0,0,0,0,0,0,0,0,0,0,0,0,0,0,0,0,0,0,0,0,0,0,0,0,0,0,0,0,0,0,0,0,0,0,0,0,0,0,0,0,0,0,0,0,0,0,0
0,0,0,0,0,0,0,0,0,0,0,0,0,0,0,0,0,0,0,0,0,0,0,0,0,0,0,0,0,0,0,0,0,0,0,0,0,0,0,0,0,0,0,0,0,0,0,0,0,0,0,0,0,0,0,0,0,0,0,0,0,0,0,0,0,0,0,0,0,0,0,0,0,0,0,0,0,0,0,0,0,0,0,0,0,0,0,0,0,0,0,0,0,0,0,0,0,0,0,0,0,0,0,0,0,0,0,0,0,0,0,0,0,0,0,0,0,0,0,0,0,0,0,0,0,0,0,0,0,0,0,0,0,0,0,0,0,0,0,0,0,0,0,0,0,0,0,0,0,0,0,0,0,0,0,0,0,0,0,0,0,0,0,0,0,0,0,0,0,0,0,0,0,0,0,0,0,0,0,0,0,0,0,0,0,0,0,0,0,0,0,0,0,0,0,0,0,0
0,0,0,0,0,0,0,0,0,0,0,0,0,0,0,0,0,0,0,0,0,0,0,0,0,0,0,0,0,0,0,0,0,0,0,0,0,0,0,0,0,0,0,0,0,0,0,0,0,0,0,0,0,0,0,0,0,0,0,0,0,0,0,0,0,0,0,0,0,0,0,0,0,0,0,0,0,0,0,0,0,0,0,0,0,0,0,0,0,0,0,0,0,0,0,0,0,0,0,0,0,0,0,0,0,0,0,0,0,0,0,0,0,0,0,0,0,0,0,0,0,0,0,0,0,0,0,0,0,0,0,0,0,0,0,0,0,0,0,0,0,0,0,0,0,0,0,0,0,0,0,0,0,0,0,0,0,0,0,0,0,0,0,0,0,0,0,0,0,0,0,0,0,0,0,0,0,0,0,0,0,0,0,0,0,0,0,0,0,0,0,0,0,0,0,0,0,0
0,0,0,0,0,0,0,0,0,0,0,0,0,0,0,0,0,0,0,0,0,0,0,0,0,0,0,0,0,0,0,0,0,0,0,0,0,0,0,0,0,0,0,0,0,0,0,0,0,0,0,0,0,0,0,0,0,0,0,0,0,0,0,0,0,0,0,0,0,0,0,0,0,0,0,0,0,0,0,0,0,0,0,0,0,0,0,0,0,0,0,0,0,0,0,0,0,0,0,0,0,0,0,0,0,0,0,0,0,0,0,0,0,0,0,0,0,0,0,0,0,0,0,0,0,0,0,0,0,0,0,0,0,0,0,0,0,0,0,0,0,0,0,0,0,0,0,0,0,0,0,0,0,0,0,0,0,0,0,0,0,0,0,0,0,0,0,0,0,0,0,0,0,0,0,0,0,0,0,0,0,0,0,0,0,0,0,0,0,0,0,0,0,0,0,0,0,0
0,0,0,0,0,0,0,0,0,0,0,0,0,0,0,0,0,0,0,0,0,0,0,0,0,0,0,0,0,0,0,0,0,0,0,0,0,0,0,0,0,0,0,0,0,0,0,0,0,0,0,0,0,0,0,0,0,0,0,0,0,0,0,0,0,0,0,0,0,0,0,0,0,0,0,0,0,0,0,0,0,0,0,0,0,0,0,0,0,0,0,0,0,0,0,0,0,0,0,0,0,0,0,0,0,0,0,0,0,0,0,0,0,0,0,0,0,0,0,0,0,0,0,0,0,0,0,0,0,0,0,0,0,0,0,0,0,0,0,0,0,0,0,0,0,0,0,0,0,0,0,0,0,0,0,0,0,0,0,0,0,0,0,0,0,0,0,0,0,0,0,0,0,0,0,0,0,0,0,0,0,0,0,0,0,0,0,0,0,0,0,0,0,0,0,0,0,0
0,0,0,0,0,0,0,0,0,0,0,0,0,0,0,0,0,0,0,0,0,0,0,0,0,0,0,0,0,0,0,0,0,0,0,0,0,0,0,0,0,0,0,0,0,0,0,0,0,0,0,0,0,0,0,0,0,0,0,0,0,0,0,0,0,0,0,0,0,0,0,0,0,0,0,0,0,0,0,0,0,0,0,0,0,0,0,0,0,0,0,0,0,0,0,0,0,0,0,0,0,0,0,0,0,0,0,0,0,0,0,0,0,0,0,0,0,0,0,0,0,0,0,0,0,0,0,0,0,0,0,0,0,0,0,0,0,0,0,0,0,0,0,0,0,0,0,0,0,0,0,0,0,0,0,0,0,0,0,0,0,0,0,0,0,0,0,0,0,0,0,0,0,0,0,0,0,0,0,0,0,0,0,0,0,0,0,0,0,0,0,0,0,0,0,0,0,0
0,0,0,0,0,0,0,0,0,0,0,0,0,0,0,0,0,0,0,0,0,0,0,0,0,0,0,0,0,0,0,0,0,0,0,0,0,0,0,0,0,0,0,0,0,0,0,0,0,0,0,0,0,0,0,0,0,0,0,0,0,0,0,0,0,0,0,0,0,0,0,0,0,0,0,0,0,0,0,0,0,0,0,0,0,0,0,0,0,0,0,0,0,0,0,0,0,0,0,0,0,0,0,0,0,0,0,0,0,0,0,0,0,0,0,0,0,0,0,0,0,0,0,0,0,0,0,0,0,0,0,0,0,0,0,0,0,0,0,0,0,0,0,0,0,0,0,0,0,0,0,0,0,0,0,0,0,0,0,0,0,0,0,0,0,0,0,0,0,0,0,0,0,0,0,0,0,0,0,0,0,0,0,0,0,0,0,0,0,0,0,0,0,0,0,0,0,0
0,0,0,0,0,0,0,0,0,0,0,0,0,0,0,0,0,0,0,0,0,0,0,0,0,0,0,0,0,0,0,0,0,0,0,0,0,0,0,0,0,0,0,0,0,0,0,0,0,0,0,0,0,0,0,0,0,0,0,0,0,0,0,0,0,0,0,0,0,0,0,0,0,0,0,0,0,0,0,0,0,0,0,0,0,0,0,0,0,0,0,0,0,0,0,0,0,0,0,0,0,0,0,0,0,0,0,0,0,0,0,0,0,0,0,0,0,0,0,0,0,0,0,0,0,0,0,0,0,0,0,0,0,0,0,0,0,0,0,0,0,0,0,0,0,0,0,0,0,0,0,0,0,0,0,0,0,0,0,0,0,0,0,0,0,0,0,0,0,0,0,0,0,0,0,0,0,0,0,0,0,0,0,0,0,0,0,0,0,0,0,0,0,0,0,0,0,0
0,0,0,0,0,0,0,0,0,0,0,0,0,0,0,0,0,0,0,0,0,0,0,0,0,0,0,0,0,0,0,0,0,0,0,0,0,0,0,0,0,0,0,0,0,0,0,0,0,0,0,0,0,0,0,0,0,0,0,0,0,0,0,0,0,0,0,0,0,0,0,0,0,0,0,0,0,0,0,0,0,0,0,0,0,0,0,0,0,0,0,0,0,0,0,0,0,0,0,0,0,0,0,0,0,0,0,0,0,0,0,0,0,0,0,0,0,0,0,0,0,0,0,0,0,0,0,0,0,0,0,0,0,0,0,0,0,0,0,0,0,0,0,0,0,0,0,0,0,0,0,0,0,0,0,0,0,0,0,0,0,0,0,0,0,0,0,0,0,0,0,0,0,0,0,0,0,0,0,0,0,0,0,0,0,0,0,0,0,0,0,0,0,0,0,0,0,0
0,0,0,0,0,0,0,0,0,0,0,0,0,0,0,0,0,0,0,0,0,0,0,0,0,0,0,0,0,0,0,0,0,0,0,0,0,0,0,0,0,0,0,0,0,0,0,0,0,0,0,0,0,0,0,0,0,0,0,0,0,0,0,0,0,0,0,0,0,0,0,0,0,0,0,0,0,0,0,0,0,0,0,0,0,0,0,0,0,0,0,0,0,0,0,0,0,0,0,0,0,0,0,0,0,0,0,0,0,0,0,0,0,0,0,0,0,0,0,0,0,0,0,0,0,0,0,0,0,0,0,0,0,0,0,0,0,0,0,0,0,0,0,0,0,0,0,0,0,0,0,0,0,0,0,0,0,0,0,0,0,0,0,0,0,0,0,0,0,0,0,0,0,0,0,0,0,0,0,0,0,0,0,0,0,0,0,0,0,0,0,0,0,0,0,0,0,0
0,0,0,0,0,0,0,0,0,0,0,0,0,0,0,0,0,0,0,0,0,0,0,0,0,0,0,0,0,0,0,0,0,0,0,0,0,0,0,0,0,0,0,0,0,0,0,0,0,0,0,0,0,0,0,0,0,0,0,0,0,0,0,0,0,0,0,0,0,0,0,0,0,0,0,0,0,0,0,0,0,0,0,0,0,0,0,0,0,0,0,0,0,0,0,0,0,0,0,0,0,0,0,0,0,0,0,0,0,0,0,0,0,0,0,0,0,0,0,0,0,0,0,0,0,0,0,0,0,0,0,0,0,0,0,0,0,0,0,0,0,0,0,0,0,0,0,0,0,0,0,0,0,0,0,0,0,0,0,0,0,0,0,0,0,0,0,0,0,0,0,0,0,0,0,0,0,0,0,0,0,0,0,0,0,0,0,0,0,0,0,0,0,0,0,0,0,0
0,0,0,0,0,0,0,0,0,0,0,0,0,0,0,0,0,0,0,0,0,0,0,0,0,0,0,0,0,0,0,0,0,0,0,0,0,0,0,0,0,0,0,0,0,0,0,0,0,0,0,0,0,0,0,0,0,0,0,0,0,0,0,0,0,0,0,0,0,0,0,0,0,0,0,0,0,0,0,0,0,0,0,0,0,0,0,0,0,0,0,0,0,0,0,0,0,0,0,0,0,0,0,0,0,0,0,0,0,0,0,0,0,0,0,0,0,0,0,0,0,0,0,0,0,0,0,0,0,0,0,0,0,0,0,0,0,0,0,0,0,0,0,0,0,0,0,0,0,0,0,0,0,0,0,0,0,0,0,0,0,0,0,0,0,0,0,0,0,0,0,0,0,0,0,0,0,0,0,0,0,0,0,0,0,0,0,0,0,0,0,0,0,0,0,0,0,0
0,0,0,0,0,0,0,0,0,0,0,0,0,0,0,0,0,0,0,0,0,0,0,0,0,0,0,0,0,0,0,0,0,0,0,0,0,0,0,0,0,0,0,0,0,0,0,0,0,0,0,0,0,0,0,0,0,0,0,0,0,0,0,0,0,0,0,0,0,0,0,0,0,0,0,0,0,0,0,0,0,0,0,0,0,0,0,0,0,0,0,0,0,0,0,0,0,0,0,0,0,0,0,0,0,0,0,0,0,0,0,0,0,0,0,0,0,0,0,0,0,0,0,0,0,0,0,0,0,0,0,0,0,0,0,0,0,0,0,0,0,0,0,0,0,0,0,0,0,0,0,0,0,0,0,0,0,0,0,0,0,0,0,0,0,0,0,0,0,0,0,0,0,0,0,0,0,0,0,0,0,0,0,0,0,0,0,0,0,0,0,0,0,0,0,0,0,0
0,0,0,0,0,0,0,0,0,0,0,0,0,0,0,0,0,0,0,0,0,0,0,0,0,0,0,0,0,0,0,0,0,0,0,0,0,0,0,0,0,0,0,0,0,0,0,0,0,0,0,0,0,0,0,0,0,0,0,0,0,0,0,0,0,0,0,0,0,0,0,0,0,0,0,0,0,0,0,0,0,0,0,0,0,0,0,0,0,0,0,0,0,0,0,0,0,0,0,0,0,0,0,0,0,0,0,0,0,0,0,0,0,0,0,0,0,0,0,0,0,0,0,0,0,0,0,0,0,0,0,0,0,0,0,0,0,0,0,0,0,0,0,0,0,0,0,0,0,0,0,0,0,0,0,0,0,0,0,0,0,0,0,0,0,0,0,0,0,0,0,0,0,0,0,0,0,0,0,0,0,0,0,0,0,0,0,0,0,0,0,0,0,0,0,0,0,0
0,0,0,0,0,0,0,0,0,0,0,0,0,0,0,0,0,0,0,0,0,0,0,0,0,0,0,0,0,0,0,0,0,0,0,0,0,0,0,0,0,0,0,0,0,0,0,0,0,0,0,0,0,0,0,0,0,0,0,0,0,0,0,0,0,0,0,0,0,0,0,0,0,0,0,0,0,0,0,0,0,0,0,0,0,0,0,0,0,0,0,0,0,0,0,0,0,0,0,0,0,0,0,0,0,0,0,0,0,0,0,0,0,0,0,0,0,0,0,0,0,0,0,0,0,0,0,0,0,0,0,0,0,0,0,0,0,0,0,0,0,0,0,0,0,0,0,0,0,0,0,0,0,0,0,0,0,0,0,0,0,0,0,0,0,0,0,0,0,0,0,0,0,0,0,0,0,0,0,0,0,0,0,0,0,0,0,0,0,0,0,0,0,0,0,0,0,0
0,0,0,0,0,0,0,0,0,0,0,0,0,0,0,0,0,0,0,0,0,0,0,0,0,0,0,0,0,0,0,0,0,0,0,0,0,0,0,0,0,0,0,0,0,0,0,0,0,0,0,0,0,0,0,0,0,0,0,0,0,0,0,0,0,0,0,0,0,0,0,0,0,0,0,0,0,0,0,0,0,0,0,0,0,0,0,0,0,0,0,0,0,0,0,0,0,0,0,0,0,0,0,0,0,0,0,0,0,0,0,0,0,0,0,0,0,0,0,0,0,0,0,0,0,0,0,0,0,0,0,0,0,0,0,0,0,0,0,0,0,0,0,0,0,0,0,0,0,0,0,0,0,0,0,0,0,0,0,0,0,0,0,0,0,0,0,0,0,0,0,0,0,0,0,0,0,0,0,0,0,0,0,0,0,0,0,0,0,0,0,0,0,0,0,0,0,0
0,0,0,0,0,0,0,0,0,0,0,0,0,0,0,0,0,0,0,0,0,0,0,0,0,0,0,0,0,0,0,0,0,0,0,0,0,0,0,0,0,0,0,0,0,0,0,0,0,0,0,0,0,0,0,0,0,0,0,0,0,0,0,0,0,0,0,0,0,0,0,0,0,0,0,0,0,0,0,0,0,0,0,0,0,0,0,0,0,0,0,0,0,0,0,0,0,0,0,0,0,0,0,0,0,0,0,0,0,0,0,0,0,0,0,0,0,0,0,0,0,0,0,0,0,0,0,0,0,0,0,0,0,0,0,0,0,0,0,0,0,0,0,0,0,0,0,0,0,0,0,0,0,0,0,0,0,0,0,0,0,0,0,0,0,0,0,0,0,0,0,0,0,0,0,0,0,0,0,0,0,0,0,0,0,0,0,0,0,0,0,0,0,0,0,0,0,0
0,0,0,0,0,0,0,0,0,0,0,0,0,0,0,0,0,0,0,0,0,0,0,0,0,0,0,0,0,0,0,0,0,0,0,0,0,0,0,0,0,0,0,0,0,0,0,0,0,0,0,0,0,0,0,0,0,0,0,0,0,0,0,0,0,0,0,0,0,0,0,0,0,0,0,0,0,0,0,0,0,0,0,0,0,0,0,0,0,0,0,0,0,0,0,0,0,0,0,0,0,0,0,0,0,0,0,0,0,0,0,0,0,0,0,0,0,0,0,0,0,0,0,0,0,0,0,0,0,0,0,0,0,0,0,0,0,0,0,0,0,0,0,0,0,0,0,0,0,0,0,0,0,0,0,0,0,0,0,0,0,0,0,0,0,0,0,0,0,0,0,0,0,0,0,0,0,0,0,0,0,0,0,0,0,0,0,0,0,0,0,0,0,0,0,0,0,0
0,0,0,0,0,0,0,0,0,0,0,0,0,0,0,0,0,0,0,0,0,0,0,0,0,0,0,0,0,0,0,0,0,0,0,0,0,0,0,0,0,0,0,0,0,0,0,0,0,0,0,0,0,0,0,0,0,0,0,0,0,0,0,0,0,0,0,0,0,0,0,0,0,0,0,0,0,0,0,0,0,0,0,0,0,0,0,0,0,0,0,0,0,0,0,0,0,0,0,0,0,0,0,0,0,0,0,0,0,0,0,0,0,0,0,0,0,0,0,0,0,0,0,0,0,0,0,0,0,0,0,0,0,0,0,0,0,0,0,0,0,0,0,0,0,0,0,0,0,0,0,0,0,0,0,0,0,0,0,0,0,0,0,0,0,0,0,0,0,0,0,0,0,0,0,0,0,0,0,0,0,0,0,0,0,0,0,0,0,0,0,0,0,0,0,0,0,0
0,0,0,0,0,0,0,0,0,0,0,0,0,0,0,0,0,0,0,0,0,0,0,0,0,0,0,0,0,0,0,0,0,0,0,0,0,0,0,0,0,0,0,0,0,0,0,0,0,0,0,0,0,0,0,0,0,0,0,0,0,0,0,0,0,0,0,0,0,0,0,0,0,0,0,0,0,0,0,0,0,0,0,0,0,0,0,0,0,0,0,0,0,0,0,0,0,0,0,0,0,0,0,0,0,0,0,0,0,0,0,0,0,0,0,0,0,0,0,0,0,0,0,0,0,0,0,0,0,0,0,0,0,0,0,0,0,0,0,0,0,0,0,0,0,0,0,0,0,0,0,0,0,0,0,0,0,0,0,0,0,0,0,0,0,0,0,0,0,0,0,0,0,0,0,0,0,0,0,0,0,0,0,0,0,0,0,0,0,0,0,0,0,0,0,0,0,0
0,0,0,0,0,0,0,0,0,0,0,0,0,0,0,0,0,0,0,0,0,0,0,0,0,0,0,0,0,0,0,0,0,0,0,0,0,0,0,0,0,0,0,0,0,0,0,0,0,0,0,0,0,0,0,0,0,0,0,0,0,0,0,0,0,0,0,0,0,0,0,0,0,0,0,0,0,0,0,0,0,0,0,0,0,0,0,0,0,0,0,0,0,0,0,0,0,0,0,0,0,0,0,0,0,0,0,0,0,0,0,0,0,0,0,0,0,0,0,0,0,0,0,0,0,0,0,0,0,0,0,0,0,0,0,0,0,0,0,0,0,0,0,0,0,0,0,0,0,0,0,0,0,0,0,0,0,0,0,0,0,0,0,0,0,0,0,0,0,0,0,0,0,0,0,0,0,0,0,0,0,0,0,0,0,0,0,0,0,0,0,0,0,0,0,0,0,0
0,0,0,0,0,0,0,0,0,0,0,0,0,0,0,0,0,0,0,0,0,0,0,0,0,0,0,0,0,0,0,0,0,0,0,0,0,0,0,0,0,0,0,0,0,0,0,0,0,0,0,0,0,0,0,0,0,0,0,0,0,0,0,0,0,0,0,0,0,0,0,0,0,0,0,0,0,0,0,0,0,0,0,0,0,0,0,0,0,0,0,0,0,0,0,0,0,0,0,0,0,0,0,0,0,0,0,0,0,0,0,0,0,0,0,0,0,0,0,0,0,0,0,0,0,0,0,0,0,0,0,0,0,0,0,0,0,0,0,0,0,0,0,0,0,0,0,0,0,0,0,0,0,0,0,0,0,0,0,0,0,0,0,0,0,0,0,0,0,0,0,0,0,0,0,0,0,0,0,0,0,0,0,0,0,0,0,0,0,0,0,0,0,0,0,0,0,0
0,0,0,0,0,0,0,0,0,0,0,0,0,0,0,0,0,0,0,0,0,0,0,0,0,0,0,0,0,0,0,0,0,0,0,0,0,0,0,0,0,0,0,0,0,0,0,0,0,0,0,0,0,0,0,0,0,0,0,0,0,0,0,0,0,0,0,0,0,0,0,0,0,0,0,0,0,0,0,0,0,0,0,0,0,0,0,0,0,0,0,0,0,0,0,0,0,0,0,0,0,0,0,0,0,0,0,0,0,0,0,0,0,0,0,0,0,0,0,0,0,0,0,0,0,0,0,0,0,0,0,0,0,0,0,0,0,0,0,0,0,0,0,0,0,0,0,0,0,0,0,0,0,0,0,0,0,0,0,0,0,0,0,0,0,0,0,0,0,0,0,0,0,0,0,0,0,0,0,0,0,0,0,0,0,0,0,0,0,0,0,0,0,0,0,0,0,0
0,0,0,0,0,0,0,0,0,0,0,0,0,0,0,0,0,0,0,0,0,0,0,0,0,0,0,0,0,0,0,0,0,0,0,0,0,0,0,0,0,0,0,0,0,0,0,0,0,0,0,0,0,0,0,0,0,0,0,0,0,0,0,0,0,0,0,0,0,0,0,0,0,0,0,0,0,0,0,0,0,0,0,0,0,0,0,0,0,0,0,0,0,0,0,0,0,0,0,0,0,0,0,0,0,0,0,0,0,0,0,0,0,0,0,0,0,0,0,0,0,0,0,0,0,0,0,0,0,0,0,0,0,0,0,0,0,0,0,0,0,0,0,0,0,0,0,0,0,0,0,0,0,0,0,0,0,0,0,0,0,0,0,0,0,0,0,0,0,0,0,0,0,0,0,0,0,0,0,0,0,0,0,0,0,0,0,0,0,0,0,0,0,0,0,0,0,0
0,0,0,0,0,0,0,0,0,0,0,0,0,0,0,0,0,0,0,0,0,0,0,0,0,0,0,0,0,0,0,0,0,0,0,0,0,0,0,0,0,0,0,0,0,0,0,0,0,0,0,0,0,0,0,0,0,0,0,0,0,0,0,0,0,0,0,0,0,0,0,0,0,0,0,0,0,0,0,0,0,0,0,0,0,0,0,0,0,0,0,0,0,0,0,0,0,0,0,0,0,0,0,0,0,0,0,0,0,0,0,0,0,0,0,0,0,0,0,0,0,0,0,0,0,0,0,0,0,0,0,0,0,0,0,0,0,0,0,0,0,0,0,0,0,0,0,0,0,0,0,0,0,0,0,0,0,0,0,0,0,0,0,0,0,0,0,0,0,0,0,0,0,0,0,0,0,0,0,0,0,0,0,0,0,0,0,0,0,0,0,0,0,0,0,0,0,0
0,0,0,0,0,0,0,0,0,0,0,0,0,0,0,0,0,0,0,0,0,0,0,0,0,0,0,0,0,0,0,0,0,0,0,0,0,0,0,0,0,0,0,0,0,0,0,0,0,0,0,0,0,0,0,0,0,0,0,0,0,0,0,0,0,0,0,0,0,0,0,0,0,0,0,0,0,0,0,0,0,0,0,0,0,0,0,0,0,0,0,0,0,0,0,0,0,0,0,0,0,0,0,0,0,0,0,0,0,0,0,0,0,0,0,0,0,0,0,0,0,0,0,0,0,0,0,0,0,0,0,0,0,0,0,0,0,0,0,0,0,0,0,0,0,0,0,0,0,0,0,0,0,0,0,0,0,0,0,0,0,0,0,0,0,0,0,0,0,0,0,0,0,0,0,0,0,0,0,0,0,0,0,0,0,0,0,0,0,0,0,0,0,0,0,0,0,0
0,0,0,0,0,0,0,0,0,0,0,0,0,0,0,0,0,0,0,0,0,0,0,0,0,0,0,0,0,0,0,0,0,0,0,0,0,0,0,0,0,0,0,0,0,0,0,0,0,0,0,0,0,0,0,0,0,0,0,0,0,0,0,0,0,0,0,0,0,0,0,0,0,0,0,0,0,0,0,0,0,0,0,0,0,0,0,0,0,0,0,0,0,0,0,0,0,0,0,0,0,0,0,0,0,0,0,0,0,0,0,0,0,0,0,0,0,0,0,0,0,0,0,0,0,0,0,0,0,0,0,0,0,0,0,0,0,0,0,0,0,0,0,0,0,0,0,0,0,0,0,0,0,0,0,0,0,0,0,0,0,0,0,0,0,0,0,0,0,0,0,0,0,0,0,0,0,0,0,0,0,0,0,0,0,0,0,0,0,0,0,0,0,0,0,0,0,0
0,0,0,0,0,0,0,0,0,0,0,0,0,0,0,0,0,0,0,0,0,0,0,0,0,0,0,0,0,0,0,0,0,0,0,0,0,0,0,0,0,0,0,0,0,0,0,0,0,0,0,0,0,0,0,0,0,0,0,0,0,0,0,0,0,0,0,0,0,0,0,0,0,0,0,0,0,0,0,0,0,0,0,0,0,0,0,0,0,0,0,0,0,0,0,0,0,0,0,0,0,0,0,0,0,0,0,0,0,0,0,0,0,0,0,0,0,0,0,0,0,0,0,0,0,0,0,0,0,0,0,0,0,0,0,0,0,0,0,0,0,0,0,0,0,0,0,0,0,0,0,0,0,0,0,0,0,0,0,0,0,0,0,0,0,0,0,0,0,0,0,0,0,0,0,0,0,0,0,0,0,0,0,0,0,0,0,0,0,0,0,0,0,0,0,0,0,0
0,0,0,0,0,0,0,0,0,0,0,0,0,0,0,0,0,0,0,0,0,0,0,0,0,0,0,0,0,0,0,0,0,0,0,0,0,0,0,0,0,0,0,0,0,0,0,0,0,0,0,0,0,0,0,0,0,0,0,0,0,0,0,0,0,0,0,0,0,0,0,0,0,0,0,0,0,0,0,0,0,0,0,0,0,0,0,0,0,0,0,0,0,0,0,0,0,0,0,0,0,0,0,0,0,0,0,0,0,0,0,0,0,0,0,0,0,0,0,0,0,0,0,0,0,0,0,0,0,0,0,0,0,0,0,0,0,0,0,0,0,0,0,0,0,0,0,0,0,0,0,0,0,0,0,0,0,0,0,0,0,0,0,0,0,0,0,0,0,0,0,0,0,0,0,0,0,0,0,0,0,0,0,0,0,0,0,0,0,0,0,0,0,0,0,0,0,0
0,0,0,0,0,0,0,0,0,0,0,0,0,0,0,0,0,0,0,0,0,0,0,0,0,0,0,0,0,0,0,0,0,0,0,0,0,0,0,0,0,0,0,0,0,0,0,0,0,0,0,0,0,0,0,0,0,0,0,0,0,0,0,0,0,0,0,0,0,0,0,0,0,0,0,0,0,0,0,0,0,0,0,0,0,0,0,0,0,0,0,0,0,0,0,0,0,0,0,0,0,0,0,0,0,0,0,0,0,0,0,0,0,0,0,0,0,0,0,0,0,0,0,0,0,0,0,0,0,0,0,0,0,0,0,0,0,0,0,0,0,0,0,0,0,0,0,0,0,0,0,0,0,0,0,0,0,0,0,0,0,0,0,0,0,0,0,0,0,0,0,0,0,0,0,0,0,0,0,0,0,0,0,0,0,0,0,0,0,0,0,0,0,0,0,0,0,0
0,0,0,0,0,0,0,0,0,0,0,0,0,0,0,0,0,0,0,0,0,0,0,0,0,0,0,0,0,0,0,0,0,0,0,0,0,0,0,0,0,0,0,0,0,0,0,0,0,0,0,0,0,0,0,0,0,0,0,0,0,0,0,0,0,0,0,0,0,0,0,0,0,0,0,0,0,0,0,0,0,0,0,0,0,0,0,0,0,0,0,0,0,0,0,0,0,0,0,0,0,0,0,0,0,0,0,0,0,0,0,0,0,0,0,0,0,0,0,0,0,0,0,0,0,0,0,0,0,0,0,0,0,0,0,0,0,0,0,0,0,0,0,0,0,0,0,0,0,0,0,0,0,0,0,0,0,0,0,0,0,0,0,0,0,0,0,0,0,0,0,0,0,0,0,0,0,0,0,0,0,0,0,0,0,0,0,0,0,0,0,0,0,0,0,0,0,0
0,0,0,0,0,0,0,0,0,0,0,0,0,0,0,0,0,0,0,0,0,0,0,0,0,0,0,0,0,0,0,0,0,0,0,0,0,0,0,0,0,0,0,0,0,0,0,0,0,0,0,0,0,0,0,0,0,0,0,0,0,0,0,0,0,0,0,0,0,0,0,0,0,0,0,0,0,0,0,0,0,0,0,0,0,0,0,0,0,0,0,0,0,0,0,0,0,0,0,0,0,0,0,0,0,0,0,0,0,0,0,0,0,0,0,0,0,0,0,0,0,0,0,0,0,0,0,0,0,0,0,0,0,0,0,0,0,0,0,0,0,0,0,0,0,0,0,0,0,0,0,0,0,0,0,0,0,0,0,0,0,0,0,0,0,0,0,0,0,0,0,0,0,0,0,0,0,0,0,0,0,0,0,0,0,0,0,0,0,0,0,0,0,0,0,0,0,0
0,0,0,0,0,0,0,0,0,0,0,0,0,0,0,0,0,0,0,0,0,0,0,0,0,0,0,0,0,0,0,0,0,0,0,0,0,0,0,0,0,0,0,0,0,0,0,0,0,0,0,0,0,0,0,0,0,0,0,0,0,0,0,0,0,0,0,0,0,0,0,0,0,0,0,0,0,0,0,0,0,0,0,0,0,0,0,0,0,0,0,0,0,0,0,0,0,0,0,0,0,0,0,0,0,0,0,0,0,0,0,0,0,0,0,0,0,0,0,0,0,0,0,0,0,0,0,0,0,0,0,0,0,0,0,0,0,0,0,0,0,0,0,0,0,0,0,0,0,0,0,0,0,0,0,0,0,0,0,0,0,0,0,0,0,0,0,0,0,0,0,0,0,0,0,0,0,0,0,0,0,0,0,0,0,0,0,0,0,0,0,0,0,0,0,0,0,0
0,0,0,0,0,0,0,0,0,0,0,0,0,0,0,0,0,0,0,0,0,0,0,0,0,0,0,0,0,0,0,0,0,0,0,0,0,0,0,0,0,0,0,0,0,0,0,0,0,0,0,0,0,0,0,0,0,0,0,0,0,0,0,0,0,0,0,0,0,0,0,0,0,0,0,0,0,0,0,0,0,0,0,0,0,0,0,0,0,0,0,0,0,0,0,0,0,0,0,0,0,0,0,0,0,0,0,0,0,0,0,0,0,0,0,0,0,0,0,0,0,0,0,0,0,0,0,0,0,0,0,0,0,0,0,0,0,0,0,0,0,0,0,0,0,0,0,0,0,0,0,0,0,0,0,0,0,0,0,0,0,0,0,0,0,0,0,0,0,0,0,0,0,0,0,0,0,0,0,0,0,0,0,0,0,0,0,0,0,0,0,0,0,0,0,0,0,0
0,0,0,0,0,0,0,0,0,0,0,0,0,0,0,0,0,0,0,0,0,0,0,0,0,0,0,0,0,0,0,0,0,0,0,0,0,0,0,0,0,0,0,0,0,0,0,0,0,0,0,0,0,0,0,0,0,0,0,0,0,0,0,0,0,0,0,0,0,0,0,0,0,0,0,0,0,0,0,0,0,0,0,0,0,0,0,0,0,0,0,0,0,0,0,0,0,0,0,0,0,0,0,0,0,0,0,0,0,0,0,0,0,0,0,0,0,0,0,0,0,0,0,0,0,0,0,0,0,0,0,0,0,0,0,0,0,0,0,0,0,0,0,0,0,0,0,0,0,0,0,0,0,0,0,0,0,0,0,0,0,0,0,0,0,0,0,0,0,0,0,0,0,0,0,0,0,0,0,0,0,0,0,0,0,0,0,0,0,0,0,0,0,0,0,0,0,0
0,0,0,0,0,0,0,0,0,0,0,0,0,0,0,0,0,0,0,0,0,0,0,0,0,0,0,0,0,0,0,0,0,0,0,0,0,0,0,0,0,0,0,0,0,0,0,0,0,0,0,0,0,0,0,0,0,0,0,0,0,0,0,0,0,0,0,0,0,0,0,0,0,0,0,0,0,0,0,0,0,0,0,0,0,0,0,0,0,0,0,0,0,0,0,0,0,0,0,0,0,0,0,0,0,0,0,0,0,0,0,0,0,0,0,0,0,0,0,0,0,0,0,0,0,0,0,0,0,0,0,0,0,0,0,0,0,0,0,0,0,0,0,0,0,0,0,0,0,0,0,0,0,0,0,0,0,0,0,0,0,0,0,0,0,0,0,0,0,0,0,0,0,0,0,0,0,0,0,0,0,0,0,0,0,0,0,0,0,0,0,0,0,0,0,0,0,0
0,0,0,0,0,0,0,0,0,0,0,0,0,0,0,0,0,0,0,0,0,0,0,0,0,0,0,0,0,0,0,0,0,0,0,0,0,0,0,0,0,0,0,0,0,0,0,0,0,0,0,0,0,0,0,0,0,0,0,0,0,0,0,0,0,0,0,0,0,0,0,0,0,0,0,0,0,0,0,0,0,0,0,0,0,0,0,0,0,0,0,0,0,0,0,0,0,0,0,0,0,0,0,0,0,0,0,0,0,0,0,0,0,0,0,0,0,0,0,0,0,0,0,0,0,0,0,0,0,0,0,0,0,0,0,0,0,0,0,0,0,0,0,0,0,0,0,0,0,0,0,0,0,0,0,0,0,0,0,0,0,0,0,0,0,0,0,0,0,0,0,0,0,0,0,0,0,0,0,0,0,0,0,0,0,0,0,0,0,0,0,0,0,0,0,0,0,0
0,0,0,0,0,0,0,0,0,0,0,0,0,0,0,0,0,0,0,0,0,0,0,0,0,0,0,0,0,0,0,0,0,0,0,0,0,0,0,0,0,0,0,0,0,0,0,0,0,0,0,0,0,0,0,0,0,0,0,0,0,0,0,0,0,0,0,0,0,0,0,0,0,0,0,0,0,0,0,0,0,0,0,0,0,0,0,0,0,0,0,0,0,0,0,0,0,0,0,0,0,0,0,0,0,0,0,0,0,0,0,0,0,0,0,0,0,0,0,0,0,0,0,0,0,0,0,0,0,0,0,0,0,0,0,0,0,0,0,0,0,0,0,0,0,0,0,0,0,0,0,0,0,0,0,0,0,0,0,0,0,0,0,0,0,0,0,0,0,0,0,0,0,0,0,0,0,0,0,0,0,0,0,0,0,0,0,0,0,0,0,0,0,0,0,0,0,0
0,0,0,0,0,0,0,0,0,0,0,0,0,0,0,0,0,0,0,0,0,0,0,0,0,0,0,0,0,0,0,0,0,0,0,0,0,0,0,0,0,0,0,0,0,0,0,0,0,0,0,0,0,0,0,0,0,0,0,0,0,0,0,0,0,0,0,0,0,0,0,0,0,0,0,0,0,0,0,0,0,0,0,0,0,0,0,0,0,0,0,0,0,0,0,0,0,0,0,0,0,0,0,0,0,0,0,0,0,0,0,0,0,0,0,0,0,0,0,0,0,0,0,0,0,0,0,0,0,0,0,0,0,0,0,0,0,0,0,0,0,0,0,0,0,0,0,0,0,0,0,0,0,0,0,0,0,0,0,0,0,0,0,0,0,0,0,0,0,0,0,0,0,0,0,0,0,0,0,0,0,0,0,0,0,0,0,0,0,0,0,0,0,0,0,0,0,0
0,0,0,0,0,0,0,0,0,0,0,0,0,0,0,0,0,0,0,0,0,0,0,0,0,0,0,0,0,0,0,0,0,0,0,0,0,0,0,0,0,0,0,0,0,0,0,0,0,0,0,0,0,0,0,0,0,0,0,0,0,0,0,0,0,0,0,0,0,0,0,0,0,0,0,0,0,0,0,0,0,0,0,0,0,0,0,0,0,0,0,0,0,0,0,0,0,0,0,0,0,0,0,0,0,0,0,0,0,0,0,0,0,0,0,0,0,0,0,0,0,0,0,0,0,0,0,0,0,0,0,0,0,0,0,0,0,0,0,0,0,0,0,0,0,0,0,0,0,0,0,0,0,0,0,0,0,0,0,0,0,0,0,0,0,0,0,0,0,0,0,0,0,0,0,0,0,0,0,0,0,0,0,0,0,0,0,0,0,0,0,0,0,0,0,0,0,0
0,0,0,0,0,0,0,0,0,0,0,0,0,0,0,0,0,0,0,0,0,0,0,0,0,0,0,0,0,0,0,0,0,0,0,0,0,0,0,0,0,0,0,0,0,0,0,0,0,0,0,0,0,0,0,0,0,0,0,0,0,0,0,0,0,0,0,0,0,0,0,0,0,0,0,0,0,0,0,0,0,0,0,0,0,0,0,0,0,0,0,0,0,0,0,0,0,0,0,0,0,0,0,0,0,0,0,0,0,0,0,0,0,0,0,0,0,0,0,0,0,0,0,0,0,0,0,0,0,0,0,0,0,0,0,0,0,0,0,0,0,0,0,0,0,0,0,0,0,0,0,0,0,0,0,0,0,0,0,0,0,0,0,0,0,0,0,0,0,0,0,0,0,0,0,0,0,0,0,0,0,0,0,0,0,0,0,0,0,0,0,0,0,0,0,0,0,0
0,0,0,0,0,0,0,0,0,0,0,0,0,0,0,0,0,0,0,0,0,0,0,0,0,0,0,0,0,0,0,0,0,0,0,0,0,0,0,0,0,0,0,0,0,0,0,0,0,0,0,0,0,0,0,0,0,0,0,0,0,0,0,0,0,0,0,0,0,0,0,0,0,0,0,0,0,0,0,0,0,0,0,0,0,0,0,0,0,0,0,0,0,0,0,0,0,0,0,0,0,0,0,0,0,0,0,0,0,0,0,0,0,0,0,0,0,0,0,0,0,0,0,0,0,0,0,0,0,0,0,0,0,0,0,0,0,0,0,0,0,0,0,0,0,0,0,0,0,0,0,0,0,0,0,0,0,0,0,0,0,0,0,0,0,0,0,0,0,0,0,0,0,0,0,0,0,0,0,0,0,0,0,0,0,0,0,0,0,0,0,0,0,0,0,0,0,0
0,0,0,0,0,0,0,0,0,0,0,0,0,0,0,0,0,0,0,0,0,0,0,0,0,0,0,0,0,0,0,0,0,0,0,0,0,0,0,0,0,0,0,0,0,0,0,0,0,0,0,0,0,0,0,0,0,0,0,0,0,0,0,0,0,0,0,0,0,0,0,0,0,0,0,0,0,0,0,0,0,0,0,0,0,0,0,0,0,0,0,0,0,0,0,0,0,0,0,0,0,0,0,0,0,0,0,0,0,0,0,0,0,0,0,0,0,0,0,0,0,0,0,0,0,0,0,0,0,0,0,0,0,0,0,0,0,0,0,0,0,0,0,0,0,0,0,0,0,0,0,0,0,0,0,0,0,0,0,0,0,0,0,0,0,0,0,0,0,0,0,0,0,0,0,0,0,0,0,0,0,0,0,0,0,0,0,0,0,0,0,0,0,0,0,0,0,0
0,0,0,0,0,0,0,0,0,0,0,0,0,0,0,0,0,0,0,0,0,0,0,0,0,0,0,0,0,0,0,0,0,0,0,0,0,0,0,0,0,0,0,0,0,0,0,0,0,0,0,0,0,0,0,0,0,0,0,0,0,0,0,0,0,0,0,0,0,0,0,0,0,0,0,0,0,0,0,0,0,0,0,0,0,0,0,0,0,0,0,0,0,0,0,0,0,0,0,0,0,0,0,0,0,0,0,0,0,0,0,0,0,0,0,0,0,0,0,0,0,0,0,0,0,0,0,0,0,0,0,0,0,0,0,0,0,0,0,0,0,0,0,0,0,0,0,0,0,0,0,0,0,0,0,0,0,0,0,0,0,0,0,0,0,0,0,0,0,0,0,0,0,0,0,0,0,0,0,0,0,0,0,0,0,0,0,0,0,0,0,0,0,0,0,0,0,0
0,0,0,0,0,0,0,0,0,0,0,0,0,0,0,0,0,0,0,0,0,0,0,0,0,0,0,0,0,0,0,0,0,0,0,0,0,0,0,0,0,0,0,0,0,0,0,0,0,0,0,0,0,0,0,0,0,0,0,0,0,0,0,0,0,0,0,0,0,0,0,0,0,0,0,0,0,0,0,0,0,0,0,0,0,0,0,0,0,0,0,0,0,0,0,0,0,0,0,0,0,0,0,0,0,0,0,0,0,0,0,0,0,0,0,0,0,0,0,0,0,0,0,0,0,0,0,0,0,0,0,0,0,0,0,0,0,0,0,0,0,0,0,0,0,0,0,0,0,0,0,0,0,0,0,0,0,0,0,0,0,0,0,0,0,0,0,0,0,0,0,0,0,0,0,0,0,0,0,0,0,0,0,0,0,0,0,0,0,0,0,0,0,0,0,0,0,0
0,0,0,0,0,0,0,0,0,0,0,0,0,0,0,0,0,0,0,0,0,0,0,0,0,0,0,0,0,0,0,0,0,0,0,0,0,0,0,0,0,0,0,0,0,0,0,0,0,0,0,0,0,0,0,0,0,0,0,0,0,0,0,0,0,0,0,0,0,0,0,0,0,0,0,0,0,0,0,0,0,0,0,0,0,0,0,0,0,0,0,0,0,0,0,0,0,0,0,0,0,0,0,0,0,0,0,0,0,0,0,0,0,0,0,0,0,0,0,0,0,0,0,0,0,0,0,0,0,0,0,0,0,0,0,0,0,0,0,0,0,0,0,0,0,0,0,0,0,0,0,0,0,0,0,0,0,0,0,0,0,0,0,0,0,0,0,0,0,0,0,0,0,0,0,0,0,0,0,0,0,0,0,0,0,0,0,0,0,0,0,0,0,0,0,0,0,0
0,0,0,0,0,0,0,0,0,0,0,0,0,0,0,0,0,0,0,0,0,0,0,0,0,0,0,0,0,0,0,0,0,0,0,0,0,0,0,0,0,0,0,0,0,0,0,0,0,0,0,0,0,0,0,0,0,0,0,0,0,0,0,0,0,0,0,0,0,0,0,0,0,0,0,0,0,0,0,0,0,0,0,0,0,0,0,0,0,0,0,0,0,0,0,0,0,0,0,0,0,0,0,0,0,0,0,0,0,0,0,0,0,0,0,0,0,0,0,0,0,0,0,0,0,0,0,0,0,0,0,0,0,0,0,0,0,0,0,0,0,0,0,0,0,0,0,0,0,0,0,0,0,0,0,0,0,0,0,0,0,0,0,0,0,0,0,0,0,0,0,0,0,0,0,0,0,0,0,0,0,0,0,0,0,0,0,0,0,0,0,0,0,0,0,0,0,0
0,0,0,0,0,0,0,0,0,0,0,0,0,0,0,0,0,0,0,0,0,0,0,0,0,0,0,0,0,0,0,0,0,0,0,0,0,0,0,0,0,0,0,0,0,0,0,0,0,0,0,0,0,0,0,0,0,0,0,0,0,0,0,0,0,0,0,0,0,0,0,0,0,0,0,0,0,0,0,0,0,0,0,0,0,0,0,0,0,0,0,0,0,0,0,0,0,0,0,0,0,0,0,0,0,0,0,0,0,0,0,0,0,0,0,0,0,0,0,0,0,0,0,0,0,0,0,0,0,0,0,0,0,0,0,0,0,0,0,0,0,0,0,0,0,0,0,0,0,0,0,0,0,0,0,0,0,0,0,0,0,0,0,0,0,0,0,0,0,0,0,0,0,0,0,0,0,0,0,0,0,0,0,0,0,0,0,0,0,0,0,0,0,0,0,0,0,0
0,0,0,0,0,0,0,0,0,0,0,0,0,0,0,0,0,0,0,0,0,0,0,0,0,0,0,0,0,0,0,0,0,0,0,0,0,0,0,0,0,0,0,0,0,0,0,0,0,0,0,0,0,0,0,0,0,0,0,0,0,0,0,0,0,0,0,0,0,0,0,0,0,0,0,0,0,0,0,0,0,0,0,0,0,0,0,0,0,0,0,0,0,0,0,0,0,0,0,0,0,0,0,0,0,0,0,0,0,0,0,0,0,0,0,0,0,0,0,0,0,0,0,0,0,0,0,0,0,0,0,0,0,0,0,0,0,0,0,0,0,0,0,0,0,0,0,0,0,0,0,0,0,0,0,0,0,0,0,0,0,0,0,0,0,0,0,0,0,0,0,0,0,0,0,0,0,0,0,0,0,0,0,0,0,0,0,0,0,0,0,0,0,0,0,0,0,0
0,0,0,0,0,0,0,0,0,0,0,0,0,0,0,0,0,0,0,0,0,0,0,0,0,0,0,0,0,0,0,0,0,0,0,0,0,0,0,0,0,0,0,0,0,0,0,0,0,0,0,0,0,0,0,0,0,0,0,0,0,0,0,0,0,0,0,0,0,0,0,0,0,0,0,0,0,0,0,0,0,0,0,0,0,0,0,0,0,0,0,0,0,0,0,0,0,0,0,0,0,0,0,0,0,0,0,0,0,0,0,0,0,0,0,0,0,0,0,0,0,0,0,0,0,0,0,0,0,0,0,0,0,0,0,0,0,0,0,0,0,0,0,0,0,0,0,0,0,0,0,0,0,0,0,0,0,0,0,0,0,0,0,0,0,0,0,0,0,0,0,0,0,0,0,0,0,0,0,0,0,0,0,0,0,0,0,0,0,0,0,0,0,0,0,0,0,0
0,0,0,0,0,0,0,0,0,0,0,0,0,0,0,0,0,0,0,0,0,0,0,0,0,0,0,0,0,0,0,0,0,0,0,0,0,0,0,0,0,0,0,0,0,0,0,0,0,0,0,0,0,0,0,0,0,0,0,0,0,0,0,0,0,0,0,0,0,0,0,0,0,0,0,0,0,0,0,0,0,0,0,0,0,0,0,0,0,0,0,0,0,0,0,0,0,0,0,0,0,0,0,0,0,0,0,0,0,0,0,0,0,0,0,0,0,0,0,0,0,0,0,0,0,0,0,0,0,0,0,0,0,0,0,0,0,0,0,0,0,0,0,0,0,0,0,0,0,0,0,0,0,0,0,0,0,0,0,0,0,0,0,0,0,0,0,0,0,0,0,0,0,0,0,0,0,0,0,0,0,0,0,0,0,0,0,0,0,0,0,0,0,0,0,0,0,0
0,0,0,0,0,0,0,0,0,0,0,0,0,0,0,0,0,0,0,0,0,0,0,0,0,0,0,0,0,0,0,0,0,0,0,0,0,0,0,0,0,0,0,0,0,0,0,0,0,0,0,0,0,0,0,0,0,0,0,0,0,0,0,0,0,0,0,0,0,0,0,0,0,0,0,0,0,0,0,0,0,0,0,0,0,0,0,0,0,0,0,0,0,0,0,0,0,0,0,0,0,0,0,0,0,0,0,0,0,0,0,0,0,0,0,0,0,0,0,0,0,0,0,0,0,0,0,0,0,0,0,0,0,0,0,0,0,0,0,0,0,0,0,0,0,0,0,0,0,0,0,0,0,0,0,0,0,0,0,0,0,0,0,0,0,0,0,0,0,0,0,0,0,0,0,0,0,0,0,0,0,0,0,0,0,0,0,0,0,0,0,0,0,0,0,0,0,0
0,0,0,0,0,0,0,0,0,0,0,0,0,0,0,0,0,0,0,0,0,0,0,0,0,0,0,0,0,0,0,0,0,0,0,0,0,0,0,0,0,0,0,0,0,0,0,0,0,0,0,0,0,0,0,0,0,0,0,0,0,0,0,0,0,0,0,0,0,0,0,0,0,0,0,0,0,0,0,0,0,0,0,0,0,0,0,0,0,0,0,0,0,0,0,0,0,0,0,0,0,0,0,0,0,0,0,0,0,0,0,0,0,0,0,0,0,0,0,0,0,0,0,0,0,0,0,0,0,0,0,0,0,0,0,0,0,0,0,0,0,0,0,0,0,0,0,0,0,0,0,0,0,0,0,0,0,0,0,0,0,0,0,0,0,0,0,0,0,0,0,0,0,0,0,0,0,0,0,0,0,0,0,0,0,0,0,0,0,0,0,0,0,0,0,0,0,0
0,0,0,0,0,0,0,0,0,0,0,0,0,0,0,0,0,0,0,0,0,0,0,0,0,0,0,0,0,0,0,0,0,0,0,0,0,0,0,0,0,0,0,0,0,0,0,0,0,0,0,0,0,0,0,0,0,0,0,0,0,0,0,0,0,0,0,0,0,0,0,0,0,0,0,0,0,0,0,0,0,0,0,0,0,0,0,0,0,0,0,0,0,0,0,0,0,0,0,0,0,0,0,0,0,0,0,0,0,0,0,0,0,0,0,0,0,0,0,0,0,0,0,0,0,0,0,0,0,0,0,0,0,0,0,0,0,0,0,0,0,0,0,0,0,0,0,0,0,0,0,0,0,0,0,0,0,0,0,0,0,0,0,0,0,0,0,0,0,0,0,0,0,0,0,0,0,0,0,0,0,0,0,0,0,0,0,0,0,0,0,0,0,0,0,0,0,0
0,0,0,0,0,0,0,0,0,0,0,0,0,0,0,0,0,0,0,0,0,0,0,0,0,0,0,0,0,0,0,0,0,0,0,0,0,0,0,0,0,0,0,0,0,0,0,0,0,0,0,0,0,0,0,0,0,0,0,0,0,0,0,0,0,0,0,0,0,0,0,0,0,0,0,0,0,0,0,0,0,0,0,0,0,0,0,0,0,0,0,0,0,0,0,0,0,0,0,0,0,0,0,0,0,0,0,0,0,0,0,0,0,0,0,0,0,0,0,0,0,0,0,0,0,0,0,0,0,0,0,0,0,0,0,0,0,0,0,0,0,0,0,0,0,0,0,0,0,0,0,0,0,0,0,0,0,0,0,0,0,0,0,0,0,0,0,0,0,0,0,0,0,0,0,0,0,0,0,0,0,0,0,0,0,0,0,0,0,0,0,0,0,0,0,0,0,0
0,0,0,0,0,0,0,0,0,0,0,0,0,0,0,0,0,0,0,0,0,0,0,0,0,0,0,0,0,0,0,0,0,0,0,0,0,0,0,0,0,0,0,0,0,0,0,0,0,0,0,0,0,0,0,0,0,0,0,0,0,0,0,0,0,0,0,0,0,0,0,0,0,0,0,0,0,0,0,0,0,0,0,0,0,0,0,0,0,0,0,0,0,0,0,0,0,0,0,0,0,0,0,0,0,0,0,0,0,0,0,0,0,0,0,0,0,0,0,0,0,0,0,0,0,0,0,0,0,0,0,0,0,0,0,0,0,0,0,0,0,0,0,0,0,0,0,0,0,0,0,0,0,0,0,0,0,0,0,0,0,0,0,0,0,0,0,0,0,0,0,0,0,0,0,0,0,0,0,0,0,0,0,0,0,0,0,0,0,0,0,0,0,0,0,0,0,0
0,0,0,0,0,0,0,0,0,0,0,0,0,0,0,0,0,0,0,0,0,0,0,0,0,0,0,0,0,0,0,0,0,0,0,0,0,0,0,0,0,0,0,0,0,0,0,0,0,0,0,0,0,0,0,0,0,0,0,0,0,0,0,0,0,0,0,0,0,0,0,0,0,0,0,0,0,0,0,0,0,0,0,0,0,0,0,0,0,0,0,0,0,0,0,0,0,0,0,0,0,0,0,0,0,0,0,0,0,0,0,0,0,0,0,0,0,0,0,0,0,0,0,0,0,0,0,0,0,0,0,0,0,0,0,0,0,0,0,0,0,0,0,0,0,0,0,0,0,0,0,0,0,0,0,0,0,0,0,0,0,0,0,0,0,0,0,0,0,0,0,0,0,0,0,0,0,0,0,0,0,0,0,0,0,0,0,0,0,0,0,0,0,0,0,0,0,0
0,0,0,0,0,0,0,0,0,0,0,0,0,0,0,0,0,0,0,0,0,0,0,0,0,0,0,0,0,0,0,0,0,0,0,0,0,0,0,0,0,0,0,0,0,0,0,0,0,0,0,0,0,0,0,0,0,0,0,0,0,0,0,0,0,0,0,0,0,0,0,0,0,0,0,0,0,0,0,0,0,0,0,0,0,0,0,0,0,0,0,0,0,0,0,0,0,0,0,0,0,0,0,0,0,0,0,0,0,0,0,0,0,0,0,0,0,0,0,0,0,0,0,0,0,0,0,0,0,0,0,0,0,0,0,0,0,0,0,0,0,0,0,0,0,0,0,0,0,0,0,0,0,0,0,0,0,0,0,0,0,0,0,0,0,0,0,0,0,0,0,0,0,0,0,0,0,0,0,0,0,0,0,0,0,0,0,0,0,0,0,0,0,0,0,0,0,0
0,0,0,0,0,0,0,0,0,0,0,0,0,0,0,0,0,0,0,0,0,0,0,0,0,0,0,0,0,0,0,0,0,0,0,0,0,0,0,0,0,0,0,0,0,0,0,0,0,0,0,0,0,0,0,0,0,0,0,0,0,0,0,0,0,0,0,0,0,0,0,0,0,0,0,0,0,0,0,0,0,0,0,0,0,0,0,0,0,0,0,0,0,0,0,0,0,0,0,0,0,0,0,0,0,0,0,0,0,0,0,0,0,0,0,0,0,0,0,0,0,0,0,0,0,0,0,0,0,0,0,0,0,0,0,0,0,0,0,0,0,0,0,0,0,0,0,0,0,0,0,0,0,0,0,0,0,0,0,0,0,0,0,0,0,0,0,0,0,0,0,0,0,0,0,0,0,0,0,0,0,0,0,0,0,0,0,0,0,0,0,0,0,0,0,0,0,0
0,0,0,0,0,0,0,0,0,0,0,0,0,0,0,0,0,0,0,0,0,0,0,0,0,0,0,0,0,0,0,0,0,0,0,0,0,0,0,0,0,0,0,0,0,0,0,0,0,0,0,0,0,0,0,0,0,0,0,0,0,0,0,0,0,0,0,0,0,0,0,0,0,0,0,0,0,0,0,0,0,0,0,0,0,0,0,0,0,0,0,0,0,0,0,0,0,0,0,0,0,0,0,0,0,0,0,0,0,0,0,0,0,0,0,0,0,0,0,0,0,0,0,0,0,0,0,0,0,0,0,0,0,0,0,0,0,0,0,0,0,0,0,0,0,0,0,0,0,0,0,0,0,0,0,0,0,0,0,0,0,0,0,0,0,0,0,0,0,0,0,0,0,0,0,0,0,0,0,0,0,0,0,0,0,0,0,0,0,0,0,0,0,0,0,0,0,0
0,0,0,0,0,0,0,0,0,0,0,0,0,0,0,0,0,0,0,0,0,0,0,0,0,0,0,0,0,0,0,0,0,0,0,0,0,0,0,0,0,0,0,0,0,0,0,0,0,0,0,0,0,0,0,0,0,0,0,0,0,0,0,0,0,0,0,0,0,0,0,0,0,0,0,0,0,0,0,0,0,0,0,0,0,0,0,0,0,0,0,0,0,0,0,0,0,0,0,0,0,0,0,0,0,0,0,0,0,0,0,0,0,0,0,0,0,0,0,0,0,0,0,0,0,0,0,0,0,0,0,0,0,0,0,0,0,0,0,0,0,0,0,0,0,0,0,0,0,0,0,0,0,0,0,0,0,0,0,0,0,0,0,0,0,0,0,0,0,0,0,0,0,0,0,0,0,0,0,0,0,0,0,0,0,0,0,0,0,0,0,0,0,0,0,0,0,0
0,0,0,0,0,0,0,0,0,0,0,0,0,0,0,0,0,0,0,0,0,0,0,0,0,0,0,0,0,0,0,0,0,0,0,0,0,0,0,0,0,0,0,0,0,0,0,0,0,0,0,0,0,0,0,0,0,0,0,0,0,0,0,0,0,0,0,0,0,0,0,0,0,0,0,0,0,0,0,0,0,0,0,0,0,0,0,0,0,0,0,0,0,0,0,0,0,0,0,0,0,0,0,0,0,0,0,0,0,0,0,0,0,0,0,0,0,0,0,0,0,0,0,0,0,0,0,0,0,0,0,0,0,0,0,0,0,0,0,0,0,0,0,0,0,0,0,0,0,0,0,0,0,0,0,0,0,0,0,0,0,0,0,0,0,0,0,0,0,0,0,0,0,0,0,0,0,0,0,0,0,0,0,0,0,0,0,0,0,0,0,0,0,0,0,0,0,0
0,0,0,0,0,0,0,0,0,0,0,0,0,0,0,0,0,0,0,0,0,0,0,0,0,0,0,0,0,0,0,0,0,0,0,0,0,0,0,0,0,0,0,0,0,0,0,0,0,0,0,0,0,0,0,0,0,0,0,0,0,0,0,0,0,0,0,0,0,0,0,0,0,0,0,0,0,0,0,0,0,0,0,0,0,0,0,0,0,0,0,0,0,0,0,0,0,0,0,0,0,0,0,0,0,0,0,0,0,0,0,0,0,0,0,0,0,0,0,0,0,0,0,0,0,0,0,0,0,0,0,0,0,0,0,0,0,0,0,0,0,0,0,0,0,0,0,0,0,0,0,0,0,0,0,0,0,0,0,0,0,0,0,0,0,0,0,0,0,0,0,0,0,0,0,0,0,0,0,0,0,0,0,0,0,0,0,0,0,0,0,0,0,0,0,0,0,0
0,0,0,0,0,0,0,0,0,0,0,0,0,0,0,0,0,0,0,0,0,0,0,0,0,0,0,0,0,0,0,0,0,0,0,0,0,0,0,0,0,0,0,0,0,0,0,0,0,0,0,0,0,0,0,0,0,0,0,0,0,0,0,0,0,0,0,0,0,0,0,0,0,0,0,0,0,0,0,0,0,0,0,0,0,0,0,0,0,0,0,0,0,0,0,0,0,0,0,0,0,0,0,0,0,0,0,0,0,0,0,0,0,0,0,0,0,0,0,0,0,0,0,0,0,0,0,0,0,0,0,0,0,0,0,0,0,0,0,0,0,0,0,0,0,0,0,0,0,0,0,0,0,0,0,0,0,0,0,0,0,0,0,0,0,0,0,0,0,0,0,0,0,0,0,0,0,0,0,0,0,0,0,0,0,0,0,0,0,0,0,0,0,0,0,0,0,0
0,0,0,0,0,0,0,0,0,0,0,0,0,0,0,0,0,0,0,0,0,0,0,0,0,0,0,0,0,0,0,0,0,0,0,0,0,0,0,0,0,0,0,0,0,0,0,0,0,0,0,0,0,0,0,0,0,0,0,0,0,0,0,0,0,0,0,0,0,0,0,0,0,0,0,0,0,0,0,0,0,0,0,0,0,0,0,0,0,0,0,0,0,0,0,0,0,0,0,0,0,0,0,0,0,0,0,0,0,0,0,0,0,0,0,0,0,0,0,0,0,0,0,0,0,0,0,0,0,0,0,0,0,0,0,0,0,0,0,0,0,0,0,0,0,0,0,0,0,0,0,0,0,0,0,0,0,0,0,0,0,0,0,0,0,0,0,0,0,0,0,0,0,0,0,0,0,0,0,0,0,0,0,0,0,0,0,0,0,0,0,0,0,0,0,0,0,0
0,0,0,0,0,0,0,0,0,0,0,0,0,0,0,0,0,0,0,0,0,0,0,0,0,0,0,0,0,0,0,0,0,0,0,0,0,0,0,0,0,0,0,0,0,0,0,0,0,0,0,0,0,0,0,0,0,0,0,0,0,0,0,0,0,0,0,0,0,0,0,0,0,0,0,0,0,0,0,0,0,0,0,0,0,0,0,0,0,0,0,0,0,0,0,0,0,0,0,0,0,0,0,0,0,0,0,0,0,0,0,0,0,0,0,0,0,0,0,0,0,0,0,0,0,0,0,0,0,0,0,0,0,0,0,0,0,0,0,0,0,0,0,0,0,0,0,0,0,0,0,0,0,0,0,0,0,0,0,0,0,0,0,0,0,0,0,0,0,0,0,0,0,0,0,0,0,0,0,0,0,0,0,0,0,0,0,0,0,0,0,0,0,0,0,0,0,0
0,0,0,0,0,0,0,0,0,0,0,0,0,0,0,0,0,0,0,0,0,0,0,0,0,0,0,0,0,0,0,0,0,0,0,0,0,0,0,0,0,0,0,0,0,0,0,0,0,0,0,0,0,0,0,0,0,0,0,0,0,0,0,0,0,0,0,0,0,0,0,0,0,0,0,0,0,0,0,0,0,0,0,0,0,0,0,0,0,0,0,0,0,0,0,0,0,0,0,0,0,0,0,0,0,0,0,0,0,0,0,0,0,0,0,0,0,0,0,0,0,0,0,0,0,0,0,0,0,0,0,0,0,0,0,0,0,0,0,0,0,0,0,0,0,0,0,0,0,0,0,0,0,0,0,0,0,0,0,0,0,0,0,0,0,0,0,0,0,0,0,0,0,0,0,0,0,0,0,0,0,0,0,0,0,0,0,0,0,0,0,0,0,0,0,0,0,0
0,0,0,0,0,0,0,0,0,0,0,0,0,0,0,0,0,0,0,0,0,0,0,0,0,0,0,0,0,0,0,0,0,0,0,0,0,0,0,0,0,0,0,0,0,0,0,0,0,0,0,0,0,0,0,0,0,0,0,0,0,0,0,0,0,0,0,0,0,0,0,0,0,0,0,0,0,0,0,0,0,0,0,0,0,0,0,0,0,0,0,0,0,0,0,0,0,0,0,0,0,0,0,0,0,0,0,0,0,0,0,0,0,0,0,0,0,0,0,0,0,0,0,0,0,0,0,0,0,0,0,0,0,0,0,0,0,0,0,0,0,0,0,0,0,0,0,0,0,0,0,0,0,0,0,0,0,0,0,0,0,0,0,0,0,0,0,0,0,0,0,0,0,0,0,0,0,0,0,0,0,0,0,0,0,0,0,0,0,0,0,0,0,0,0,0,0,0
0,0,0,0,0,0,0,0,0,0,0,0,0,0,0,0,0,0,0,0,0,0,0,0,0,0,0,0,0,0,0,0,0,0,0,0,0,0,0,0,0,0,0,0,0,0,0,0,0,0,0,0,0,0,0,0,0,0,0,0,0,0,0,0,0,0,0,0,0,0,0,0,0,0,0,0,0,0,0,0,0,0,0,0,0,0,0,0,0,0,0,0,0,0,0,0,0,0,0,0,0,0,0,0,0,0,0,0,0,0,0,0,0,0,0,0,0,0,0,0,0,0,0,0,0,0,0,0,0,0,0,0,0,0,0,0,0,0,0,0,0,0,0,0,0,0,0,0,0,0,0,0,0,0,0,0,0,0,0,0,0,0,0,0,0,0,0,0,0,0,0,0,0,0,0,0,0,0,0,0,0,0,0,0,0,0,0,0,0,0,0,0,0,0,0,0,0,0
0,0,0,0,0,0,0,0,0,0,0,0,0,0,0,0,0,0,0,0,0,0,0,0,0,0,0,0,0,0,0,0,0,0,0,0,0,0,0,0,0,0,0,0,0,0,0,0,0,0,0,0,0,0,0,0,0,0,0,0,0,0,0,0,0,0,0,0,0,0,0,0,0,0,0,0,0,0,0,0,0,0,0,0,0,0,0,0,0,0,0,0,0,0,0,0,0,0,0,0,0,0,0,0,0,0,0,0,0,0,0,0,0,0,0,0,0,0,0,0,0,0,0,0,0,0,0,0,0,0,0,0,0,0,0,0,0,0,0,0,0,0,0,0,0,0,0,0,0,0,0,0,0,0,0,0,0,0,0,0,0,0,0,0,0,0,0,0,0,0,0,0,0,0,0,0,0,0,0,0,0,0,0,0,0,0,0,0,0,0,0,0,0,0,0,0,0,0
